1635266116161014 1606417097502930 0.6800154839372644 0.7331977506801858 2.7477216501111557e-06 -2.7453034531583334 0.7331977506843497 -0.6800154839254333 -4.1874560185782495e-06 -1.8967170035464802 -1.201740066298553e-06 4.862158264296785e-06 -0.9999999999874576 0.3649832238449287
1635266116410140 1606417097502930 0.6798043654482697 0.7333934991103891 1.3585311126125727e-05 -2.752928271472816 0.7333934992307206 -0.6798043652548369 -1.6463688740548217e-05 -1.8979929213441324 -2.8390084868031722e-06 2.115546634208637e-05 -0.9999999997721931 0.3644106397578976
1635266116658983 1606417097502930 0.6799592251224272 0.7332499247134348 9.116808028063366e-06 -2.756426248546699 0.7332499247685627 -0.6799592250939873 -6.398991320339346e-06 -1.8993093568772854 1.5069978182083947e-06 1.1035951980425342e-05 -0.9999999999379684 0.3650390223268377
1635266116907772 1606417097502930 0.6800212189688397 0.7331924315619854 -7.538060403543493e-06 -2.753134102296664 0.733192431600507 -0.6800212189408029 6.202118238805672e-06 -1.9015954721142103 -5.786948717213217e-07 -9.744420841745277e-06 -0.9999999999523557 0.36500690381030193
1635266117156731 1606417097502930 0.6799465335093702 0.7332616937534837 6.843175282518935e-06 -2.7536278235607097 0.7332616937767594 -0.6799465335170803 -1.4865391430427458e-06 -1.9010920604894928 3.5629711017323867e-06 6.028605435695413e-06 -0.9999999999754806 0.3650680240173119
1635266117405677 1606417097502930 0.6800575545175314 0.7331587294008098 -7.175697752136474e-06 -2.7507588423158675 0.7331587294274488 -0.6800575545241613 1.8472272477058058e-06 -1.8958630163882537 -3.525576683471929e-06 -6.517146291410243e-06 -0.9999999999725485 0.3649527364372097
1635266117654442 1606417097502930 0.6800393439631461 0.7331756206137516 2.0687222322584873e-06 -2.7528960281274433 0.7331756206165622 -0.6800393439618707 -1.3759669053464858e-06 -1.8941829967447312 3.979871198922119e-07 2.4524483381407293e-06 -0.9999999999969136 0.36502214946704314
1635266117903429 1606417097502930 0.6799887929680672 0.7332225038027769 3.687117329146999e-05 -2.7543398897532305 0.7332225047025647 -0.6799887925167452 -2.5569166093605546e-05 -1.8985223673684772 6.324096621824008e-06 4.4421520421185855e-05 -0.9999999989933671 0.3652173417434023
1635266118152076 1606417097502930 0.679937770966688 0.7332698191091915 9.44026253447031e-07 -2.755148928561331 0.733269819109705 -0.6799377709666897 -3.684121721519754e-07 -1.9045934818327526 3.7173357967051914e-07 9.427233112278047e-07 -0.9999999999994865 0.3650252313039543
1635266118401098 1606417097502930 0.6798919962585555 0.7333122618813102 -1.5933737661287994e-06 -2.757838042634657 0.7333122618827486 -0.6798919962586205 5.838118360971435e-07 -1.9012629809435735 -6.552056925964893e-07 -1.5653695151445063e-06 -0.9999999999985602 0.3649841879986285
1635266118649901 1606417097502930 0.6799759360248313 0.733234428005422 4.379706627183854e-06 -2.7568335618722317 0.7332344280177311 -0.6799759360206494 -2.611171328631266e-06 -1.902104448801131 1.0634943977396418e-06 4.986885351964745e-06 -0.999999999987 0.3650189072654437
1635266118898739 1606417097502930 0.6800506108536928 0.7331651220465729 -0.00026551161679132923 -2.756154685700438 0.7331651682750192 -0.6800505902603291 0.00017526923960497438 -1.8986126064376603 -5.2060038273797285e-05 -0.00031385582266031377 -0.9999999493921362 0.36336906765453
1635266119147275 1606417097502930 0.680170964307281 0.7330535167011839 3.114155228971189e-05 -2.752807858050307 0.7330535173329229 -0.6801709640485867 -1.9887489211103466e-05 -1.8965159004968757 6.602985738292775e-06 3.635531715546597e-05 -0.9999999993173457 0.36519830597979497
1635266119396495 1606417097502930 0.6801669800901383 0.7330572141367787 1.245745663098189e-06 -2.7541362526845052 0.7330572141378338 -0.6801669800889875 -1.2533035260707226e-06 -1.9000733444149764 -7.14281256604999e-08 1.765658519774954e-06 -0.9999999999984387 0.3650039078745884
1635266119645479 1606417097502930 0.6802504742835777 0.7329797350827068 1.412509519554459e-05 -2.7562363723285985 0.7329797352139803 -0.6802504742227271 -9.4796613833675e-06 -1.8973430040124366 2.6602030157491612e-06 1.6801952688348607e-05 -0.9999999998553089 0.3651026419645479
1635266119894298 1606417097502930 0.6802460919324388 0.732983802279221 3.3771903058479485e-06 -2.75827381740166 0.7329838022867069 -0.6802460919290737 -2.238207273271692e-06 -1.896033695977227 6.567508298004999e-07 3.997957541995165e-06 -0.9999999999917925 0.36500763851514656
1635266120143077 1606417097502930 0.680320896263961 0.7329143677799624 -8.725115702429885e-05 -2.757169800922448 0.7329143727756972 -0.6803208940250588 5.7759994052060874e-05 -1.8957245733810877 -1.7025655627808595e-05 -0.00010324295794588718 -0.9999999945255094 0.36444647294736054
1635266120391791 1606417097502930 0.6803212190548823 0.7329140733447241 -1.1784805654568298e-06 -2.75764723645511 0.7329140733455736 -0.6803212190547433 5.76836231694594e-07 -1.8989661507418376 -3.789739426989565e-07 -1.2561589199262476e-06 -0.9999999999991392 0.36499847641940736
1635266120640860 1606417097502930 0.6802148112797034 0.7330128310747016 -1.8444886051326338e-07 -2.7540148648780485 0.733012831074643 -0.6802148112797248 -3.0129117197040015e-07 -1.893915849043305 -3.4631514178785875e-07 6.973933624858953e-08 -0.9999999999999376 0.36498757013065736
1635266120889638 1606417097502930 0.680307671429401 0.7329266481128104 -2.6170446296006826e-05 -2.7515577725764677 0.7329266485634227 -0.6803076712207439 1.7557415412773643e-05 -1.8903486879510034 -4.935657746422996e-06 -3.1125461890854785e-05 -0.9999999995034224 0.3648419454678409
1635266121138433 1606417097502930 0.6803278379186322 0.7329079293858785 -8.540137398659483e-07 -2.7491035208268135 0.7329079293863421 -0.6803278379184942 4.876198422792598e-07 -1.8858397852437816 -2.236288722628156e-07 -9.576547947745761e-07 -0.9999999999995165 0.364998456396238
1635266121387313 1606417097502930 0.6804911699365404 0.7327562812032007 3.466067127497732e-07 -2.7450144600372552 0.7327562812032824 -0.6804911699364781 -2.921786198162795e-07 -1.8832596129297987 2.1767088563201108e-08 4.528032167028317e-07 -0.9999999999998972 0.364997612179192
1635266121636477 1606417097502930 0.6806180359645275 0.7326384436562567 1.092142984034349e-06 -2.7462387995667985 0.7326384436569899 -0.6806180359643963 -5.451151300406375e-07 -1.8810354532390394 3.439599122985267e-07 1.1711611252540205e-06 -0.999999999999255 0.36500079396673335
1635266121885212 1606417097502930 0.6805145309317685 0.7327345857768481 -1.26949497323124e-06 -2.747523323831971 0.7327345857777521 -0.680514530931832 4.478095010463913e-07 -1.8793380802493809 -5.357842669714125e-07 -1.2349437459061486e-06 -0.999999999999094 0.36497998257619946
1635266122134048 1606417097502930 0.6806063543985913 0.7326492956083414 -1.1514653143246962e-06 -2.7458396927413893 0.7326492956092457 -0.6806063543976899 1.1080587986807516e-06 -1.880697521642108 2.8123888548217106e-08 -1.5977721108842865e-06 -0.9999999999987231 0.3650136218503848
1635266122383122 1606417097502930 0.680592974688758 0.73266172467843 4.234008700339768e-08 -2.7449157731447476 0.732661724678431 -0.6805929746887555 -6.026428923052206e-08 -1.8792210868627686 -1.5336972321893363e-08 7.203641304168871e-08 -0.9999999999999973 0.3649981263434458
1635266122631962 1606417097502930 0.6804668926802036 0.7327788260194897 1.0397717902385146e-05 -2.744304941368212 0.7327788260901773 -0.6804668926499894 -6.755404617852835e-06 -1.8791940428840805 2.1250853265260648e-06 1.2216056707607068e-05 -0.9999999999231259 0.3650751385564761
1635266122880837 1606417097502930 0.6806814794897629 0.732579499770287 -6.395704829390697e-07 -2.7445551398490227 0.7325794997705065 -0.6806814794898005 1.9071933884874926e-07 -1.8785866669535582 -2.9562670471392936e-07 -5.983553461930478e-07 -0.9999999999997773 0.36499138422106764
1635266123129586 1606417097502930 0.6806402556654368 0.7326178009383785 1.0971269861451889e-05 -2.743301708824119 0.7326178010177271 -0.6806402556279252 -7.427546189016816e-06 -1.8768911355704854 2.0259353676917036e-06 1.3093234537298896e-05 -0.9999999999122314 0.3650729688155269
1635266123378448 1606417097502930 0.6807515947679345 0.7325143454057726 -3.63517806751602e-07 -2.7500743432678143 0.7325143454058627 -0.6807515947678634 3.114846418044128e-07 -1.8830298801116112 -1.9298358177362952e-08 -4.783256749090274e-07 -0.9999999999998854 0.36500464743919697
1635266123627507 1606417097502930 0.6806331901203383 0.7326243652179885 1.2872814304048286e-07 -2.7470561518220338 0.7326243652179482 -0.6806331901203458 2.5623939575609724e-07 -1.88521992355422 2.753438713149557e-07 -8.009566328705953e-08 -0.9999999999999589 0.3650089355452641
1635266123876226 1606417097502930 0.6805483445286106 0.7327031799976952 -2.8019606194616165e-05 -2.748944516393891 0.7327031805123898 -0.6805483443013753 1.8443176843886702e-05 -1.8809101442881406 -5.55532228093664e-06 -3.30815280443812e-05 -0.9999999994373755 0.3648210771212502
1635266124125119 1606417097502930 0.6805223951465798 0.7327272819463081 -5.884215304935991e-08 -2.7472845630076206 0.7327272819463103 -0.6805223951465791 3.4418858754078546e-08 -1.8877035061707883 -1.4823766106124067e-08 -6.653805506511617e-08 -0.9999999999999977 0.3649978371181322
1635266124374219 1606417097502930 0.680588182653149 0.732666176124791 -1.6256995169872946e-07 -2.7512405188809574 0.7326661761247608 -0.6805881826531679 -2.1197339091974977e-07 -1.8939595831394596 -2.659489217454365e-07 2.5157080032944573e-08 -0.9999999999999644 0.36499014209852104
1635266124622979 1606417097502930 0.6804620463787584 0.7327833248269561 -4.7937980707121786e-05 -2.7519011790788017 0.7327833263265519 -0.680462045753194 3.084863271132496e-05 -1.892335513175537 -1.0014612776656532e-05 -5.611947670255165e-05 -0.999999998375156 0.36469754240840696
1635266124871902 1606417097502930 0.6803542677507758 0.7328833947892186 -4.3597224467333834e-08 -2.747367948834227 0.7328833947892199 -0.6803542677507748 3.73783666996592e-08 -1.8911094853086114 -2.267573449912076e-09 -5.738221317654572e-08 -0.9999999999999983 0.36500101298096754
1635266125120798 1606417097502930 0.6803941304631334 0.7328463871750369 -6.346514433168832e-06 -2.747423577250488 0.7328463872016828 -0.6803941304499161 4.382863856725747e-06 -1.8947544074783573 -1.1061652262600124e-06 -7.633095016389243e-06 -0.9999999999702561 0.3649601478354699
1635266125369512 1606417097502930 0.6805317127251459 0.7327186280998316 -3.917391807022178e-06 -2.7472390146194283 0.7327186281097957 -0.680531712721243 2.460953609194943e-06 -1.8930110576506876 -8.627228034844111e-07 -4.545102925202255e-06 -0.9999999999892989 0.3649747719417202
1635266125618573 1606417097502930 0.6805647902149868 0.7326879051302104 1.9277922523757616e-08 -2.7480123993222736 0.7326879051302028 -0.6805647902149754 -1.6541256752506383e-07 -1.8903115053373711 -1.0807591228374077e-07 1.266986699855329e-07 -0.9999999999999861 0.3649916951017625
1635266125867526 1606417097502930 0.6810231439074546 0.7322618892712333 5.46607358338488e-05 -2.7364974484179108 0.7322618912486676 -0.6810231429284878 -3.7751754013948363e-05 -1.8736677778293802 9.58105539476673e-06 6.573579200519211e-05 -0.9999999977935045 0.3654034675168216
1635266126116441 1606417097502930 0.681590029958332 0.731734262470795 -1.386318118791796e-05 -2.719301533794504 0.7317342625979689 -0.6815900298959472 9.545398268106939e-06 -1.8483820796527701 -2.4643111186078822e-06 -1.66502129552906e-05 -0.9999999998583488 0.3649202733012613
1635266126365319 1606417097502930 0.682342152136377 0.7310329591215577 -1.0017091076503985e-05 -2.6807427259402243 0.7310329591879654 -0.6823421521040332 6.8839538494464984e-06 -1.8201034420904896 -1.8026863299417886e-06 -1.2020035616924188e-05 -0.9999999999261345 0.3649388532821674
1635266126614139 1606417097502930 0.6831089087206902 0.7303165196200136 1.0017735334541085e-06 -2.6284109644222573 0.7303165196205207 -0.6831089087208426 -2.345866940768696e-07 -1.798033639055611 5.129978872547066e-07 8.918600209894217e-07 -0.9999999999994708 0.3650019729099658
1635266126862757 1606417097502930 0.6843043988167894 0.7291964685627194 -3.4211153971984985e-07 -2.5290005079389193 0.7291964685627955 -0.6843043988167602 2.1463245373768487e-07 -1.7053002391530623 -7.759920421163303e-08 -3.9634045883894715e-07 -0.9999999999999184 0.3649915979700045
1635266127111504 1606417097502930 0.6863361470874904 0.727284465119899 -9.093422810079077e-07 -2.4004823005618756 0.7272844651204602 -0.6863361470867702 9.996124650813115e-07 -1.591998615683391 1.028881394635454e-07 -1.3474206823157835e-06 -0.999999999999087 0.3649988183267494
1635266127360685 1606417097502930 0.6932608373693345 0.7206867637003683 1.234642344770149e-06 -2.192616602597839 0.7206867637012427 -0.6932608373693623 -4.749340036502659e-07 -1.4019329340010678 5.136505357239053e-07 1.2190435408439466e-06 -0.999999999999125 0.3650159222963073
1635266127609221 1606417097502930 0.7078223348447299 0.7063904985604983 -7.643867833135196e-05 -1.9055794306120106 0.7063905025149025 -0.7078223329707247 5.3935979917512535e-05 -1.1600077712749308 -1.6005139881379642e-05 -9.217264763520512e-05 -0.9999999956240192 0.36450573890620946
1635266127858079 1606417097502930 0.7234721797906312 0.6903535336255471 -6.069743796862224e-05 -1.4957983121454486 0.6903535362111063 -0.7234721782690327 4.812429126422067e-05 -0.8660103826504467 -1.0690133135005097e-05 -7.671927684222626e-05 -0.9999999969999368 0.36464754546273787
1635266128106767 1606417097502930 0.7394171475627821 0.6732475629871447 -2.8748132520347482e-05 -1.0088643598826588 0.6732475635713263 -0.7394171472565838 2.2196259831077426e-05 -0.5206840197407944 -6.313284298433173e-06 -3.576690530732731e-05 -0.9999999993404355 0.36480845239234033
1635266128355509 1606417097502930 0.7547831199648241 0.6559744216207144 -3.538746024907733e-08 -0.4412775400160097 0.655974421620712 -0.7547831199648245 -6.110374395142277e-08 -0.11414941686729053 -6.679235075167543e-08 2.290680573162101e-08 -0.9999999999999976 0.36499472178236797
1635266128604037 1606417097502930 0.7665737157047544 0.6421563192788033 2.317670656216539e-06 0.2167492285767508 0.6421563192829347 -0.7665737157011416 -2.3674329294042942e-06 0.36711941015143357 2.5640339062114727e-07 3.3031187152739427e-06 -0.9999999999945118 0.365006203123804
1635266128852803 1606417104969727 0.7578753801217696 0.6523993455621362 -4.60417765027152e-05 0.06872030999050659 0.6523993471807294 -0.7578753779232347 5.779565679033953e-05 0.16313645105420793 2.8119198990926557e-06 -7.383953029261349e-05 -0.9999999972699084 0.3658698143177429
1635266129101774 1606417105591919 0.7465776325884057 0.6652983077868966 1.338092019649457e-05 -0.10077171298058779 0.6652983078874921 -0.7465776321960463 -2.512071627617824e-05 -0.09414020885449512 -6.722874312017977e-06 2.7656868451037826e-05 -0.9999999995949503 0.3651509209640784
1635266129350598 1606417106006592 0.7404114738774308 0.6721538874821859 2.996166205021794e-05 -0.09592962409360692 0.6721538880431296 -0.7404114722293925 -5.083377962299027e-05 -0.17977018166664532 -1.198416427993752e-05 5.7776761332578e-05 -0.9999999982591128 0.3649579223114595
1635266129599226 1606417106421387 0.7331256186185916 0.6800932487823653 1.7035872814016095e-05 -0.23081267821239693 0.6800932488200945 -0.7331256187685451 4.362678820832536e-06 -0.39582836151878265 1.545646321065728e-05 8.387590479194341e-06 -0.999999999845373 0.36547272866421066
1635266129848134 1606417106732422 0.7284266853495363 0.6851237579388013 1.956956993013164e-05 -0.23543285451001092 0.6851237580568719 -0.7284266855008013 9.008608653160672e-07 -0.43242894650291136 1.4872198142274087e-05 1.2751366199976756e-05 -0.9999999998081102 0.3644246052632302
1635266130097164 1606417107043579 0.7191646138208695 0.6948397309687759 8.061999872654775e-05 -0.21349076134588493 0.6948397355871849 -0.7191646104266777 -7.045169620745758e-05 -0.48862796932758507 9.026412337673269e-06 0.00010668434549401684 -0.9999999942684872 0.3641643099806023
1635266130345801 1606417107354736 0.7141158816488653 0.7000275046221207 -1.8811068034208543e-05 -0.2409431400249296 0.7000275048250849 -0.71411588166072 7.263880754428881e-06 -0.563545590671097 -8.34836611581452e-06 -1.8355517628182125e-05 -0.9999999997966899 0.36363472793115326
1635266130594699 1606417107665772 0.7105230479057192 0.7036739288860827 1.4326789974758776e-05 -0.281290768345919 0.703673928943201 -0.710523047992185 1.4141204643963765e-06 -0.6033078487167093 1.1174594183884542e-05 9.076623408193541e-06 -0.9999999998963717 0.36473547328563843
1635266130843378 1606417107665772 0.7016174809998094 0.7125537946355255 1.0510052400084583e-05 0.617542402517744 0.7125537945054736 -0.701617481075126 1.3788118404668517e-05 0.33608098270878456 1.7198812581007002e-05 -2.1850071846741434e-06 -0.9999999998497133 0.3648070903557465
1635266131091698 1606417107976807 0.6946615359840767 0.7193367420201507 4.481678082228017e-05 0.5911432748352035 0.719336743332431 -0.6946615355060627 -2.801280430749739e-05 0.3861630726416397 1.0981854397016336e-05 5.169777483069438e-05 -0.9999999986033695 0.3648924452557702
1635266131340580 1606417108495361 0.6915863323462373 0.722293807845465 -8.027682757209269e-06 -0.1484608621020313 0.7222938034049743 -0.6915863292476707 -0.00010375439580029928 -0.29529883288145037 -8.04929932735472e-05 6.59567765449483e-05 -0.9999999945852908 0.3653544339416338
1635266131589670 1606417108702881 0.6882288445544387 0.7254936640700578 -3.0363300917795914e-05 0.12085677238839272 0.7254936633337072 -0.6882288452240628 -3.269030961528404e-05 0.07468918063247927 -4.461351203012286e-05 4.7003160089745387e-07 -0.9999999990047068 0.3654857115291142
1635266131838267 1606417109117676 0.6888351809222314 0.7249179905099281 -2.3735004676659642e-05 -0.36376897712490297 0.724917990674316 -0.6888351811542556 -2.3156600162509648e-06 -0.39648216171313044 -1.8028169851788393e-05 -1.561082381256629e-05 -0.9999999997156437 0.36505622325391346
1635266132087351 1606417109325195 0.6845718546810364 0.7289453860081105 -7.198254139438602e-07 -0.1007569832785313 0.7289453859651792 -0.6845718546292894 1.157396567566009e-05 -0.07582991258784605 7.94401665843803e-06 -8.447924562777325e-06 -0.9999999999327626 0.3650684374452605
1635266132336135 1606417109532715 0.6808151008320058 0.7324553217197217 1.2962644224213227e-05 0.22561639638354586 0.7324553218163368 -0.6808151008329524 -5.02086818371246e-06 0.25176212613763604 5.147602313745536e-06 1.291284062556594e-05 -0.9999999999033804 0.3649777112849271
1635266132585020 1606417109947388 0.6800053399691275 0.7332071586999354 -7.007472401097183e-06 -0.3435600098824559 0.7332071587267782 -0.6800053399725944 2.242105304877337e-06 -0.3082056731431761 -3.1211909923546737e-06 -6.662572509139534e-06 -0.9999999999729341 0.3650269458606707
1635266132833920 1606417110154785 0.6817791117836737 0.7315580925257429 1.645268183955759e-07 -0.03226472352784657 0.7315580925236016 -0.6817791117810968 -2.5834054745897355e-06 0.04493785891577817 -1.7777402330974821e-06 1.881672815273181e-06 -0.9999999999966495 0.3650009701890038
1635266133082837 1606417110362061 0.683489091096143 0.7299607265850353 -6.939373813589523e-07 0.3042721898411122 0.7299607265796393 -0.683489091094238 -3.3110718880558555e-06 0.3388529985568627 -2.8912510712354013e-06 1.7565344802198554e-06 -0.9999999999942776 0.36500669869747604
1635266133331304 1606417110776978 0.6948135975604443 0.7191898668903661 -3.4345549772442332e-06 -0.30533124405168705 0.7191898668780236 -0.6948135974965779 1.0876580234652538e-05 -0.3055411089797977 5.435950791631144e-06 -1.0027292978840907e-05 -0.9999999999349519 0.3651207003480458
1635266133580498 1606417110984375 0.6974729351227689 0.7166111251475659 9.509729249932242e-06 0.014205161141104124 0.7166111251930425 -0.6974729351372693 -2.2427143048833626e-06 -0.0324742227852542 5.025624750892795e-06 8.379010306925217e-06 -0.9999999999522676 0.3649999456545111
1635266133829473 1606417111192017 0.6969532933863761 0.7171165222862373 -1.7505486975609935e-05 0.3349858606128484 0.7171165206186221 -0.6969532931185379 -5.542140987593968e-05 0.22872666185403054 -5.19441155056131e-05 2.607266022541003e-05 -0.9999999983110126 0.36491753172069585
1635266134078654 1606417111606934 0.699129954470707 0.7149946199796767 -1.289846916862867e-05 -0.34364445713932884 0.714994619864439 -0.6991299545896478 -1.2839360037469556e-05 -0.5620712842967186 -1.8197779514871494e-05 -2.45954861627195e-07 -0.9999999998343901 0.36502585128045745
1635266134327277 1606417111814331 0.6967141445686099 0.7173488696222801 -3.7593769386731713e-06 -0.06005633520223456 0.7173488696305359 -0.6967141445685449 1.542427484323395e-06 -0.3141482185208121 -1.5127524755812967e-06 -3.771415842763367e-06 -0.999999999991744 0.365071656440241
1635266134575886 1606417112021729 0.6936753685435891 0.720287777862726 -1.1914594782149852e-05 0.19412464062745088 0.7202877779464053 -0.6936753685406387 5.050218518220541e-06 -0.0600271353947404 -4.6272502522996024e-06 -1.2085149192591848e-05 -0.9999999999162689 0.36515112180675985
1635266134824789 1606417112229004 0.6912437863623584 0.7226216353111006 -4.5430071208084265e-07 0.4611755228509355 0.7226216353112206 -0.6912437863623582 1.8304305038631805e-07 0.1775113438127673 -1.817616759629794e-07 -4.548148947022488e-07 -0.9999999999998801 0.36500714116267646
1635266135073721 1606417112643555 0.6932805903809551 0.7206677618282408 -8.183772026561403e-06 -0.3344348439172759 0.720667761865861 -0.6932805903840105 2.9179093387063304e-06 -0.6347751984288239 -3.570807109791463e-06 -7.920710579001185e-06 -0.9999999999622559 0.36495682571095917
1635266135322380 1606417112851074 0.6903887854941464 0.723438542545493 -5.294896917439751e-06 -0.08457365399421025 0.7234385424206473 -0.6903887854841668 -1.4914825135772532e-05 -0.42312290029578603 -1.4445496810606961e-05 6.466495503109026e-06 -0.9999999998747561 0.36512750576248804
1635266135571766 1606417113058594 0.6901934369965588 0.7236249162049578 -1.3368275294783737e-05 0.1775398880262657 0.7236249162775283 -0.6901934370493656 8.883303293342961e-07 -0.23776398329043819 -8.583877912982805e-06 -1.0286736854131455e-05 -0.99999999991025 0.3651405328513368
1635266135820706 1606417113266113 0.6924085535079664 0.7215056444540988 7.372032056903039e-06 0.4696051635363257 0.7215056443890753 -0.6924085535456628 9.796637622855191e-06 -0.03929086917024886 1.2172787394746718e-05 -1.46431294600688e-06 -0.9999999999248396 0.364961057692414
1635266136069578 1606417113473633 0.6943328257089006 0.7196540327543328 1.6970106923574434e-05 0.7455760051956709 0.7196540329096934 -0.6943328257356027 -5.224234139700656e-06 0.20973773960948744 8.023261126574495e-06 1.5839963138806904e-05 -0.9999999998423614 0.3649770292075617
1635266136318553 1606417113888428 0.6935997963961996 0.7203605470139144 -6.891611000982599e-05 -0.08650057049019863 0.7203605501515139 -0.6935997950788811 4.534763644844606e-05 -0.6993687327729609 -1.5133551582623992e-05 -8.109755832849058e-05 -0.9999999965970808 0.36482293343016053
1635266136567289 1606417114095703 0.692396555601228 0.721517158014202 2.20710283359957e-05 0.17833940151692687 0.7215171583517755 -0.6923965552773702 -2.117725650600357e-05 -0.4345895429201936 2.1500625231257633e-09 3.058768510866141e-05 -0.9999999995321968 0.36510610525308446
1635266136816324 1606417114302979 0.6906090581684748 0.7232282671717672 -4.841322639242087e-05 0.4840478118896751 0.7232282687455701 -0.6906090573365545 3.487788124065853e-05 -0.16584780061648133 -8.209943029168486e-06 -5.9100794622569025e-05 -0.9999999982198464 0.3647691804632615
1635266137065227 1606417114510376 0.6912999165543475 0.7225679377797515 2.586764375931069e-05 0.7893817637972254 0.7225679382340342 -0.6912999162791038 -1.9828936432776415e-05 0.13871755086322296 3.55454625854435e-06 3.2398872119405045e-05 -0.9999999994688391 0.365150622490663
1635266137313703 1606417114924927 0.6882703339428808 0.7254543041287972 6.2947311167955374e-06 -0.08701574637365635 0.7254543041539806 -0.6882703339359623 -3.5509027279373877e-06 -0.7528239080737895 1.7564590202650896e-06 7.010520788511834e-06 -0.9999999999738838 0.36504793496471566
1635266137562839 1606417115132446 0.6862617107829652 0.727354702999444 -1.850119631869682e-05 0.21013598630103236 0.7273547032178987 -0.686261710718183 1.0649945816003836e-05 -0.45803663484541934 -4.950374460030841e-06 -2.076558219295218e-05 -0.9999999997721422 0.36498747802025466
1635266137811650 1606417115339844 0.6856601582416079 0.7279218002986654 7.38302354657477e-06 0.4838303787072434 0.7279218002552934 -0.6856601579790836 -2.1855358215119612e-05 -0.15884300146354163 -1.0846746606790214e-05 2.0359612163510356e-05 -0.9999999997339172 0.36478872968191567
1635266138060289 1606417115547363 0.6850317411416483 0.7285132174911972 7.465608277748118e-05 0.7757873276621138 0.7285132209832333 -0.6850317403309173 -3.995366143451008e-05 0.17060723275170642 2.2035015869090308e-05 8.175746958749713e-05 -0.9999999964150871 0.36561986216947145
1635266138308984 1606417115962158 0.6847831690824383 0.7287468763126108 4.01309193625472e-05 -0.09010978127238317 0.7287468773381026 -0.684783167156122 -5.247914776573332e-05 -0.7213405143046553 -1.0763036943830223e-05 6.518211928778232e-05 -0.9999999978177242 0.365559079657688
1635266138558042 1606417116169678 0.685270520160435 0.7282886201106232 -4.569109701235111e-06 0.20500675430150656 0.728288620124919 -0.6852705201449105 4.618559211322064e-06 -0.44655183132953663 2.3256793334802865e-07 -6.492593072631837e-06 -0.9999999999788961 0.3649797691485095
1635266138806912 1606417116377197 0.6858663177615254 0.727727554876313 -6.2011946727616505e-06 0.503399285228627 0.7277275549027074 -0.6858663177389178 5.572316361740279e-06 -0.15029535607325034 -1.9806239486224742e-07 -8.334644341095025e-06 -0.9999999999652472 0.36499063247813035
1635266139055791 1606417116584717 0.6895956129821814 0.7241946496337788 -1.4154631293269651e-06 0.7751979568018645 0.7241946496351618 -0.6895956129809264 1.3158417553847454e-06 0.09823645116479103 -2.317160530573038e-08 -1.9324695269022094e-06 -0.9999999999981325 0.3649868466618833
1635266139304691 1606417116999512 0.6905486256851457 0.7232859707273419 1.0854898622167947e-05 -0.0642233916638582 0.7232859708084171 -0.6905486256223752 -9.340249538771533e-06 -0.7833084770533 7.401638703206417e-07 1.430109237048476e-05 -0.9999999998974655 0.365315102051751
1635266139553845 1606417117206787 0.6936285963730405 0.7203328191126552 -2.691831317004164e-06 0.2520718204277906 0.720332819116856 -0.6936285963730683 1.0750097460379253e-06 -0.5462135093428921 -1.092766377147152e-06 -2.6846719423902776e-06 -0.9999999999957992 0.3649904707065092
1635266139802984 1606417117414307 0.6953869265068691 0.7186355281481731 -1.1445191772884788e-05 0.5154986534582152 0.7186355282364932 -0.6953869264605631 8.273674057924391e-06 -0.3045992459945943 -2.0130806033511785e-06 -1.3978326209503482e-05 -0.999999999900277 0.3648467796680387
1635266140052056 1606417117621826 0.6990154961263697 0.7151065207057425 -1.495988780991363e-05 0.7710200772030119 0.7151065208588175 -0.6990154960346324 1.1537771177693522e-05 -0.09534396353333122 -2.206457994484893e-06 -1.8762994168111642e-05 -0.9999999998215408 0.3647943355039437
1635266140300600 1606417118036621 0.6801335618965411 0.7330882197619453 -5.714124694120442e-06 -0.055296407809344555 0.7330882197840546 -0.680133561870573 5.963138369406869e-06 -0.9818777801870767 4.85138510236881e-07 -8.244688038885073e-06 -0.9999999999658948 0.36498730401329393
1635266140549700 1606417118244019 0.6785620740798639 0.7345430629118245 -1.878867826268403e-05 0.20307564131511616 0.7345430629568668 -0.6785620742672818 -5.700363480629346e-06 -0.7062810501093612 -1.69364469454019e-05 -9.933042813535775e-06 -0.9999999998072457 0.3647360152290185
1635266140798928 1606417118451172 0.6787186091033363 0.734398425334933 -5.026797127988174e-05 0.42321590339778414 0.734398426446536 -0.6787186097377688 5.740024600280271e-06 -0.373561238255644 -2.9902342553522094e-05 -4.0812580521435544e-05 -0.9999999987200916 0.36444494807172684
1635266141047835 1606417118658692 0.6847645874652287 0.7287643374031139 1.6954090058378927e-05 0.6890457774525931 0.7287643375995131 -0.6847645873138943 -1.4437478810074186e-05 -0.1251767787801221 1.0880408033105162e-06 2.2241810432365788e-05 -0.999999999752059 0.3652382711773196
1635266141296830 1606417118865967 0.6923742682191129 0.7215385454310382 1.3029784610029703e-05 0.9503922820788175 0.7215385454435319 -0.6923742676970135 -2.9575705692307667e-05 0.1338657365241191 -1.2318524087677581e-05 2.9878949420671978e-05 -0.9999999994777512 0.3654191875545413
1635266141545974 1606417119280518 0.6667536792822908 0.7452781568994216 -4.073669266548386e-06 0.1296504539551966 0.7452781569019525 -0.6667536792908968 -1.1602106424155846e-06 -0.649183098341818 -3.5808136208719615e-06 -2.262442008223212e-06 -0.9999999999910296 0.36505567987749377
1635266141794731 1606417119488037 0.672503942322841 0.7400935397370297 2.0533631738144893e-06 0.38828117128329215 0.740093539730878 -0.6725039422983915 -6.797571093859736e-06 -0.39588800619730713 -3.6499436231000447e-06 6.091074178488247e-06 -0.9999999999747884 0.36510586770483894
1635266142043192 1606417119695313 0.6750522649139875 0.7377699096564732 6.666393676178053e-06 0.654078106692438 0.7377699096865296 -0.6750522648900766 -5.689780122763098e-06 -0.11651647977071194 3.024155826161159e-07 8.75916361912299e-06 -0.9999999999615928 0.36511151239204737
1635266142292600 1606417119902832 0.6774612931574496 0.7355584247711751 5.1038596465183e-06 0.86419796130323 0.7355584247840355 -0.6774612931114877 -8.330958871331956e-06 0.20480212944650306 -2.6702396282346167e-06 9.398089132104887e-06 -0.9999999999522728 0.3651721568353752
1635266142541331 1606417120317871 0.643072273161186 0.7658054919465404 5.367046264696706e-07 0.03901375157747048 0.7658054919160456 -0.6430722731415364 8.500968729962295e-06 -0.4896309995224666 6.855228404405056e-06 -5.055725934750502e-06 -0.9999999999637227 0.36491557418967346
1635266142790350 1606417120525147 0.6483453850339528 0.761346347978126 1.1402263288167315e-05 0.21371231613805736 0.7613463480505159 -0.6483453850376732 -3.867767071056672e-06 -0.13692941571645617 4.447894447478791e-06 1.118872044483755e-05 -0.9999999999275144 0.3651972033801425
1635266143039057 1606417120732544 0.6568234537027509 0.7540443956884747 -1.1220194330981162e-06 0.3942999790361697 0.7540443956889138 -0.6568234537001545 2.001942247891068e-06 0.18115956360559055 7.725846533463274e-07 -2.1609750867501216e-06 -0.9999999999973667 0.3650244883570515
1635266143288259 1606417120939819 0.6706285598140249 0.7417933234223874 -9.602183290039629e-06 0.5685506075867738 0.7417933234781378 -0.6706285598058164 4.527823447525317e-06 0.4735222236762817 -3.080789147774276e-06 -1.015932317304812e-05 -0.9999999999436484 0.3649250647731611
1635266143537072 1606417121354492 0.6407995780457775 0.7677082132210222 -1.1567395242338308e-05 -0.2707601534909147 0.7677082132911333 -0.6407995780591933 2.99356530458443e-06 -0.2456573654685516 -5.11419731937994e-06 -1.0798659717933964e-05 -0.999999999928617 0.364851552865153
1635266143785862 1606417121562012 0.6567668284525309 0.7540937159717226 2.4100387420195147e-05 -0.06330493826963796 0.7540937163271627 -0.6567668278077349 -2.986167508019289e-05 0.013444292204061003 -6.690166531448784e-06 3.778610834923326e-05 -0.9999999992637258 0.36542519790691186
1635266144034775 1606417121769409 0.6694999929705808 0.742812061975681 5.431366976405167e-07 0.13340492560350412 0.7428120619689859 -0.6694999929673386 3.818734568939048e-06 0.3265764877772621 3.2002321145349078e-06 -2.153194276751028e-06 -0.9999999999925612 0.36492921250677307
1635266144283562 1606417121976807 0.6808375517725421 0.7324344531085571 -6.366540817754838e-07 0.3420205667452699 0.73243445310787 -0.680837551769979 2.2140881919235723e-06 0.5675382662156087 1.188216467622784e-06 -1.973741768197353e-06 -0.9999999999973462 0.36495892347063924
1635266144532563 1606417122391602 0.6570668757451952 0.753832289572921 -4.018898402349368e-07 -0.456655670024445 0.7538322895616661 -0.6570668757322712 5.840728397752396e-06 -0.1864116034417691 4.138861159130312e-06 -4.140706698794039e-06 -0.9999999999828622 0.36489852415471685
1635266144780892 1606417122599121 0.6699507990862068 0.7424055002487684 -2.9316130714571535e-06 -0.19028098469290836 0.7424055002203426 -0.669950799012198 1.2246061158889411e-05 0.09228147163039187 7.127506641109068e-06 -1.0380704127800988e-05 -0.9999999999207199 0.3646615032065042
1635266145029713 1606417122806397 0.6736490029215161 0.7390514329666196 -1.724236336569512e-05 0.08312218294366736 0.7390514330990796 -0.6736490029936361 2.08388571357971e-06 0.35739849132122764 -1.0075202167772262e-05 -1.4146800888555822e-05 -0.9999999998491792 0.3645812992407101
1635266145278373 1606417123013672 0.6766625863933051 0.7362932459872275 -9.673705030472829e-06 0.3099029194711397 0.7362932459800604 -0.6766625864520062 -4.969222923636382e-06 0.6898516802774567 -1.0204639542949067e-05 -3.7601964416595114e-06 -0.9999999999408631 0.3650305733900244
1635266145527197 1606417123428223 0.665565851975411 0.7463391298118466 6.376184031547384e-07 -0.4602396171097313 0.7463391298115867 -0.6655658519736729 -1.7630024788634633e-06 -0.09270669074954441 -8.914207001993248e-07 1.6492738110381978e-06 -0.9999999999982426 0.3650833262059861
1635266145775817 1606417123635742 0.6676298104791776 0.7444934090601801 5.473069281569238e-06 -0.2135045009736634 0.7444934090673193 -0.6676298104929062 9.966381886598274e-07 0.25644922785321494 4.395974769933739e-06 3.409278642478196e-06 -0.9999999999845262 0.3650819850249097
1635266146024727 1606417123843140 0.6718788215677555 0.7406610892387261 4.57098779816806e-06 0.03877266967440879 0.7406610892428183 -0.6718788215779677 1.05323975227722e-06 0.5553582535190996 3.851243597423003e-06 2.6779033179124653e-06 -0.9999999999889984 0.3650730496940864
1635266146273014 1606417124258301 0.6785305413244458 0.734572190475294 -3.840245767550127e-05 -0.7508769787460489 0.7345721913123382 -0.678530541357158 1.4163951288752876e-05 -0.18450249769723012 -1.56527956720042e-05 -3.782005102163821e-05 -0.9999999991623169 0.36458017676170396
1635266146522125 1606417124465943 0.6874952390142957 0.7261888847518506 -7.286817870610482e-08 -0.4517715971516136 0.7261888847269178 -0.6874952389915162 -8.218210845815347e-06 0.15153143616094564 -6.018069894699153e-06 5.59706476827459e-06 -0.9999999999662279 0.3650954882065563
1635266146770828 1606417124673462 0.6948295453542707 0.719174459281166 -4.988568005098317e-06 -0.12076870664942693 0.7191744590267256 -0.6948295452656971 -2.2670398403127747e-05 0.4229099204126548 -1.977017595172335e-05 1.2164411919033636e-05 -0.9999999997305836 0.36543316733993125
1635266147019353 1606417124880860 0.6974680368836284 0.7166158923009287 2.0782371126173855e-05 0.2280413370020662 0.7166158925269999 -0.6974680369374202 -5.732230242025735e-06 0.6680133276155151 1.0387232302490609e-05 1.8891024807238884e-05 -0.9999999997676173 0.36473150259626547
1635266147268470 1606417125295654 0.7068439960793257 0.7073694686671316 2.9420749817606097e-06 -0.5257798355358076 0.7073694686723121 -0.7068439960790474 -1.3116034021584472e-06 -0.2910751254553549 1.1517998351824628e-06 3.0082330066883044e-06 -0.9999999999948119 0.3650887363087128
1635266147517613 1606417125502930 0.7028756944327362 0.7113127005844895 -1.2936953576889347e-05 -0.2049144617197299 0.7113127006905091 -0.7028756944089816 7.066247490160254e-06 -0.04405488393181694 -4.066758643659515e-06 -1.4168912999133236e-05 -0.9999999998913517 0.36477068775580723
1635266147766696 1606417125710205 0.6967336070021717 0.7173299665208587 -3.064777997219925e-06 0.06485212174981167 0.71732996651978 -0.6967336070081063 -1.6342738101772872e-06 0.19991103854681977 -3.30764740621512e-06 -1.0598036115399635e-06 -0.9999999999939682 0.365037051622097
1635266148015678 1606417125917725 0.6894037292138435 0.7243773175289394 2.9887068629350213e-07 0.2984847230834157 0.7243773175094349 -0.6894037291921309 -7.634412795549001e-06 0.44872886658451955 -5.324152896059579e-06 5.479687797616601e-06 -0.9999999999708132 0.3652290482203325
1635266148264794 1606417126125000 0.684540229989886 0.7289750842997412 -2.116373209048079e-07 0.5126526206665273 0.7289750842875432 -0.6845402299766921 5.991031937620025e-06 0.6916322767343489 4.222438751435732e-06 -4.255380714290648e-06 -0.9999999999820314 0.3648637026320365
1635266148513602 1606417126539795 0.696631074054026 0.7174295412420898 4.468145037511924e-06 -0.3451326101827739 0.7174295410326171 -0.6966310739790234 2.0616170177529966e-05 -0.22957624902098653 1.790329818877019e-05 -1.1156285530099013e-05 -0.9999999997775046 0.3647264129213304
1635266148762496 1606417126747437 0.6960703904961997 0.7179735451027216 -3.4005882380491076e-06 -0.0881898706472817 0.7179735451074256 -0.6960703904996121 2.424362003613386e-07 -0.020593504516841034 -2.1929860045476623e-06 -2.610285053372841e-06 -0.9999999999941886 0.3650454080142407
1635266149011685 1606417126954834 0.696988612316967 0.7170821949376114 2.896854693130684e-06 0.21932055240872625 0.717082194879772 -0.6969886123032164 1.0512430255477444e-05 0.23563975758824646 9.557351294314193e-06 -5.249761254234485e-06 -0.9999999999405486 0.36498316349376597
1635266149259845 1606417127162354 0.6962821971081122 0.7177681394304491 -3.6492245754381558e-06 0.4671550512133277 0.7177681394389169 -0.696282197105961 2.0388398890396204e-06 0.3889065386773576 -1.077475791364191e-06 -4.038905051390166e-06 -0.9999999999912631 0.3649299814058977
1635266149508957 1606417127577393 0.7116191252503868 0.7025654564368758 1.996022574751423e-06 -0.36191750058729705 0.7025654558499944 -0.7116191247666039 3.8950840887227286e-05 -0.5246921624401286 2.8785923144129708e-05 -2.631582680975979e-05 -0.999999999239424 0.36436445253585265
1635266149758044 1606417127784668 0.709802987916807 0.7044002543625068 -1.6955279124558146e-06 -0.0727517535988417 0.7044002543632543 -0.7098029879088353 3.6246876366461123e-06 -0.3213513439301599 1.3497401148911782e-06 -3.76714440756198e-06 -0.9999999999919934 0.36501194272739323
1635266150006568 1606417127992066 0.7071062751183059 0.70710728725696 9.397949572117142e-07 0.18397157573016995 0.7071072872418828 -0.7071062751108369 5.724404723514248e-06 -0.12322750685535797 4.712303206756489e-06 -3.383226638548668e-06 -0.999999999983174 0.36502946342868614
1635266150255323 1606417128199341 0.7053835588085303 0.7088258142591839 2.6236314541342964e-06 0.4395411806446425 0.7088258142639202 -0.7053835588057268 -2.0308133168235796e-06 0.06011040856125715 4.11173589205107e-07 3.2922000264945964e-06 -0.9999999999944962 0.3649857130121377
1635266150504226 1606417128406616 0.7021512961872233 0.712027778404876 6.847238187821668e-06 0.7192592140290471 0.7120277784308265 -0.7021512961904394 -2.326694968584954e-06 0.2159989889521384 3.1511257193892536e-06 6.509115683271074e-06 -0.9999999999738509 0.3649104639479216
1635266150753171 1606417128821533 0.71208048998992 0.702097839170292 3.547937209439296e-06 -0.07950657861519216 0.7020978391788142 -0.7120804899747074 -4.720840115212981e-06 -0.6924162477279282 -7.880747774606813e-07 5.852617190681304e-06 -0.999999999982563 0.365021113990146
1635266151001864 1606417129028809 0.7087689218147282 0.7054407242558693 -5.950457007447994e-06 0.16315928278199984 0.7054407241799001 -0.7087689218307541 -1.0948705383226184e-05 -0.5194970296028795 -1.1941161652749719e-05 3.562407409192909e-06 -0.999999999922359 0.3651424597228546
