1631149238737476 1606417097502930 0.6387054637509179 0.7694513178736643 1.2929602667612376e-06 -4.6942580924892825 0.7694513178740785 -0.6387054637472369 -2.3950599999420366e-06 -3.8833497529324186 -1.0170612865511376e-06 2.5246078891868695e-06 -0.999999999996296 0.36499179224742107
1631149238987544 1606417097502930 0.639276595302761 0.7689765025552457 -0.0007571132527404673 -4.70306920098814 0.76897659146141 -0.6392768954117108 -0.0002297425122686245 -3.8974530581351376 -0.0006606716032580958 -0.0004353333574022639 -0.9999996869989013 0.3725531685477453
1631149239237604 1606417097502930 0.6372989972950789 0.7706166284547938 3.4441993732741137e-07 -4.703509539647273 0.7706166284540908 -0.6372989972950059 1.1381184958697858e-06 -3.9098093074722007 1.0965515187739348e-06 -4.599060453441537e-07 -0.999999999999293 0.3649661734766035
1631149239488291 1606417097502930 0.6332014568850935 0.7739870250236375 -9.905542311090011e-06 -4.697157099911689 0.7739870250745322 -0.6332014568957284 2.4224060837312313e-06 -3.892792640585383 -4.397292944568356e-06 -9.200632286475852e-06 -0.999999999948006 0.3649185036012319
1631149239737729 1606417097502930 0.6340240410014322 0.7733133346397162 4.364724492624548e-05 -4.7077740222960776 0.7733133358509504 -0.6340240403859916 -2.849847698724279e-05 -3.8966558383551426 5.635150308684584e-06 5.182171611634065e-05 -0.9999999986413775 0.36524368208920327
1631149239988419 1606417097502930 0.6347983209533452 0.7726778705764704 -6.378896798857816e-06 -4.697633799127597 0.7726778706017031 -0.6347983209447294 3.5546362188861922e-06 -3.888028731049883 -1.3027242331087573e-06 -7.1853094986623366e-06 -0.9999999999733371 0.3649566703499503
1631149240238486 1606417097502930 0.6340145734114526 0.7733210980608298 -5.929328663604247e-07 -4.693636814425084 0.7733210980609554 -0.6340145734107893 9.993773232122234e-07 -3.8981899606972914 3.9691149063594104e-07 -1.0921472825413124e-06 -0.9999999999993249 0.36499594181232464
1631149240488548 1606417097502930 0.6349744647777014 0.772533124906825 2.5363629439755244e-06 -4.693155181082727 0.772533124909906 -0.634974464778886 -4.104271617570996e-07 -3.8951562036048424 1.293457125014121e-06 2.220035158377088e-06 -0.9999999999966992 0.36504487701753435
1631149240738610 1606417097502930 0.6347161499130911 0.7727453714023477 -4.496151076281497e-06 -4.70386606083684 0.7727453714152112 -0.6347161499065276 2.9439903645166248e-06 -3.887681155332429 -5.788247729008495e-07 -5.342978162915349e-06 -0.9999999999855588 0.3649770079215381
1631149240988674 1606417097502930 0.6355865025338893 0.7720296612180031 -9.050211968487638e-07 -4.699877080887125 0.7720296612184826 -0.6355865025338368 3.814798375038324e-07 -3.890180156979904 -2.807055075138831e-07 -9.411666437028527e-07 -0.9999999999995177 0.3649916154525091
1631149241238737 1606417097502930 0.6348879404906099 0.7726042344064552 1.1279790212049073e-06 -4.697781965675679 0.7726042344072616 -0.6348879404902269 -7.161386807896792e-07 -3.8834071772337775 1.628485004882417e-07 1.3261491802547305e-06 -0.9999999999991074 0.36501352576774276
1631149241488798 1606417097502930 0.6340312107825025 0.7733074534118151 7.909407660566961e-05 -4.691092532759453 0.7733074573917094 -0.6340312087388379 -5.188451875924037e-05 -3.886567017815008 1.0025427921146913e-05 9.406044352425406e-05 -0.9999999955260619 0.3654612556883511
1631149241738240 1606417097502930 0.6320797223431259 0.7749033646882352 -1.397949274206458e-06 -4.688847140628718 0.7749033646894915 -0.6320797223422944 1.0288554128678666e-06 -3.8899695116962754 -8.635186787982248e-08 -1.7335942399406894e-06 -0.9999999999984936 0.3649851477020313
1631149241988928 1606417097502930 0.6339421724240657 0.7733804510232889 1.317446278335868e-06 -4.6886311554286 0.773380451024403 -0.6339421724233866 -9.346786793726109e-07 -3.894348454874415 1.1232253712405062e-07 1.6114194294561465e-06 -0.9999999999986954 0.3650023396420268
1631149242238366 1606417097502930 0.6349713127243602 0.7725357156925869 9.543219510061533e-07 -4.695568415606388 0.7725357156931757 -0.6349713127238164 -8.317442560787445e-07 -3.897257157492027 -3.658508215137866e-08 1.2653815335526877e-06 -0.9999999999991988 0.36500403585353336
1631149242489055 1606417097502930 0.637509347914727 0.7704426203978441 -5.55414079872963e-07 -4.703908463616751 0.7704426203980432 -0.6375093479145223 5.126003556089267e-07 -3.8971565372933337 4.084749330976008e-08 -7.547021975467124e-07 -0.9999999999997143 0.36499733790952016
1631149242739119 1606417097502930 0.6383940187859468 0.769709735408475 4.5714086663846897e-07 -4.713755238387893 0.7697097354085298 -0.6383940187854946 -8.378754898180742e-07 -3.902494675398763 -3.5308492656791136e-07 8.867604766899463e-07 -0.9999999999995445 0.36500562647196166
1631149242989180 1606417097502930 0.6399533500212163 0.768413762109607 1.283847906912715e-06 -4.709878395435604 0.7684137621106399 -0.6399533500208273 -7.475682757580971e-07 -3.8907548885105863 2.471610177363969e-07 1.4649352225663773e-06 -0.9999999999988964 0.36499324689369367
1631149243239248 1606417097502930 0.6383419048876557 0.769752955478039 1.2994806619217892e-06 -4.700911568980543 0.7697529554791201 -0.6383419048863902 -1.2806245295860011e-06 -3.8786686965146933 -1.562515554119646e-07 1.8177553817599878e-06 -0.9999999999983357 0.3650052034976211
1631149243489309 1606417097502930 0.6374495392712041 0.7704921056617956 -4.976111439963601e-07 -4.688320934470833 0.7704921056619468 -0.6374495392709617 5.687182253573778e-07 -3.875493149539362 1.209909085070008e-07 -7.459346288661372e-07 -0.9999999999997145 0.365005465854663
1631149243739372 1606417097502930 0.6380382316821203 0.7700046560635267 0.0002110850739514351 -4.690826402747438 0.7700046844320286 -0.6380382177360836 -0.00013662122701000521 -3.903225860421515 2.9481363459781136e-05 0.00024970606184743384 -0.9999999683888654 0.36621745174167303
1631149243988809 1606417097502930 0.6392696819868993 0.7689826224357759 -9.414410274419872e-06 -4.69928965373789 0.7689826224919596 -0.6392696819615242 5.887738333583273e-06 -3.889608264483379 -1.4907785980058533e-06 -1.100337051414593e-05 -0.9999999999383518 0.36494617848306327
1631149244238877 1606417097502930 0.6400900531858884 0.768299891850094 2.933710478071346e-07 -4.700642209209629 0.768299891850147 -0.6400900531858734 -1.5449162847816972e-07 -3.874845083409286 6.908798814238718e-08 3.2428549899082783e-07 -0.999999999999945 0.3650017843229822
1631149244488949 1606417097502930 0.6415795713172405 0.7670564866231724 1.4717531082454411e-06 -4.704230109130796 0.7670564866245088 -0.6415795713168487 -7.867687561568298e-07 -3.873593389914241 3.407506503890456e-07 1.6336925296866985e-06 -0.9999999999986074 0.36501282297024357
1631149244739625 1606417097502930 0.6427032104393751 0.7661151748522504 0.00034950892922294723 -4.6928063015798065 0.766115253354008 -0.642703168307906 -0.0002367060822242892 -3.8597255932384336 4.3286374591543024e-05 0.00041989588083626595 -0.9999999109068656 0.36695149597142424
1631149244989693 1606417097502930 0.6437664626878815 0.7652220210648555 4.6455020518554497e-07 -4.697666364889759 0.7652220210649721 -0.6437664626878957 -1.381218802128128e-07 -3.8594465468949086 1.9336793800307656e-07 4.444022811416395e-07 -0.9999999999998825 0.3650052417949401
1631149245239755 1606417097502930 0.6450715985360066 0.7641221321004823 -9.37906747658793e-07 -4.701563794997718 0.7641221321010554 -0.6450715985356197 7.092874585407089e-07 -3.8574274567031472 -6.303475989720425e-08 -1.1742164984327782e-06 -0.9999999999993087 0.36499553341811664
1631149245489819 1606417097502930 0.6453439182208093 0.7638921567990782 -8.552567201892231e-07 -4.703121094486182 0.7638921567995389 -0.6453439182206326 5.054220316722067e-07 -3.8656613262317268 -1.6584679702321574e-07 -9.79494934874922e-07 -0.9999999999995065 0.36499845284174726
1631149245739883 1606417097502930 0.6452084139067397 0.7640066116391774 1.9466074031721062e-07 -4.706120175510392 0.764006611639171 -0.6452084139067651 1.214324859824412e-07 -3.851736985818457 2.1837196966786336e-07 7.037283095128434e-08 -0.9999999999999737 0.364999911349866
1631149245989945 1606417097502930 0.6425020808993239 0.7662839395709136 4.2946718394263077e-07 -4.7060193628961 0.7662839395710105 -0.6425020808990637 -6.086398371313604e-07 -3.8464069280438933 -1.90457372815393e-07 7.201461675015433e-07 -0.9999999999997226 0.3650030695666688
1631149246240641 1606417097502930 0.6407727692237541 0.767730589609043 2.0829150849901668e-06 -4.695254539111783 0.7677305896118681 -0.6407727692213144 -1.76835484250923e-06 -3.838844748088341 -2.2944838815564945e-08 2.732231255709729e-06 -0.9999999999962672 0.36499944143237745
1631149246490699 1606417097502930 0.6416968026842336 0.7669584161649798 -3.609712976664411e-05 -4.690487651735109 0.7669584170015428 -0.6416968022356754 2.440208505327528e-05 -3.841925574719162 -4.448028237548662e-06 -4.3343737461543324e-05 -0.9999999990507678 0.3648044812942605
1631149246740760 1606417097502930 0.6421763324953971 0.766556665246902 -0.0006610240355518286 -4.700328552462575 0.7665569466003384 -0.6421761748951037 0.00045609245193924233 -3.8362242195488614 -7.48731776614026e-05 -0.0007996043443854337 -0.9999996775133979 0.3612070705528649
1631149246990828 1606417097502930 0.6407542668425703 0.7677460318814338 -7.60382706332424e-06 -4.6934682773248655 0.7677460319183927 -0.6407542668238954 5.0000061390312715e-06 -3.8521382458560254 -1.0334497623896534e-06 -9.041583323064013e-06 -0.9999999999585909 0.3649532780007027
1631149247240887 1606417097502930 0.6417560501990359 0.7669088420248558 7.84173126193817e-06 -4.69656896294823 0.7669088420642276 -0.6417560501788935 -5.192011697966644e-06 -3.8526492114832367 1.050678802156349e-06 9.345897961725249e-06 -0.9999999999557752 0.3650460508481627
1631149247490950 1606417097502930 0.6441990180117061 0.7648579117698316 -5.581173404630969e-07 -4.708904125275187 0.7648579117700346 -0.6441990180114983 5.185838499704871e-07 -3.857393403097203 3.710431790438708e-08 -7.609516704552683e-07 -0.9999999999997098 0.3649959546732752
1631149247741019 1606417097502930 0.6445306198948935 0.7645784982713227 -1.881124646932955e-06 -4.6989689446741165 0.7645784982735827 -0.6445306198938231 1.2094055358717766e-06 -3.844994185764384 -2.877569663667343e-07 -2.2177663573522226e-06 -0.9999999999974993 0.3649850402240949
1631149247991081 1606417097502930 0.642166921628547 0.7665648340290884 7.328651403679833e-07 -4.694657556587751 0.7665648340294267 -0.6421669216284127 -4.370618825477454e-07 -3.8561321265652655 1.3558548170292573e-07 8.424553283671179e-07 -0.999999999999636 0.3650035643276179
1631149248241143 1606417097502930 0.6425266789074636 0.766263314335606 -1.5029063810873972e-07 -4.701175687494527 0.7662633143356149 -0.6425266789074217 2.5127085832225134e-07 -3.8499710388150055 9.597389611886137e-08 -2.7661043257422356e-07 -0.9999999999999571 0.36500785731848245
1631149248491207 1606417097502930 0.6436487433415284 0.7653210406072763 -1.769896900204753e-06 -4.689903926364871 0.7653210406093192 -0.643648743339575 1.587551978419307e-06 -3.8365930872848293 7.579501648443176e-08 -2.3763651733295483e-06 -0.9999999999971736 0.36499052643915275
1631149248741270 1606417097502930 0.6434350553655654 0.7655007051128283 1.7145644231172872e-06 -4.691315633433892 0.7655007051147134 -0.643435055364602 -1.1374444103253562e-06 -3.8374638998807855 2.3249635638342684e-07 2.044371881989268e-06 -0.9999999999978832 0.3650099457303552
1631149248991337 1606417097502930 0.6409755255052484 0.7675613172246352 -2.849419929539706e-06 -4.6851199722533785 0.7675613172298126 -0.6409755255027415 1.8398912419440087e-06 -3.819655344869867 -4.1417909149716245e-07 -3.3664297701284236e-06 -0.9999999999942478 0.3649886532876045
1631149249242024 1606417097502930 0.6386215346098566 0.7695209779700459 1.0204104199763139e-06 -4.683653138709135 0.769520977970711 -0.6386215346095169 -6.722114319377622e-07 -3.821224169907212 1.3437526982912218e-07 1.2145159205553478e-06 -0.9999999999992535 0.36500512634971133
1631149249492091 1606417097502930 0.639326666087049 0.7689352469700088 1.2868189794451523e-06 -4.685848341367462 0.7689352469710534 -0.6393266660866123 -7.798306991225926e-07 -3.8361861431273634 2.2305837676052367e-07 1.4880470307457538e-06 -0.999999999998868 0.3650106043259196
1631149249742152 1606417097502930 0.640830558357027 0.7676823532422576 -8.461573131559776e-07 -4.6919535360581115 0.7676823532427196 -0.6408305583567523 5.990199884865417e-07 -3.8425552048915446 -8.238638904671101e-08 -1.0334503510636608e-06 -0.9999999999994625 0.36499359483226934
1631149249992208 1606417097502930 0.6409295496765499 0.7675997084119403 -1.3358809387954627e-06 -4.6937708458571255 0.767599708413101 -0.6409295496757008 1.0446150832350039e-06 -3.8434904279124704 -5.4359335228503246e-08 -1.6949464939733747e-06 -0.9999999999985622 0.36499181079688753
1631149250242904 1606417097502930 0.643044768908471 0.7658285147126026 0.0003335221214591837 -4.699713680543009 0.7658285865129348 -0.6430447274483889 -0.00023363410091885046 -3.8501513548730757 3.5545985198752236e-05 0.0004056579612814768 -0.9999999170890472 0.366942913962828
1631149250492940 1606417097502930 0.6435473306172146 0.7654063190586825 -2.2273563054279336e-06 -4.692510085276976 0.7654063190619135 -0.6435473306149484 1.712277589767862e-06 -3.842556881760197 -1.2282111749534986e-07 -2.8067642631414566e-06 -0.9999999999960535 0.36498392854074196
1631149250742966 1606417097502930 0.6438559893940731 0.7651466939400178 4.096956774459296e-05 -4.6757834473417725 0.7651466947967541 -0.6438559869276059 -5.9527698294236576e-05 -3.8381663643822406 -1.916892007345878e-05 6.967499442845902e-05 -0.9999999973889738 0.36577703787442023
1631149250993012 1606417097502930 0.6446593780761178 0.7644699379206372 -1.6691181097068615e-05 -4.672826729030506 0.7644699380170139 -0.6446593781772664 -9.10354124986593e-07 -3.818490003768863 -1.1456064788469108e-05 -1.2173037854636736e-05 -0.9999999998602879 0.3648743805571129
1631149251243061 1606417097502930 0.6445519393320746 0.7645605257310587 -1.2546109436984102e-06 -4.654587231386539 0.7645605257319154 -0.6445519393321643 3.8541930258157026e-07 -3.7879243446706066 -5.139855322583578e-07 -1.2076487616353406e-06 -0.9999999999991387 0.3649672787828254
1631149251493105 1606417097502930 0.643664578889243 0.7653077205811548 5.202572365324407e-05 -4.609869703389 0.7653077223068973 -0.643664578083521 -3.3203276476803617e-05 -3.761200307211394 8.076391628448734e-06 6.118746104148057e-05 -0.9999999980954333 0.3652327458030673
1631149251743149 1606417097502930 0.6433035862117281 0.76561119112183 -7.795926866984082e-07 -4.584801722788944 0.7656111911221302 -0.6433035862118253 1.5219414985324768e-07 -3.7218690682778863 -3.8499322678581953e-07 -6.947719278527577e-07 -0.9999999999996846 0.3650215085736978
1631149251992568 1606417097502930 0.6407374446102206 0.7677600712972696 -6.642387301946486e-07 -4.534171934382028 0.7677600712975461 -0.6407374446098257 7.230486331517838e-07 -3.680710923447684 1.2952524354392432e-07 -9.732603083852485e-07 -0.9999999999995179 0.36500792269779964
1631149252242610 1606417097502930 0.6414168535587864 0.7671925572984793 1.015502664284564e-06 -4.480558899989121 0.7671925572990486 -0.6414168535588244 -3.306663955134373e-07 -3.621521783127545 3.976757261184975e-07 9.911810849421119e-07 -0.9999999999994297 0.36501036734793235
1631149252493289 1606417097502930 0.6451670159220658 0.7640415705764736 -1.3106169292621553e-06 -4.424207957692779 0.7640415705774857 -0.6451670159219514 5.648006683099903e-07 -3.5497465015008967 -4.1403562358972194e-07 -1.3657565788201947e-06 -0.9999999999989816 0.3649920786027092
1631149252743324 1606417097502930 0.6508169806142113 0.7592346523712967 1.9680016106937417e-05 -4.290603926060371 0.759234652609198 -0.6508169805551393 -1.0146312232580344e-05 -3.4532824686938572 5.104656819228378e-06 2.154514248382291e-05 -0.9999999997548746 0.36502372289938423
1631149252993370 1606417097502930 0.658189719355719 0.7528521058819194 -2.8398104974384172e-06 -4.129855169286555 0.7528521058838149 -0.6581897193594481 -5.493379275812912e-07 -3.2867107252471905 -2.2827042899582966e-06 -1.7763887369173247e-06 -0.9999999999958169 0.36497036164242636
1631149253243417 1606417097502930 0.6676222007469065 0.7445002330247463 -1.00210352398892e-05 -3.941308100109296 0.7445002330852719 -0.6676222007382459 4.675759866621217e-06 -3.096730787028026 -3.2091612902558985e-06 -1.0582304164147328e-05 -0.999999999938858 0.36494457250606693
1631149253494084 1606417097502930 0.6776556473533286 0.7353793717786478 5.636530707620448e-05 -3.719284456200743 0.7353793738741594 -0.677655646319389 -3.868288987664033e-05 -2.8790318536250328 9.749669340627845e-06 6.766356300662515e-05 -0.9999999976632931 0.36526474766783534
1631149253743502 1606417097502930 0.6882856776267982 0.7254397466199659 1.4981012414059239e-06 -3.4517699388877325 0.7254397466210614 -0.6882856776272062 -3.0561457431171603e-07 -2.604387016519971 8.094166687413826e-07 1.29713231934807e-06 -0.9999999999988312 0.3650091236466021
1631149253993549 1606417097502930 0.6992474984746573 0.714879665315347 1.3096690957111646e-07 -3.1321336367433603 0.7148796653153398 -0.6992474984746692 1.045152156367678e-07 -2.3094884802883557 1.6629408627496403e-07 2.054357739498868e-08 -0.999999999999986 0.3650017208868358
1631149254244214 1606417097502930 0.7117535021375837 0.7024293218528705 8.164188335244624e-07 -2.791988800053945 0.7024293218532943 -0.7117535021374933 -4.470072615816626e-07 -1.9666431956336983 2.670979563553332e-07 8.916355114905334e-07 -0.9999999999995668 0.3650029917115404
1631149254494260 1606417097502930 0.7218099595114864 0.6920913107051893 -9.3012842961618e-07 -2.358475005895178 0.6920913107057979 -0.7218099595111108 7.515806611454306e-07 -1.59459052008326 -1.5121351924823568e-07 -1.1862322105661381e-06 -0.999999999999285 0.36499801537128157
1631149254744305 1606417097502930 0.7354727602402417 0.6775542922519299 2.279247209149357e-07 -1.9097041398986965 0.6775542922519138 -0.7354727602402757 1.5382567764464955e-07 -1.2286546774943683 2.718576717643893e-07 4.129677723300605e-08 -0.9999999999999621 0.3650030319713214
1631149254993727 1606417097502930 0.745614862823007 0.6663771277147132 -7.634309726541564e-07 -1.4022457873508987 0.666377127715083 -0.7456148628229583 4.035396096249666e-07 -0.7677311997921994 -3.003159139686531e-07 -8.096180694383705e-07 -0.9999999999996272 0.36499844927975883
1631149255243772 1606417097502930 0.7561346745577392 0.6544160397466053 -2.929670224188649e-05 -0.793111764033603 0.6544160403903032 -0.7561346740580405 2.777558635929645e-05 -0.31818563318029836 -3.9754631737448024e-06 -4.017431582997638e-05 -0.9999999991851101 0.36486319594489947
1631149255493817 1606417097502930 0.7663069609403664 0.6424746233267157 1.3639900923770333e-08 -0.19617716030317023 0.6424746233267123 -0.7663069609403598 -1.2072382633007118e-07 0.13005820904906326 -6.710964382340049e-08 1.0127479867607628e-07 -0.9999999999999927 0.36500039556787395
1631149255743859 1606417104969727 0.751526549417653 0.6597028463639057 -4.921616372780569e-06 -0.3009845801548207 0.6597028463730787 -0.751526549425644 3.295364992333952e-07 -0.17077526149723773 -3.481329203699694e-06 -3.4944597580479324e-06 -0.9999999999878345 0.3650901525857211
1631149255994531 1606417105591919 0.7334698382120541 0.6797219988448627 2.6907120412357838e-05 -0.45607100501006304 0.6797219993197763 -0.7334698380907423 -1.601037324626886e-05 -0.4902182602541307 8.852958347114213e-06 3.0032487557214202e-05 -0.9999999995098374 0.3648505199340648
1631149256244577 1606417105591919 0.7340350791578605 0.6791115538472897 -1.1396759389139884e-06 0.25382161715743695 0.6791115535279914 -0.7340350788622099 -2.9479030198810724e-05 0.08388786395441844 -2.085611212187706e-05 2.0864675168040046e-05 -0.999999999564844 0.3654003011625154
1631149256494621 1606417106006592 0.7215428359183342 0.6923697966733149 -2.4371006192577288e-05 0.17611867181856977 0.6923697968028774 -0.7215428361944557 -4.008590169084262e-06 -0.0494229400207414 -2.0360151689374906e-05 -1.3981379086769788e-05 -0.9999999996949926 0.36530578234500394
1631149256744042 1606417106421387 0.7069716982721648 0.7072418381182239 1.6180001129461387e-05 -0.05738350323488347 0.7072418379071894 -0.7069716984568807 1.729507837515836e-05 -0.2874166129198386 2.367060589992246e-05 -7.83957194493512e-07 -0.9999999997195439 0.36558755787906116
1631149256994703 1606417106732422 0.6954529808281408 0.7185716049647479 3.245238859355822e-07 -0.18812844494364112 0.7185716049607648 -0.6954529808256613 3.046070213627488e-06 -0.3252335977421892 2.41451066605926e-06 -1.885204960309995e-06 -0.9999999999953081 0.36490085310745024
1631149257244746 1606417107043579 0.6864658014374748 0.7271620888191036 6.746015231863181e-06 -0.3658358780660804 0.7271620888356504 -0.6864658013349338 -1.2736802590715113e-05 -0.4019144855259652 -4.630811224771948e-06 1.3648825925474446e-05 -0.9999999998961325 0.3649419205466058
1631149257494803 1606417107043579 0.6810832852054057 0.7322059533372509 2.271046068083599e-05 0.31126967707866054 0.7322059536889205 -0.6810832849146199 -1.992171262738744e-05 0.3777090770757939 8.809185759777106e-07 3.0197080004637913e-05 -0.9999999995436801 0.36473941181774455
1631149257744847 1606417107354736 0.6729177483011857 0.7397173132048286 2.3890526525681277e-05 0.15961695992539157 0.739717313583989 -0.6729177478074144 -2.596823471146577e-05 0.26062861793851655 -3.132793505835907e-06 3.514672213100175e-05 -0.9999999993774468 0.3645478028043424
1631149257994891 1606417107665772 0.6647800712938775 0.7470391265199682 1.6225156665308552e-05 -0.00010757664943188223 0.747039126669094 -0.6647800709280764 -2.2952223403552734e-05 0.10647880569395005 -6.360048124283975e-06 2.7379007575826996e-05 -0.9999999996049699 0.3648797385129781
1631149258244936 1606417107976807 0.6610186195258421 0.7503694987202807 5.9067838239792576e-06 -0.18605536932734787 0.7503694987330557 -0.6610186194545438 -1.0486997639455387e-05 0.005902223213547128 -3.964629073046889e-06 1.1364371119702013e-05 -0.9999999999275664 0.3649698484812453
1631149258494977 1606417108287964 0.6615056255285003 0.7499402024631403 1.1320647773069759e-05 -0.36375565089138695 0.7499402025016261 -0.6615056255806395 1.2051324416399702e-06 -0.13166013233597548 8.392449454362217e-06 7.692606993716614e-06 -0.9999999999351953 0.3648801261960897
1631149258745025 1606417108495361 0.6589253082570389 0.7522083741474703 2.2915049922316088e-06 -0.17465987772376626 0.7522083741055385 -0.6589253081807134 -1.2996914016912555e-05 0.14010756936654523 -8.266456928373973e-06 1.0287684819422607e-05 -0.9999999999129147 0.3649840606074094
1631149258995070 1606417108702881 0.6591096251722953 0.7520468748702104 2.766197064541497e-06 -0.018973807867718906 0.7520468747615505 -0.6591096250041724 -1.9816898981249242e-05 0.3909644369699983 -1.3080009838540403e-05 1.5141818716937588e-05 -0.9999999997998194 0.36507430041897293
1631149259245740 1606417109117676 0.6619048716774717 0.7495878473119423 4.04270857759935e-06 -0.5975768494372291 0.7495878473228408 -0.6619048716683457 -3.476500967096056e-06 -0.17541490411462687 6.994562614483176e-08 5.331478146536697e-06 -0.9999999999857853 0.3648795190802591
1631149259496412 1606417109325195 0.659825609906395 0.751418767740475 -1.8722134977683222e-06 -0.4303676752168098 0.751418767740507 -0.6598256098961615 4.118509868959477e-06 0.0638525690335553 1.8593911976355588e-06 -4.1243146456227e-06 -0.9999999999897663 0.3650353026844896
1631149259746449 1606417109532715 0.6589431110572737 0.7521927787175644 6.306820850205359e-06 -0.24432986889689975 0.7521927787427631 -0.6589431110482569 -3.708177033719002e-06 0.3252472204072811 1.366572164885531e-06 7.187422811282649e-06 -0.9999999999732367 0.3649539033014547
1631149259996503 1606417109739990 0.6592625909510805 0.7519127849218256 -6.930967445095612e-06 -0.04588104185575421 0.7519127849499432 -0.6592625909491253 2.8865937962900774e-06 0.6049746512440171 -2.398860775325862e-06 -7.114506339188864e-06 -0.9999999999718147 0.3650114862045165
1631149260245926 1606417110154785 0.6672223377474138 0.7448586120541579 8.005934916337202e-06 -0.722150829948138 0.7448586120869038 -0.667222337643199 -1.242504860774239e-05 -0.041159848259420345 -3.9131658507618406e-06 1.4253559548892325e-05 -0.9999999998907616 0.3649077674569513
1631149260496603 1606417110362061 0.6720548807531036 0.7405013418352597 7.59635907965874e-07 -0.5579567299723971 0.7405013418296407 -0.6720548807431639 -4.717961335215889e-06 0.17158697950162854 -2.9831396799113214e-06 3.7332403516786594e-06 -0.9999999999885819 0.3649466374476536
1631149260746637 1606417110569336 0.6761879276188926 0.7367291808428201 2.5329821575659068e-05 -0.41568186986609945 0.7367291812395682 -0.6761879275360849 -1.2999818942991048e-05 0.320215998222431 7.550373595112118e-06 2.745153934080029e-05 -0.9999999995947024 0.364666582736347
1631149260996683 1606417110776978 0.6785030735787004 0.7345975627079997 -3.4911924967153397e-06 -0.23402881751810573 0.7345975627148006 -0.6785030735792459 1.206923698664584e-06 0.4407964087507175 -1.4821816320613506e-06 -3.3835229381666134e-06 -0.9999999999931775 0.3650320488064683
1631149261247350 1606417110984375 0.6803561353243383 0.7328816610328377 7.2625732869251095e-06 -0.15924815613404822 0.732881660919596 -0.680356135352377 1.3437929244167132e-05 0.5586573031061358 1.478954819947957e-05 -3.819970834243501e-06 -0.9999999998833385 0.36511812781900566
1631149261498019 1606417111192017 0.6803175654517509 0.7329174646813722 1.0358452446367943e-05 -0.058182789050281916 0.7329174647409179 -0.6803175654573992 -3.5111496792035247e-06 0.6638797287673335 4.473654229210524e-06 9.98058750730155e-06 -0.9999999999401872 0.3649794208333415
1631149261747437 1606417111399414 0.6821190155324751 0.7312411698082762 -1.5195270536992039e-05 0.002462049954487729 0.7312411699384688 -0.6821190155402045 5.472403734940531e-06 0.7445584602529087 -6.363336070747491e-06 -1.484423805324117e-05 -0.9999999998695783 0.36513807043873037
1631149261997490 1606417111606934 0.6837294373002222 0.7297356072656671 -7.886378803902293e-06 0.04303526613091365 0.7297356073081941 -0.6837294372549082 7.879931422138392e-06 0.7593124785022812 3.5811719997423065e-07 -1.1142712503126245e-05 -0.9999999999378558 0.3651316506391853
1631149262246909 1606417112021729 0.6916458023685843 0.7222368612639143 1.7379074159245653e-05 -0.829042542185253 0.7222368614486958 -0.691645802342507 -8.437578195282492e-06 -0.1618370163566912 5.926233698398431e-06 1.8387623516540498e-05 -0.9999999998133875 0.36476392149261905
1631149262496956 1606417112229004 0.6967984265456028 0.7172670022998415 1.3410317821703986e-05 -0.7574357949357842 0.7172670024160527 -0.6967984265093717 -7.97617038126988e-06 -0.08044655255326388 3.623244537939627e-06 1.5176561436914788e-05 -0.999999999878272 0.3650258791931709
1631149262746374 1606417112436279 0.6973985333035524 0.7166835324957028 1.9269441225015676e-08 -0.6009428210051766 0.7166835324953663 -0.697398533303198 -9.884746743386003e-07 0.0009716511118621837 -6.94985041338078e-07 7.031708792962321e-07 -0.9999999999995113 0.3649878801473192
1631149262995839 1606417112643555 0.6997786787998248 0.7143597137695618 -6.686319763415611e-06 -0.44036519429464493 0.7143597137959012 -0.6997786787991725 2.8263231152516963e-06 0.08741767328428542 -2.6599326384343493e-06 -6.754238127978603e-06 -0.9999999999736525 0.3649668058402505
1631149263245843 1606417112851074 0.6977041867428473 0.7163859766768274 -1.5058406368626119e-05 -0.28931384530051396 0.7163859767844533 -0.6977041867893192 2.7757952919217922e-06 0.17420616854757506 -8.517772348488001e-06 -1.2724315151891987e-05 -0.9999999998827697 0.3649586718413704
1631149263496520 1606417113058594 0.6967278009562409 0.7173356057888313 -6.8349588190194974e-06 -0.15659397689587226 0.7173356058137984 -0.6967278009610839 2.03674406980797e-06 0.23879880005673518 -3.3010767864751587e-06 -6.322015542007562e-06 -0.9999999999745675 0.36499299450108225
1631149263746554 1606417113266113 0.6935958938621118 0.7203643076961127 1.4818357810901372e-05 -0.018747661928647547 0.7203643078195276 -0.6935958938720144 -5.295242548705513e-06 0.3603327623684375 6.4634483988717776e-06 1.4347374556226123e-05 -0.9999999998761884 0.3648781245047152
1631149263997227 1606417113473633 0.6919787632485634 0.7219178562678833 4.363247453704559e-06 0.06329717880939412 0.7219178562740249 -0.6919787632558722 2.3525858991625406e-07 0.4659130389299425 3.18911195368765e-06 2.987112300070963e-06 -0.9999999999904534 0.36502695340108265
1631149264247272 1606417113681030 0.6909413104889612 0.7229108553321747 -2.659259134453557e-05 0.12969617262213504 0.7229108557697036 -0.6909413104116161 1.3470676555757296e-05 0.5359247140901859 -8.635821599989168e-06 -2.8531519878556374e-05 -0.9999999995556875 0.364890992173208
1631149264497942 1606417113888428 0.688958154561602 0.724801118324186 1.1981089699626457e-05 0.21173317062979913 0.7248011184231876 -0.6889581544716263 -1.1136092462054202e-05 0.5591446705830622 1.8301717775475451e-07 1.63562089258655e-05 -0.9999999998662205 0.36498946051020636
1631149264747980 1606417114095703 0.6875520408185128 0.7261351052431183 -1.0214164285993564e-05 0.28859107011950685 0.7261351053137324 -0.6875520407234975 1.1508017133042605e-05 0.5866113784467292 1.3336057329188133e-06 -1.5329223925065307e-05 -0.9999999998816181 0.3649264503260318
1631149264998035 1606417114302979 0.6830862181447037 0.73033774281699 1.4885511134370601e-06 0.35731880172370567 0.7303377428182881 -0.6830862181446586 -6.176959137206386e-07 0.6150614993588952 5.656821112173994e-07 1.5090846259207965e-06 -0.9999999999987014 0.3649680134092029
1631149265247451 1606417114510376 0.6859265201363195 0.7276708108388571 -5.59149159136938e-06 0.42742376007376354 0.7276708108527339 -0.6859265201440329 6.984705511260481e-07 0.7067440478766085 -3.3270957373903335e-06 -4.547864694709361e-06 -0.9999999999841237 0.364953135057633
1631149265496875 1606417114924927 0.6831643050693581 0.7302647000778703 1.0185513912510886e-05 -0.6593524516152444 0.7302647001437742 -0.6831643050503818 -5.780830988504518e-06 -0.37754582825649696 2.73684272559373e-06 1.1387378648089804e-05 -0.9999999999314186 0.3650483760505502
1631149265746911 1606417115132446 0.6811423958933633 0.7321509656082472 8.945674917855429e-06 -0.5788520575571521 0.7321509656628582 -0.6811423958384534 -8.652238771557337e-06 -0.2968904216030479 -2.4146652532897457e-07 1.2442991176286082e-05 -0.9999999999225568 0.36498736553083133
1631149265996334 1606417115339844 0.6767914437408186 0.7361748034440109 2.139756809419671e-05 -0.5010820100472788 0.7361748036787866 -0.6767914438030701 -5.284062179733423e-06 -0.22535694979849466 1.0591697567770925e-05 1.932855856234369e-05 -0.9999999997571114 0.3650970162548266
1631149266247010 1606417115547363 0.6755806279995059 0.7372861146486438 1.4918636430413402e-05 -0.36474032448908383 0.7372861147768469 -0.6755806279992694 -5.8172668758691545e-06 -0.10692980314939927 5.789751675754814e-06 1.4929336300754855e-05 -0.9999999998717969 0.3650973919760432
1631149266497057 1606417115754761 0.6770536261231711 0.7359336840118413 9.730871956364893e-06 -0.27757595592168127 0.7359336840753642 -0.6770536260828628 -7.468239070647271e-06 0.03703040592792891 1.0921934506596668e-06 1.2217674791622473e-05 -0.9999999999247677 0.3650653785963147
1631149266747100 1606417115962158 0.6754637843246728 0.7373931624569342 5.658515061751811e-06 -0.15629449100098514 0.7373931624513866 -0.675463784213835 -1.3781662151394537e-05 0.1629782875303063 -6.3403814410739276e-06 1.3481563987198892e-05 -0.9999999998890235 0.3651354485155704
1631149266997141 1606417116169678 0.6792804581978218 0.7338787768191113 7.036173953873708e-06 -0.07167378795506134 0.7338787768426606 -0.6792804581066755 -1.1780111576449183e-05 0.2719850260378472 -3.865638407803163e-06 1.3165698324163432e-05 -0.9999999999058606 0.3650624611815472
1631149267247183 1606417116377197 0.6851626136800851 0.7283901377602845 5.752699608566324e-06 0.08856392593169489 0.728390137782017 -0.6851626136448042 -7.0555356512748845e-06 0.39056346654307506 -1.1976478856832953e-06 9.024398908222549e-06 -0.9999999999585629 0.3649604128053761
1631149267497235 1606417116584717 0.68818285584521 0.7255372884427195 -2.0934482315045905e-06 0.25108001688332726 0.7255372884457382 -0.6881828558421478 2.053557008907634e-06 0.5410978869415298 4.925700139079184e-08 -2.9320974804118215e-06 -0.9999999999957002 0.364978024346842
1631149267747284 1606417116791992 0.6923980846347679 0.7215156909485313 -1.0659915395642675e-05 0.40418865460127273 0.7215156910269049 -0.6923980845438179 1.1246573213637462e-05 0.6690163779348536 7.336740416971834e-07 -1.5478401974768162e-05 -0.9999999998799404 0.36472200551406314
1631149267997949 1606417117206787 0.6901217187741185 0.7236933140899532 -2.0548048198041865e-05 -0.562449092558269 0.7236933143804702 -0.6901217185464309 1.7776281737289735e-05 -0.37575314193768117 -1.3160780925486316e-06 -2.7138283210381338e-05 -0.9999999996308908 0.36452344089847166
1631149268247382 1606417117414307 0.6958259553044241 0.7182104426437319 -2.5779663062841115e-06 -0.4017793165346796 0.7182104426483293 -0.695825955300939 2.211782532214658e-06 -0.30368515761526915 -2.0529055630974932e-07 -3.3905380153651215e-06 -0.9999999999942311 0.36499741664243157
1631149268497431 1606417117621826 0.7004196224078814 0.7137312887548042 1.6949121455016188e-06 -0.25646620425011796 0.7137312887519665 -0.7004196223923919 -5.3499276038571496e-06 -0.22415167267662056 -2.6312609984994562e-06 4.956906102122294e-06 -0.9999999999842528 0.36504911600604967
1631149268748096 1606417117829102 0.7017342386433685 0.71243881022628 -1.8547682327591122e-06 -0.07953762101824821 0.7124388102286846 -0.7017342386405475 1.993230505727701e-06 -0.14172919438359088 1.1850039633721754e-07 -2.720126964368352e-06 -0.9999999999962934 0.36498120870200135
1631149268997514 1606417118036621 0.7042667476526242 0.7099354535081926 2.7161343589135657e-06 0.04452390458150778 0.7099354535044956 -0.7042667476577975 2.310823025900334e-06 -0.1061948585376058 3.5534183040154474e-06 3.0084426102214963e-07 -0.9999999999936413 0.3649985613809781
1631149269248181 1606417118244019 0.7031305259742601 0.7110608015066888 -2.8794343357662184e-06 0.1341438614340769 0.7110608015124474 -0.7031305259702408 2.398724760015095e-06 -0.04701932630480658 -3.1897902855307306e-07 -3.734069488860947e-06 -0.9999999999929775 0.36501399171791227
1631149269498850 1606417118451172 0.7008773225624066 0.7132818367856373 5.824543576261133e-06 0.2712910759597886 0.7132818368049647 -0.7008773225635198 -2.1893663905972374e-06 0.006493965610405247 2.5206552263968594e-06 5.689018394563318e-06 -0.9999999999806407 0.36507202511870174
1631149269748275 1606417118658692 0.6971702776759188 0.7169055752885752 -7.064344510438412e-06 0.3629771378224655 0.7169055753144267 -0.6971702775841125 1.186793784379856e-05 0.040487355244940106 3.5831397840973588e-06 -1.3338441487446952e-05 -0.9999999999046235 0.36486005149515177
1631149269998948 1606417118865967 0.6922927972356898 0.7216167146622399 4.486074757561877e-06 0.4239664886065616 0.7216167134808149 -0.6922927957176919 -6.18627117454192e-05 0.12229940347762562 -4.153548957402265e-05 4.606433628169972e-05 -0.99999999807644 0.36559826094163017
1631149270248989 1606417119073242 0.6878466299329986 0.7258560557638788 -2.2774497140007946e-06 0.5190523324383237 0.7258560557528729 -0.6878466299356834 -4.179816025100236e-06 0.2122199141144691 -4.600480884411067e-06 1.2219717000223083e-06 -0.9999999999886712 0.3650068731967393
1631149270499050 1606417119280518 0.6810811603422473 0.7322079301762852 -4.2759651582403145e-06 0.6150759600983399 0.7322079301818797 -0.6810811603495597 -3.610582486241587e-07 0.3090693898004122 -3.1766490244798397e-06 -2.8849856271142745e-06 -0.9999999999907929 0.365044779815701
1631149270749080 1606417119488037 0.6806930482084919 0.7325687504423452 6.620113965733364e-07 0.7056729083284857 0.7325687504403496 -0.6806930482038196 -3.1181635564435895e-06 0.3785823232178201 -1.8336426247353908e-06 2.607481117607455e-06 -0.9999999999949194 0.3650462912601621
1631149270999144 1606417119902832 0.6376623085335273 0.7703160261042331 1.4392373161094725e-05 -0.2600127124530585 0.770316026213214 -0.637662308249207 -2.0045993826385406e-05 -0.5128782672923089 -6.2642764125496345e-06 2.386925040136065e-05 -0.9999999996955089 0.3653947501103033
1631149271249174 1606417120110352 0.6331969327658715 0.7739907262583228 2.544003488480357e-06 -0.1868241875393662 0.7739907262594931 -0.63319693275082 -4.870482960061057e-06 -0.3194699323936649 -2.1588534376684697e-06 5.053009979043418e-06 -0.9999999999849032 0.3650080873889718
1631149271499221 1606417120317871 0.6246555112223398 0.7809004368675754 2.013108901391252e-06 -0.13714482114573556 0.780900436858564 -0.6246555112250352 3.8417968298363794e-06 -0.057648743676444215 4.25756039271641e-06 -8.277619422116608e-07 -0.999999999990594 0.3648841025541796
1631149271749264 1606417120525147 0.6229892436648627 0.7822304022997858 -5.127129563732374e-07 -0.12469042273299498 0.7822304022999477 -0.622989243664807 2.81374194947437e-07 0.21341545952298727 -9.931520719737646e-08 -5.763527590240594e-07 -0.999999999999829 0.36497397554111327
1631149271998686 1606417120732544 0.622748592023959 0.7824220032285334 7.005968624022077e-07 -0.11562189143861527 0.7824220032284216 -0.6227485920243045 4.853516378363087e-07 0.39814577607141577 8.160455103819326e-07 2.459103514366493e-07 -0.9999999999996368 0.3650005314006002
1631149272248742 1606417120939819 0.6260423485637255 0.7797890597569697 -9.623997940153335e-06 -0.11136441262040017 0.7797890598134449 -0.6260423485474444 4.992896630933713e-06 0.6467199056763461 -2.131624103565051e-06 -1.063045303834062e-05 -0.9999999999412248 0.3649442916350279
1631149272498783 1606417121147217 0.6279969887609421 0.7782157670885206 -4.4345009867305794e-05 -0.13045772121179036 0.7782157680142203 -0.627996989147658 6.322883633227512e-06 0.8070501120335739 -2.2927964943496376e-05 -3.84807377933504e-05 -0.9999999989967706 0.3645223506933744
1631149272748206 1606417121354492 0.6368997046612223 0.7709466688445712 2.0909961556953396e-06 -0.09125563614086604 0.7709466688469984 -0.6368997046613345 -6.978082995409139e-07 0.9738806527717835 7.937818499854105e-07 2.0564804206883687e-06 -0.9999999999975704 0.36507700317737785
1631149272998250 1606417121562012 0.6482802853519806 0.7614017806728487 -4.078625335149638e-06 -0.0188053131784595 0.7614017806507835 -0.6482802853644561 -5.836192911196595e-06 1.2442343422230981 -7.087780071085027e-06 6.780162130478853e-07 -0.9999999999746518 0.36476393872629675
1631149273248302 1606417121976807 0.613497889502897 0.7896963591025892 -2.665776556883553e-07 -1.0341745741093988 0.7896963589484093 -0.6134978893763766 1.9970519843532377e-05 0.439370999560535 1.5607101980668967e-05 -1.2462387180329115e-05 -0.9999999998005537 0.36477841862448074
1631149273498340 1606417122184326 0.6252449970135899 0.7804285320926146 3.11578668567811e-06 -1.022710749547749 0.7804285320950991 -0.6252449970179668 5.977246241570142e-07 0.6650175214498106 2.4146113880165103e-06 2.0579244985746216e-06 -0.9999999999949672 0.3649696328905471
1631149273747763 1606417122391602 0.6423856473005637 0.7663815499711965 3.2323018298845545e-06 -0.9563744087169781 0.7663815499736314 -0.6423856473054391 6.720868458771193e-07 0.9149689494115727 2.591459261929715e-06 2.0454375428340005e-06 -0.9999999999945502 0.3650660530385436
1631149273997812 1606417122599121 0.6621920658023075 0.7493341495527295 1.752214368124442e-05 -0.8441321345241185 0.749334149646742 -0.6621920659255238 1.7164537182279264e-06 1.0826983280918467 1.2889221910893247e-05 1.1993318601819157e-05 -0.9999999998450141 0.3654384058225667
