1625007198668093 1606417097502930 0.6621188105206045 0.7493988796087999 -5.66376127378467e-07 -3.469103957980217 0.7493988796089964 -0.6621188105202365 7.166482727663417e-07 -2.830794061739299 1.6204712491742847e-07 -8.989479372183939e-07 -0.9999999999995828 0.3650039050975827
1625007198918727 1606417097502930 0.6621561724079735 0.749365614036812 0.0006163162493239803 -3.490908478626453 0.7493658674288628 -0.6621559581716452 -0.000532723984658292 -2.820903040342198 8.892440732256924e-06 0.0008145928354146076 -0.9999996681796635 0.3656906438680519
1625007199168729 1606417097502930 0.662517777961169 0.7490461892604243 -1.563000817930636e-05 -3.480060567134735 0.7490461893948749 -0.6625177779740334 5.082521282417411e-06 -2.825571412011852 -6.548115090225577e-06 -1.5074858773354053e-05 -0.9999999998649354 0.36486055381906707
1625007199418105 1606417097502930 0.6610983025678502 0.7502992964829434 -6.60098040164241e-06 -3.490914072651704 0.7502992965048924 -0.6610983025742615 1.4694744607105225e-06 -2.834514425369695 -3.2613512847737126e-06 -5.924178023224194e-06 -0.9999999999771338 0.3649200151283587
1625007199667486 1606417097502930 0.6609455959216187 0.750433820565893 1.3680595055163988e-05 -3.4869723378429813 0.7504338206770673 -0.6609455959093314 -6.045119389838366e-06 -2.8407541416865856 4.505667011626142e-06 1.4261876253884727e-05 -0.9999999998881489 0.36510732810179347
1625007199916866 1606417097502930 0.6614866798277412 0.7499569136299525 -1.0657045857045359e-05 -3.5028824917637817 0.7499569137008059 -0.6614866798078535 5.797402852250665e-06 -2.838405218185675 -2.7016915303875403e-06 -1.1827229984450457e-05 -0.9999999999264088 0.3649274161567615
1625007200166884 1606417097502930 0.6616521835622493 0.7498109013351696 1.5189258273042057e-05 -3.4916744634013224 0.749810901476408 -0.661652183532845 -7.603946590940125e-06 -2.846414025125833 4.348483855535587e-06 1.6420239304017247e-05 -0.9999999998557332 0.36511561985506463
1625007200416871 1606417097502930 0.6595114856057658 0.7516944860473289 2.140895907262597e-06 -3.4904232165738764 0.7516944860503113 -0.6595114856018347 -2.298915948470039e-06 -2.829436625543614 -3.161370020328361e-07 3.1254611211482577e-06 -0.9999999999950657 0.36500129287999655
1625007200667503 1606417097502930 0.6604121930036766 0.7509032796099535 -2.7488107339254484e-06 -3.513442033163562 0.7509032796145979 -0.6604121930026279 1.4022882729702438e-06 -2.8384046744283906 -7.623652618072367e-07 -2.990179268713368e-06 -0.9999999999952388 0.36499242918761626
1625007200918130 1606417097502930 0.6609327306380657 0.7504451516038668 3.1661933434191906e-06 -3.504433716223882 0.7504451516092528 -0.6609327306388769 -9.320156664948694e-07 -2.8329726745578894 1.3932141740536452e-06 2.992054103073654e-06 -0.9999999999945532 0.3650230072463233
1625007201168771 1606417097502930 0.65905351980114 0.7520960430962905 1.0470121971584561e-06 -3.4898583966045607 0.7520960430969501 -0.6590535198010385 -4.879922424448724e-07 -2.8235352149831923 3.2302003920670063e-07 1.1090667355735875e-06 -0.9999999999993329 0.3650024644616251
1625007201418773 1606417097502930 0.6584069076119824 0.7526621704573228 -3.42894154443745e-05 -3.5060000547580565 0.752662171223482 -0.6584069072024483 2.3700760511221703e-05 -2.8144402744711243 -4.737722124634505e-06 -4.141309031450011e-05 -0.9999999991312549 0.36485277715560993
1625007201668764 1606417097502930 0.6573437270338345 0.7535908866818469 -6.618244831315322e-06 -3.49928561931144 0.753590886709997 -0.6573437270213497 4.217520119814628e-06 -2.830151786834288 -1.1721769970643422e-06 -7.75980938527657e-06 -0.9999999999692056 0.36496044349227585
1625007201918145 1606417097502930 0.657403088148481 0.7535391028984657 1.0014063998315498e-05 -3.4846457601733682 0.7535391029615661 -0.6574030881275846 -5.714812101437968e-06 -2.84031884241932 2.2769422130439304e-06 1.1302923925938767e-05 -0.9999999999335297 0.36506282692872194
1625007202167527 1606417097502930 0.6568815396563005 0.7539937949449815 -6.9064160530335105e-06 -3.494132561758656 0.7539937949755722 -0.6568815396430515 4.3559630449797415e-06 -2.8423167277630617 -1.2523281034049464e-06 -8.068746561161176e-06 -0.9999999999666636 0.36496551842065617
1625007202416902 1606417097502930 0.65873722670236 0.752373089737035 -7.04578971524947e-07 -3.495215453153 0.7523730897373404 -0.6587372267022884 3.6209475074975037e-07 -2.8436847043382327 -1.917020512955151e-07 -7.686315496808385e-07 -0.9999999999996863 0.3649954594825693
1625007202666910 1606417097502930 0.6610682140000723 0.7503258068581299 2.4323871301890085e-06 -3.502384090950966 0.7503258068617426 -0.6610682139993488 -1.204948912793142e-06 -2.8525025623291733 7.038695506931423e-07 2.6216362617948216e-06 -0.9999999999963158 0.36501849438763073
1625007202916914 1606417097502930 0.662567980652023 0.7490017830541142 -9.608712473158823e-07 -3.4692124783675924 0.7490017830547023 -0.6625679806518054 5.750926099870909e-07 -2.8329583648869434 -2.0589713169842722e-07 -1.100732226810183e-06 -0.999999999999373 0.36499216308752686
1625007203167536 1606417097502930 0.6680018410067626 0.7441596202498908 2.3621023694240817e-06 -3.4399338297516078 0.7441596202533963 -0.6680018410057471 -1.3111795898933606e-06 -2.7498837481434153 6.021618257235384e-07 2.6336515821636453e-06 -0.9999999999963506 0.36501651608070196
1625007203417542 1606417097502930 0.6709297672058631 0.7415209015327694 8.460546879372363e-06 -3.3735036918364156 0.7415209015798995 -0.6709297671811383 -5.904419613320986e-06 -2.6632849179096914 1.2981821933019423e-06 1.0235123226479528e-05 -0.9999999999467785 0.36504073897222417
1625007203668798 1606417097502930 0.677742922253061 0.7352989393582815 -3.3450458760547705e-05 -3.269397618829177 0.7352989401063643 -0.6777429218082517 2.4934653681995782e-05 -2.5756858562948755 -4.336387250552995e-06 -4.149537192441357e-05 -0.999999999129665 0.36482593432665533
1625007203919427 1606417097502930 0.6849253094389359 0.7286132859710235 -9.75110221331414e-07 -3.082765983205431 0.7286132859716365 -0.6849253094387263 5.87027043563385e-07 -2.4046886376431758 -2.401619669171988e-07 -1.1125479420079968e-06 -0.9999999999993523 0.3649918956882484
1625007204169432 1606417097502930 0.6982999379280629 0.7158052643522219 -0.00014219625443960267 -2.8245361094524113 0.7158052781463999 -0.698299929856709 0.00010837128741138985 -2.1660105405255208 -2.1722896467313004e-05 -0.0001774604927326775 -0.9999999840179445 0.3642608672115448
1625007204418807 1606417097502930 0.7152067018487839 0.6989129943229395 1.2620667989999332e-06 -2.4573066695155803 0.6989129943239052 -0.7152067018487136 -5.860956173752594e-07 -1.8590191693278368 4.930087899251133e-07 1.3012543989939092e-06 -0.9999999999990319 0.36501386949395603
1625007204668192 1606417097502930 0.7335757097573948 0.6796077383732195 -1.2797604212082792e-06 -1.9748296985175513 0.6796077383743405 -0.7335757097569399 8.840384432169708e-07 -1.485984712398853 -3.3800179227628015e-07 -1.5182442139506739e-06 -0.9999999999987903 0.3649909911018153
1625007204917572 1606417097502930 0.7514854265993992 0.6597496901197036 3.7351957764839856e-07 -1.4333184431980228 0.6597496901197769 -0.7514854265994194 -1.1129935859014144e-07 -1.0563997271469283 2.0726480181151126e-07 3.300692715768159e-07 -0.9999999999999241 0.3650055835362557
1625007205166949 1606417097502930 0.7662986961468613 0.642484480968836 1.513638329729425e-06 -0.7496317655329252 0.6424844809704197 -0.766298696146353 -1.0174591196147166e-06 -0.56658027368678 5.061973841350019e-07 1.752166733392721e-06 -0.9999999999983369 0.3650122185687248
1625007205416324 1606417097502930 0.7791462818436907 0.6268421423997743 -2.2975183351304322e-06 -0.02796807362917019 0.6268421424033049 -0.7791462818430104 1.3829093576995333e-06 -0.06666128572114484 -9.232370037558887e-07 -2.51766999957685e-06 -0.9999999999964044 0.364981114291467
1625007205666956 1606417104969727 0.7685271572458876 0.6398171680807199 3.031181588582019e-06 -0.03284843408839173 0.639817168087808 -0.7685271572396949 -3.1042622969997353e-06 -0.2385569277309206 3.4338505750335465e-07 4.3251118984155875e-06 -0.9999999999905878 0.36500457312971
1625007205917585 1606417105591919 0.7544456667351093 0.6563625031751247 1.9358883185140262e-05 -0.0660681758854453 0.656362503458652 -0.7544456663326268 -2.4695653088051355e-05 -0.41073678663849306 -1.6040751543456886e-06 3.133797349096616e-05 -0.9999999995076791 0.36498904677787763
1625007206168217 1606417106006592 0.7417182088985023 0.6707116359146407 6.447451652997491e-06 -0.02314754983031264 0.6707116358487574 -0.7417182085937241 -2.4126050622145865e-05 -0.49681237707703957 -1.139943059085748e-05 2.2219111900440745e-05 -0.999999999688182 0.3651100038751841
1625007206418875 1606417106421387 0.7279299623091933 0.6856514930892832 -1.1994103374844444e-06 -0.10765156871975352 0.6856514930353884 -0.727929962227602 1.3933063802684563e-05 -0.6778969228885522 8.680139277939096e-06 -1.096467209737356e-05 -0.9999999999022156 0.3655012943870527
1625007206668847 1606417106732422 0.7157631767606405 0.6983430924663191 -1.5998189600435793e-06 -0.07973623752328664 0.6983430924632127 -0.715763176762316 -2.1212185591813504e-06 -0.714730276641201 -2.6264298294951666e-06 4.01067614584265e-07 -0.9999999999964705 0.3648890283300136
1625007206918224 1606417107043579 0.7060949309944816 0.7081171843355965 4.095107562286317e-05 -0.14243135157352302 0.7081171855192671 -0.7060949297481686 -4.196029565789899e-05 -0.7240427806731675 -7.97459550121135e-07 5.862611248098986e-05 -0.9999999982811715 0.3646073399487553
1625007207167606 1606417107354736 0.6988358820468041 0.715282049242329 -1.5870608743626712e-07 -0.14847915635290196 0.7152820492036759 -0.6988358820113125 -1.0243362067171573e-05 -0.7445661527489106 -7.437802519115104e-06 7.044909349878378e-06 -0.9999999999475242 0.36456464816479306
1625007207416978 1606417107354736 0.6918421520025009 0.7220487768387692 -2.4138171729224318e-05 0.7016814707357817 0.7220487772333939 -0.6918421517729134 1.8178316639566998e-05 0.16214942195355012 -3.5741733744154313e-06 -3.0005463085370003e-05 -0.9999999995434488 0.36500895063855787
1625007207666988 1606417107665772 0.6867072248308719 0.7269341010027374 1.2995762862248764e-05 0.7109461978655923 0.7269341011129591 -0.6867072246432215 -1.6320656242438672e-05 0.16668870478136066 -2.939757326108663e-06 2.065457575016362e-05 -0.9999999997823732 0.36492966500440127
1625007207917617 1606417108287964 0.6825231102976345 0.7308640118904137 6.1284414439224495e-06 -0.20718037478758083 0.7308640117817949 -0.682523109987454 -2.4894569953899525e-05 -0.7418998765004393 -1.401174235707799e-05 2.14701766140861e-05 -0.9999999996713513 0.3649784647728134
1625007208168248 1606417108495361 0.6715358065063054 0.7409721051183803 4.563727033381296e-06 0.13683617029081363 0.7409721048943708 -0.6715358061216861 -2.9485056576691425e-05 -0.3035175177259606 -1.878289832884248e-05 2.3181865674148735e-05 -0.9999999995549019 0.365047149913667
1625007208418873 1606417108702881 0.6627815234459689 0.7488128285314387 3.138860056274792e-06 0.5145895266210371 0.7488128285372865 -0.6627815234336415 -4.175569362883307e-06 0.16297602778274 -1.046341455404723e-06 5.117908900696515e-06 -0.9999999999863561 0.36498363366200653
1625007208668882 1606417109117676 0.6613293475311627 0.7500956566222937 3.852548697040768e-06 0.07878667035057758 0.7500956566246095 -0.6613293475388455 1.0983474820072241e-06 -0.2321256582376131 3.3716691918837196e-06 2.163410620941922e-06 -0.9999999999919758 0.3649226271458752
1625007208918888 1606417109325195 0.6553563536484476 0.7553198327440852 7.235714168647697e-07 0.3692689673922164 0.7553198327385212 -0.6553563536468081 3.3283099652160735e-06 0.18893140947408307 2.9881356516003584e-06 -1.6347012410514688e-06 -0.9999999999941994 0.365040169497973
1625007209167636 1606417109739990 0.6527270657344525 0.7575931477367966 1.282222089107686e-05 -0.1617324461408738 0.7575931478417007 -0.652727065690063 -7.962955631242392e-06 -0.28926272534014996 2.336729995895814e-06 1.4911663350913723e-05 -0.999999999886091 0.36493744617450763
1625007209417022 1606417109947388 0.6494795379479601 0.7603790697822362 5.3358317862665305e-06 0.12713632292803362 0.7603790697967727 -0.6494795379051111 -7.87550109917089e-06 0.06835619890052613 -2.5228526369670983e-06 9.17223162521108e-06 -0.9999999999547526 0.36495631620308766
1625007209667021 1606417110154785 0.648860326292083 0.7609075350811912 5.026199410120236e-06 0.3528266378871883 0.7609075350881611 -0.6488603262364805 -9.317321722356955e-06 0.4085525200099857 -3.8283189163283115e-06 9.870113416930963e-06 -0.9999999999439624 0.3649254500667784
1625007209917026 1606417110569336 0.6542377901644456 0.7562889089984557 7.15080027742355e-06 -0.3141079348408735 0.7562889090232146 -0.654237790173623 -1.2945670911747861e-06 -0.2104230461783006 3.6992570384563827e-06 6.255025653391388e-06 -0.9999999999735951 0.3649694328739048
1625007210167655 1606417110776978 0.6543589667935452 0.7561840665999086 1.3321877582246715e-06 -0.09385611844008111 0.7561840666004793 -0.6543589667942326 1.0992377755641977e-07 0.058486120219950116 9.548516141743289e-07 9.354495469797542e-07 -0.9999999999991066 0.36498898354252984
1625007210418279 1606417110984375 0.6560778773365994 0.7546931950919791 -1.2483086431494305e-05 0.10030211817940907 0.7546931951248341 -0.6560778769597625 2.4509290728568558e-05 0.35582820261688497 1.0307118085478595e-05 -2.5500903820171818e-05 -0.9999999996217336 0.3651350529939732
1625007210668914 1606417111399414 0.6623089953456627 0.749230801710606 -2.137211329495107e-05 -0.6563864746506636 0.7492308019428994 -0.6623089954090039 4.978110750136618e-06 -0.3725343060386869 -1.0425188977794148e-05 -1.9309693112789992e-05 -0.9999999997592256 0.3650951552212357
1625007210918914 1606417111606934 0.6649160292488359 0.7469181173663024 1.5509395141068194e-06 -0.4636909913439257 0.7469181173623919 -0.6649160292504712 2.464188353028348e-06 -0.06161962080448641 2.8717914688010515e-06 -4.800535129961653e-07 -0.9999999999957612 0.36501427123850877
1625007211168295 1606417111814331 0.6666915143085417 0.7453337671728701 -1.6289472790735713e-05 -0.21337959710913906 0.7453337673494859 -0.6666915141902817 1.2639521060464179e-05 0.23075401784666935 -1.4393914329571436e-06 -2.0567755559145636e-05 -0.9999999997874478 0.36511161722037866
1625007211418296 1606417112021729 0.6708596598023284 0.7415843288841344 -2.7995813823834737e-06 8.86241191537747e-05 0.74158432888477 -0.6708596598067097 -1.0082635003020135e-06 0.5414056521486869 -2.6258386249909488e-06 -1.3997223718063075e-06 -0.9999999999955729 0.3650554824576244
1625007211667677 1606417112436279 0.6788455034740349 0.7342811330901283 2.3295218806171635e-06 -0.8212576546201398 0.7342811330938233 -0.6788455034705227 -2.1837826648619047e-06 -0.2693197234987454 -2.21249556842328e-08 3.1929750086653445e-06 -0.9999999999949022 0.3649823518020111
1625007211917058 1606417112643555 0.6800127402166913 0.7332002953742115 -3.259034794099023e-06 -0.6063401805651294 0.7332002953499106 -0.6800127402219492 -6.2534235675625e-06 -0.055161092643048935 -6.8011971876356595e-06 1.8628824223205716e-06 -0.9999999999751367 0.3648815942609198
1625007212166438 1606417112851074 0.678256831750395 0.7348249248331745 5.683420696299528e-06 -0.3343480456936593 0.7348249248440917 -0.6782568317623364 2.411033293161344e-07 0.23525074969217616 4.031987650877377e-06 4.012789205740249e-06 -0.9999999999838203 0.3650036132076369
1625007212416439 1606417113058594 0.6785523292743583 0.7345520651510954 -4.803045577898424e-06 -0.06721132409903058 0.7345520651631728 -0.6785523292770473 1.2949967275182207e-06 0.5286104404225526 -2.307875243939271e-06 -4.4068100941684286e-06 -0.9999999999876269 0.36503866838938853
1625007212666447 1606417113266113 0.6782137629553912 0.7348646758024338 3.709336349448456e-07 0.1966633425605819 0.7348646757966866 -0.6782137629479016 -4.329409573540658e-06 0.8430781985951565 -2.929957866309526e-06 3.208851183624729e-06 -0.9999999999905593 0.3649865694521234
1625007212917070 1606417113681030 0.6774676589430324 0.7355525612720443 -2.6397880365516044e-05 -0.6477413411928394 0.7355525617439048 -0.6774676584250131 2.6543820827183045e-05 0.04670896519644907 1.6406651967675397e-06 -3.739960868257594e-05 -0.9999999992992887 0.3652191695898563
1625007213167701 1606417113888428 0.6796459242445229 0.7335403309923404 2.1677673841577103e-05 -0.40164451514742855 0.7335403312951927 -0.6796459237276806 -2.6984296915346945e-05 0.3822780199703601 -5.060927428542314e-06 3.424121546850267e-05 -0.9999999994009631 0.3649599921664221
1625007213418326 1606417114095703 0.6790446886643685 0.7340969354724706 1.1450049995749227e-05 -0.1383208375403029 0.7340969355607779 -0.6790446885552557 -1.2232599557476395e-05 0.6510490202300938 -1.2048182146968727e-06 1.671192837192235e-05 -0.99999999985963 0.36498586084845
1625007213668956 1606417114302979 0.6791622586049461 0.7339881646595303 -2.5116290158052758e-05 0.1696741119202527 0.7339881650724864 -0.6791622584231176 1.6480298916432393e-05 0.9503176599863743 -4.96169199222966e-06 -2.962785676104001e-05 -0.9999999995487858 0.3649920209300186
1625007213919587 1606417114717529 0.6805200017555798 0.732729504290941 2.750641948566025e-05 -0.6396956938344527 0.732729504801243 -0.6805200014222922 -2.150335466271494e-05 0.11579574758209453 2.9625262248922262e-06 3.478822808132717e-05 -0.9999999993905013 0.3650788336179151
1625007214170216 1606417114924927 0.6831263758339073 0.7303001811881712 1.0103336450321725e-06 -0.31879755706424756 0.7303001811888464 -0.6831263758335836 -6.905956762257344e-07 0.42454810450342056 1.858434138378433e-07 1.2096109654921167e-06 -0.9999999999992512 0.3649993931222875
1625007214419597 1606417115132446 0.6869463249101457 0.7267081578542508 -2.2341043425958917e-06 -0.02652325156541437 0.7267081578570359 -0.6869463249103946 7.753295747517997e-07 0.6730388470033635 -9.712714406126435e-07 -2.1561516532333403e-06 -0.9999999999972038 0.36500002132555315
1625007214668974 1606417115339844 0.6897924984628719 0.7240071194126587 -1.042105892789773e-05 0.21596218163274317 0.724007119363978 -0.6897924985396321 -8.55522522348436e-06 0.9260235869822261 -1.3382412245254851e-05 -1.6435906732860993e-06 -0.9999999999091048 0.3648074881681788
1625007214918350 1606417115754761 0.6915877651181573 0.7222924359556357 -1.0228000662630923e-05 -0.6772938133973422 0.7222924360235653 -0.6915877649946078 1.3318136986966938e-05 -0.04016179424945014 2.5460294880693217e-06 -1.6598268108579184e-05 -0.9999999998590076 0.36491149196549116
1625007215167104 1606417115962158 0.6939918028066137 0.7199829009266359 -3.867539708873504e-06 -0.4277462763164312 0.7199829009337324 -0.6939918028096707 7.042743493512199e-07 0.17302536254206868 -2.176975365900148e-06 -3.2733230844405426e-06 -0.9999999999922731 0.36500210493857177
1625007215417109 1606417116169678 0.6961895810780484 0.7178579714012974 9.922260118728463e-06 -0.16176082817149648 0.7178579714555243 -0.6961895809102484 -1.5944839913076926e-05 0.41717811597558624 -4.538356320569733e-06 1.8223404940485323e-05 -0.9999999998236554 0.3650371873429082
1625007215666487 1606417116377197 0.6959728010028452 0.7180681445634596 5.648887442707334e-06 0.08745022574777582 0.7180681445853794 -0.6959728009738341 -6.3884392868834055e-06 0.5982197479182825 -6.558627295002721e-07 8.50246610946638e-06 -0.999999999963639 0.36495645108828456
1625007215917120 1606417116584717 0.6969996504458454 0.7170714659499134 -1.8101380151358977e-06 0.35626538058263735 0.7170714659520362 -0.6969996504451643 1.0871619831963069e-06 0.8143420968070364 -4.820927267905581e-07 -2.055749842350255e-06 -0.9999999999977708 0.36491903085979377
1625007216167748 1606417116999512 0.6930509628562618 0.7208885925089902 8.88150453555225e-06 -0.5163724242888917 0.7208885925625508 -0.6930509628245686 -6.7519459372859284e-06 -0.14149628813408419 1.2879344662654799e-06 1.1082017937436868e-05 -0.999999999937765 0.36517148514704695
1625007216418370 1606417117206787 0.6892621354639947 0.7245120486360506 -1.1279359665650394e-06 -0.26503313380266647 0.7245120486367993 -0.6892621354639669 4.7530487183096845e-07 0.08020821663188633 -4.3307944656332653e-07 -1.144812848819258e-06 -0.9999999999992509 0.3649900843820101
1625007216668377 1606417117414307 0.6838791028445753 0.7295953485890072 -3.774836570674264e-06 -0.039484648833901834 0.7295953485973865 -0.6838791028442079 1.5890511018831984e-06 0.2633311518237746 -1.4221675547286918e-06 -3.840822045600792e-06 -0.9999999999916127 0.36495769158308367
1625007216919008 1606417117621826 0.6789327761672839 0.7342004395495839 -3.9303821797914425e-06 0.18038106429914996 0.734200439560014 -0.6789327761601279 3.1383690689014005e-06 0.4991987255220851 -3.642733348390613e-07 -5.0164299486172835e-06 -0.9999999999873513 0.36496067221630596
1625007217169639 1606417117829102 0.6735295079272169 0.7391603357565805 7.562670974375894e-08 0.3699321221373713 0.739160335756496 -0.6735295079270828 -5.579203427497649e-07 0.7523273922165754 -3.614557672716781e-07 4.316760780802247e-07 -0.9999999999998415 0.3650024937438041
1625007217419034 1606417118244019 0.6507860057305588 0.7592612027750105 2.665285874003954e-05 -0.5887577565725105 0.7592612030328303 -0.6507860059751982 6.738472813601428e-07 -0.12291520495587986 1.7856933584543754e-05 1.979795121047357e-05 -0.9999999996445855 0.3652483241800786
1625007217668397 1606417118451172 0.6573474618530661 0.7535876287277569 1.5108730197626051e-05 -0.4044438867847348 0.7535876288195261 -0.6573474619212262 -5.930144619801955e-07 0.13972712744191992 9.484797086035938e-06 1.1775568715501563e-05 -0.9999999998856873 0.36525142555476475
1625007217917778 1606417118658692 0.6638045531038509 0.7479060870958126 1.2965077748140974e-05 -0.2525595091149219 0.7479060870868286 -0.6638045525841088 -2.9521959875877154e-05 0.37977895509149995 -1.3473375860313747e-05 2.9293471949479723e-05 -0.9999999994801804 0.3652712488042975
1625007218167781 1606417118865967 0.672530137722163 0.7400697357801403 6.495174867713108e-06 -0.11424380063917798 0.7400697356877919 -0.6725301377450467 1.2169474956450756e-05 0.5951769281664206 1.3374460964034946e-05 -3.3774563208662697e-06 -0.9999999999048583 0.3649276996184167
1625007218417155 1606417119073242 0.6865457545694269 0.7270866020542809 5.671126834072664e-07 0.10288715100140619 0.7270866020538298 -0.6865457545675228 -1.8952562850806314e-06 0.777687872929607 -9.886666471844192e-07 1.7135201902995322e-06 -0.9999999999980432 0.36500790069983985
1625007218667163 1606417119488037 0.6651249242791898 0.7467321039750916 -2.158080869886162e-08 -0.7587032018375968 0.7467321039749576 -0.665124924279087 -5.808740690554833e-07 -0.1531444396230719 -4.481112494810859e-07 3.702387385102633e-07 -0.999999999999831 0.3650242277552462
1625007218917167 1606417119695313 0.6717283883871781 0.7407975244517356 -2.3259188873182994e-06 -0.5426072013837592 0.7407975244367744 -0.6717283883892468 -4.9796978540657145e-06 0.09077532465655112 -5.251333588500205e-06 1.6219694603969102e-06 -0.9999999999848963 0.3650671837784996
1625007219167795 1606417119902832 0.6812718482838218 0.7320305107802416 5.218174649620702e-06 -0.3240312605845844 0.7320305107872407 -0.6812718482155887 -1.0485840027605193e-05 0.27622495833091487 -4.120959343499077e-06 1.09635706705297e-05 -0.9999999999314089 0.36523524385908585
1625007219418424 1606417120110352 0.6863815238036748 0.7272416405724821 1.6898461819302986e-06 -0.09576358686429214 0.7272416405714079 -0.6863815238056709 1.2953483702986658e-06 0.5667336646890485 2.1019104712747132e-06 3.3982332139735725e-07 -0.9999999999977333 0.36501006275940084
1625007219669057 1606417120317871 0.691510275810251 0.7223666232957865 -1.2406639593868923e-06 0.1412211890928156 0.7223666232961344 -0.6915102758061229 2.5972812650998095e-06 0.8115603117707755 1.0182574204789355e-06 -2.6922609189674784e-06 -0.9999999999958574 0.3648610473717993
1625007219918432 1606417120732544 0.660189857430589 0.7510987632165025 -6.699572874317624e-06 -0.7445587303520116 0.7510987632455134 -0.6601898574171265 4.368058907360908e-06 -0.04760992337682417 -1.1421464176732425e-06 -7.915789087454491e-06 -0.9999999999680179 0.3651759564556923
1625007220168433 1606417120939819 0.6685930782897872 0.7436284660932757 -9.122164706134778e-06 -0.5397595259421339 0.7436284661491855 -0.6685930782435474 7.867217167819663e-06 0.2461638487108028 -2.487295461903542e-07 -1.2043468292163158e-05 -0.9999999999274465 0.36490971764329183
1625007220417810 1606417121147217 0.6764805817993256 0.7364604688148536 -1.80531866539588e-05 -0.3179990928682745 0.7364604688437855 -0.6764805819796462 -6.271868455129972e-06 0.4811698753986405 -1.68316133970298e-05 -9.052661085783416e-06 -0.9999999998173731 0.3646060141398265
1625007220667195 1606417121354492 0.6883387939167063 0.7253893468983844 1.4145485347148518e-05 -0.0659604508974961 0.7253893470295402 -0.6883387938636367 -9.103656523086356e-06 0.7036082870801104 3.1331908627962745e-06 1.6527384330680284e-05 -0.9999999998585143 0.3651736662199511
1625007220916574 1606417121769409 0.6621935525035003 0.7493328358029929 -1.4652801132597806e-05 -0.8884475399221923 0.7493328358704655 -0.6621935520317981 2.71717144981392e-05 -0.08369769125339674 1.0657667449285584e-05 -2.8972759177204472e-05 -0.9999999995234967 0.36463200357064113
1625007221166579 1606417121976807 0.6767081043258838 0.7362514119127693 7.667917515530435e-07 -0.5856950686888327 0.7362514119122513 -0.6767081043263176 8.739138994284837e-07 0.17428850388812017 1.162314534948337e-06 -2.683310850262075e-08 -0.9999999999993242 0.36498059982107817
1625007221416581 1606417122184326 0.6910478292212346 0.7228090326856711 1.043720576485794e-06 -0.2986890656141395 0.7228090326857868 -0.6910478292218226 3.3081877041450556e-07 0.4974136484373253 9.603796341300828e-07 5.257990671221964e-07 -0.9999999999994006 0.36495399794419797
1625007221667213 1606417122391602 0.6993853362973077 0.7147448155588946 -2.906729708645485e-06 0.07717409035701746 0.7147448155647294 -0.699385336289576 3.305041807567511e-06 0.8062100604611471 3.293373623796262e-07 -4.389067765554802e-06 -0.9999999999903139 0.3648372864670764
1625007221917212 1606417122806397 0.67843522410074 0.7346602245580008 -3.400341208008698e-05 -0.6568776825983855 0.734660225063764 -0.6784352243949108 3.735267134854015e-06 0.06287306968669583 -2.032496031262546e-05 -2.7515091167341698e-05 -0.9999999994149079 0.3641799376927186
1625007222168468 1606417123013672 0.6807015240615215 0.7325608738004902 -3.635174605597469e-05 -0.2950619818446082 0.732560874332813 -0.6807015244563231 2.011908873160072e-06 0.45226969170036935 -2.3270843234768976e-05 -2.7999376310460522e-05 -0.9999999993372514 0.36423508345672373
1625007222418478 1606417123220947 0.6821879488472943 0.7311768612237207 7.938182078682529e-06 0.0788062767373071 0.7311768612652454 -0.682187948828103 -5.336219982677866e-06 0.8185464122676102 1.5136115719411984e-06 9.444520021003328e-06 -0.999999999954255 0.3652057638931198
1625007222669104 1606417123635742 0.6731434772655776 0.739511905912842 5.694591951438402e-06 -0.6318938286750142 0.7395119059291395 -0.6731434772705397 -1.2820754690751621e-06 0.13201596590350212 2.885167354161761e-06 5.074239286855768e-06 -0.999999999982964 0.36504863769539175
1625007222919102 1606417123843140 0.6714709304686312 0.7410308964171411 -9.760333124198119e-06 -0.22819190758544308 0.7410308964500985 -0.6714709305031056 -3.500775705487545e-07 0.58492366662514 -6.8131982608296276e-06 -6.9976414926279605e-06 -0.9999999999523067 0.3648461500716306
1625007223168489 1606417124258301 0.681388914635853 0.731921543479881 3.472561335365518e-05 -0.8978032073645513 0.7319215442933705 -0.6813889136079381 -3.762800836821968e-05 -0.11464363694455265 -3.879102005513642e-06 5.1055732334157975e-05 -0.9999999986891324 0.36569469831342094
1625007223417239 1606417124465943 0.6841569368267428 0.7293348236319834 -2.887936150001943e-05 -0.49640752531921783 0.7293348236646745 -0.6841569373071397 -1.1357745018329332e-05 0.31232767243730364 -2.8041614474976254e-05 -1.3292243986136845e-05 -0.999999999518492 0.3650779933394784
1625007223667248 1606417124673462 0.6820475968663136 0.7313077844494711 -4.118001585756531e-06 -0.12975006452762314 0.7313077844220464 -0.6820475968772782 -6.489457772937051e-06 0.702365566890206 -7.554464071690471e-06 1.4145924630663888e-06 -0.9999999999704645 0.36514444365961046
1625007223916617 1606417125088135 0.6921199989898995 0.721782451296746 -1.657517316999555e-06 -0.8239145719497765 0.7217824512874499 -0.692119998990128 -3.981284070516971e-06 -0.08321019284293413 -4.0208218594852985e-06 1.5591594147458966e-06 -0.999999999990701 0.36504094674975995
1625007224167252 1606417125295654 0.6887504037304161 0.7249985388708228 9.091690011525655e-07 -0.4359771107711543 0.7249985388713465 -0.6887504037302787 -5.061360425102367e-07 0.31534600375884725 2.5924262531253163e-07 1.0077476010419193e-06 -0.9999999999994587 0.36502009211043157
1625007224417878 1606417125502930 0.6830040935181547 0.7304145454693585 -2.9495456954943243e-06 -0.11427515483390996 0.730414545467073 -0.6830040935240622 -1.9921927349943378e-06 0.709495765385668 -3.469678335069413e-06 -7.937152854287637e-07 -0.9999999999936656 0.36501667092623996
1625007224668512 1606417125917725 0.6892925237310851 0.7244831371380037 2.712145960390087e-05 -0.9901391042616474 0.7244831376453461 -0.689292523282525 -2.4876291072221932e-05 -0.12127270826499396 6.721659291147613e-07 3.6796081605514357e-05 -0.9999999993227983 0.3657596809924347
1625007224919135 1606417126125000 0.6875248578983897 0.7261608428901609 5.4143642762574715e-06 -0.662993014048806 0.7261608428919115 -0.6875248578086955 -1.2251819174413436e-05 0.21957209151556303 -5.17428130945994e-06 1.2355129563428758e-05 -0.9999999999102888 0.3652010326330177
1625007225169142 1606417126332276 0.6845538687328051 0.7289622766696313 2.0709230296381682e-07 -0.29388799224263645 0.7289622766678996 -0.6845538687304991 -2.392653492231548e-06 0.46908454802493216 -1.6023882997969342e-06 1.7888626812890275e-06 -0.9999999999971162 0.36502799268377384
1625007225419151 1606417126539795 0.6820052380468097 0.7313472877375786 2.592093575205418e-07 0.02617164337627706 0.731347287734705 -0.6820052380450456 2.583942349387064e-06 0.789704126575992 2.066541368469429e-06 -1.5726901565110178e-06 -0.999999999996628 0.36496847450257053
1625007225667900 1606417126954834 0.6994949314114083 0.7146375591290962 4.027703544958409e-06 -0.7368960337016917 0.7146375591321468 -0.6994949313650118 -8.761881151114438e-06 -0.09652194275130546 -3.4442111444647036e-06 9.00723968509055e-06 -0.9999999999535035 0.3649303882716929
1625007225917898 1606417127162354 0.7017111307347662 0.7124615701937762 2.102440672640352e-06 -0.3666040154468652 0.71246157017679 -0.7017111306897656 -9.580140776958766e-06 0.16949830126779583 -5.3501761190109025e-06 8.220399600012516e-06 -0.9999999999519004 0.3650622952846509
1625007226167907 1606417127369995 0.7063328857227501 0.7078798305863172 3.534995900747145e-07 -0.012083507927823483 0.7078798305791555 -0.7063328857131678 -4.8786001140534e-06 0.4255161322944115 -3.203774236671469e-06 3.6961509267703053e-06 -0.9999999999880371 0.3650535819313382
1625007226417909 1606417127577393 0.7117902935950707 0.7023920399849433 -1.068167853112064e-05 0.3319812216114904 0.7023920397506113 -0.7117902936488367 -1.9150561210283087e-05 0.6405438515326123 -2.105431685362908e-05 6.128457614929973e-06 -0.9999999997595789 0.36543489627077796
1625007226668542 1606417127992066 0.7313870163257954 0.6819626326668902 7.487339303845334e-07 -0.3403689218428105 0.6819626326269224 -0.7313870162939966 1.0079095696810471e-05 -0.2068188663546997 7.42118091162385e-06 -6.861111166634907e-06 -0.9999999999489256 0.36508335693459937
1625007226919168 1606417128199341 0.7481671716399645 0.663510273579184 -1.1815141372410426e-05 0.03223423758999099 0.6635102736285748 -0.7481671716893723 3.5292666665811194e-07 -0.03905207702513248 -8.605530434539469e-06 -8.103515830940166e-06 -0.999999999930139 0.3651742685775939
1625007227169175 1606417128406616 0.7622864453008215 0.6472398128288666 -2.087362120668762e-06 0.40699807243967334 0.647239812826481 -0.7622864453036792 -1.757398974751162e-06 0.07847249200820718 -2.728626434503632e-06 -1.1382450844339882e-08 -0.9999999999962772 0.36502703176712065
1625007227418552 1606417128614014 0.7767101391761101 0.6298582060037757 -5.932807847316303e-06 0.7973676850627324 0.6298582060098197 -0.7767101391931944 -1.0224978428487545e-06 0.15311589917222454 -5.252100665823243e-06 -2.942643265478728e-06 -0.9999999999818782 0.3650898401524935
1625007227667935 1606417129028809 0.7973096899401008 0.6035704251787893 -1.3475204273573192e-05 0.1630111677538894 0.6035704252017302 -0.7973096900318547 -2.7524034520040187e-06 -0.9026623552682348 -1.2405180264240505e-05 -5.938716830160091e-06 -0.9999999999054215 0.3651740510072025
1625007227917315 1606417129236328 0.804425462757983 0.5940535959494935 -3.2475042791802285e-06 0.6243664392850499 0.5940535959539652 -0.8044254627610502 5.465520863024748e-07 -0.9094372600908085 -2.287693900351255e-06 -2.3688520098628244e-06 -0.9999999999945774 0.36503495982543915
1625007228166688 1606417129443970 0.8060082562997459 0.5919042918892935 -4.9135364822102425e-06 1.0289552394557209 0.5919042918829891 -0.8060082563144638 -2.80720219189411e-06 -1.000519775470948 -5.621945997934385e-06 -6.457151883730482e-07 -0.9999999999839884 0.36494801719758446
1625007228416690 1606417129651367 0.8036486470475654 0.595104068273823 -5.198852300334839e-06 1.3898755270837595 0.5951040682301296 -0.8036486470577313 -7.917869691187893e-06 -1.0813600783101207 -8.890007082685134e-06 3.269327110757946e-06 -0.9999999999551397 0.3649585264490607
1625007228666696 1606417129858887 0.7885610640736719 0.6149564603997371 6.640062569462234e-06 1.8000893430220883 0.614956460400614 -0.788561064098013 2.150148038747442e-06 -1.0922978541306159 6.558342232681445e-06 2.3878263491991705e-06 -0.9999999999756433 0.3650513831395346
1625007228917956 1606417130066406 0.7620369984435778 0.6475334840783912 2.2063824303682456e-06 2.0624737070508323 0.6475334840726084 -0.7620369984464226 2.8322284899034475e-06 -1.1090663190319257 3.5153078264281517e-06 -7.295563950178412e-07 -0.9999999999935552 0.36499339632288186
1625007229167957 1606417130480957 0.7238372991155899 0.689970697996262 -1.7890355847992582e-05 1.288861173929404 0.6899706979080471 -0.7238372993262877 -1.1695055495556202e-05 -2.0378422380701515 -2.1018952464324205e-05 -3.87850392734378e-06 -0.9999999997715804 0.36523324298948606
1625007229418582 1606417130687988 0.6680989046519211 0.744072478731199 1.4758873820925905e-06 1.4134359580220277 0.7440724787275919 -0.6680989046533766 2.3667413593235542e-06 -1.8925261553296764 2.7470658531091906e-06 -4.830501270409757e-07 -0.9999999999961101 0.3650224533207353
1625007229669213 1606417130895142 0.6057346635952572 0.7956667124632903 1.2106100299767204e-06 1.4101465009272827 0.7956667124621083 -0.6057346635964533 1.3776299662718163e-06 -1.6540993064826934 1.829442765504766e-06 1.2876387844653918e-07 -0.9999999999983182 0.36502730415885154
1625007229919822 1606417131309326 0.577894233997419 0.8161116677826147 -5.106937381351514e-06 0.47233137730468805 0.8161116677648415 -0.577894234019116 -5.4784865771275285e-06 -2.2452522756565103 -7.422326483547368e-06 -1.0018453795089002e-06 -0.9999999999719527 0.36494931907219424
1625007230169847 1606417131516968 0.5087139288068729 0.860935618141226 -7.624054287347521e-06 0.2619318117971711 0.8609356180765784 -0.5087139288626716 -1.0614627444519954e-05 -1.8533650929392704 -1.30169734506364e-05 -1.1640110600013253e-06 -0.9999999999146018 0.36496577546536996
1625007230419854 1606417131828369 0.46758668229009925 0.8839472238465279 -1.8491443125964692e-06 -0.32209110600798563 0.8839472238476728 -0.46758668229145445 -3.5840807216715087e-07 -1.742644305337378 -1.1814490745987968e-06 -1.4669591402394576e-06 -0.9999999999982261 0.3650422173301564
1625007230669232 1606417131828369 0.2923516692184409 0.9563108812041762 3.854613320188932e-07 0.05866924608297651 0.9563108810755779 -0.29235166917246763 -1.6522389585842436e-05 -0.6265296982841122 -1.568785068058349e-05 5.198969040930364e-06 -0.999999999863431 0.3651131734706894
1625007230917994 1606417132762573 0.5639865013491734 0.8257840031827017 -7.992456307969511e-05 -2.704108141250425 0.8257840036277483 -0.5639865051821173 -3.646167641128661e-05 -1.7381498844554137 -7.518584411902161e-05 -4.5436532375520516e-05 -0.9999999961413052 0.3649233937408232
1625007231167988 1606417133073364 0.5563949428204203 0.8309179668322378 1.9252418329998914e-06 -3.2328830149395795 0.8309179668322126 -0.5563949428120172 -3.619331987336974e-06 -1.0826052162880395 -1.9361731566333225e-06 3.613496043670997e-06 -0.9999999999915969 0.36492796733405336
1625007231417365 1606417133695435 0.7256159975987051 0.6880998646458838 -1.753903931052372e-05 -4.301469838931923 0.6880998648666066 -0.7256159972872608 2.1350342893712817e-05 -0.29358488368359 1.9645605545364552e-06 -2.756076093729578e-05 -0.9999999996182725 0.3653553387128202
1625007231667371 1606417134006836 0.738566409622158 0.6741807313664027 -6.046695734004044e-06 -4.2482206163172345 0.6741807313451751 -0.7385664096468999 -5.351450600156551e-06 0.6494491422064455 -8.073731237957284e-06 -1.241640961443531e-07 -0.9999999999673997 0.3649160755504389
1625007231917999 1606417134006836 0.5776544961059245 0.8162813749760564 5.242311494734942e-07 -3.686050104766756 0.8162813749755561 -0.5776544961045098 -1.6510784200452282e-06 1.495886749361051 -1.0449200824140817e-06 1.3816729962567466e-06 -0.9999999999984995 0.3649317139295712
1625007232168627 1606417134318237 0.5967705265044196 0.8024119507066013 -7.958005277788701e-06 -3.4396047919255888 0.8024119507212866 -0.5967705265345814 -1.9399950466492826e-06 2.357084769081847 -6.305778209519858e-06 -5.227866673384191e-06 -0.9999999999664533 0.3650242333231513
1625007232419254 1606417134629639 0.6170020149128651 0.7869615705607271 7.650069663309836e-06 -2.9075589393966306 0.786961570578315 -0.6170020149369495 1.0590503189405328e-06 3.1331710714708456 5.553540298954079e-06 5.366874656579427e-06 -0.9999999999701774 0.36503161495278613
1625007232670513 1606417134940674 0.6474084865205845 0.7621431962354039 -4.204082153025274e-06 -2.1963074279104164 0.7621431962385877 -0.6474084865295056 -1.1269928127052989e-06 3.7626927957813487 -3.5806883683373516e-06 -2.47448789815764e-06 -0.9999999999905278 0.36493752940141677
1625007232920517 1606417135251343 0.6871099267887074 0.7265534725763036 -4.4394440630244623e-07 -1.3663265288845567 0.726553472402833 -0.6871099266377549 -2.1440856558793124e-05 4.052168722710981 -1.5882967396211906e-05 1.4409676030414388e-05 -0.9999999997700463 0.3649592218159516
1625007233171145 1606417135562134 0.7153153618537397 0.6988017838400726 -1.5656989394050155e-06 -0.5944215902654925 0.6988017838384785 -0.7153153618554527 -1.492918230391792e-06 4.03848981915277 -2.1632224259175165e-06 -2.620586761943208e-08 -0.9999999999976599 0.3650506170363286
1625007233420532 1606417135873901 0.7260639891886177 0.6876271399424235 -4.7517449133856545e-06 -0.1367048118830746 0.6876271399422665 -0.7260639892017609 -1.925976893519943e-06 3.8145133142483343 -4.774424850357614e-06 -1.869046298128232e-06 -0.9999999999868557 0.36505195300779525
1625007233670528 1606417136497559 0.7962678016436741 0.6049442848277702 -1.8006492305841103e-05 -0.5986671668368398 0.6049442847986087 -0.7962678018327546 -7.641893354770724e-06 2.3236612592277 -1.8960909757280033e-05 -4.807930987679276e-06 -0.9999999998086838 0.36491164278139976
