1615317786803023 1606417097502930 0.6732677493769708 0.7393987676838817 9.439164303927901e-07 -2.308429397729299 0.7393987676837565 -0.6732677493739679 -2.2627208971235675e-06 -1.073123141585659 -1.0375445522557354e-06 2.2213476512985524e-06 -0.9999999999969945 0.3649930408324841
1615317787052401 1606417097502930 0.6726978037159418 0.7399167636171913 0.000920759727180744 -2.318895940482622 0.7399173325596589 -0.6726971505398459 -0.0009405518786850477 -1.0755494533445722 -7.65376572842085e-05 0.0013139932643333354 -0.999999133781469 0.34847236798120407
1615317787303028 1606417097502930 0.6711594335898146 0.7413130342010608 -5.610866029429112e-06 -2.3079872896474893 0.7413130341507315 -0.6711594336109682 -8.815129030767192e-06 -1.0748226838447943 -1.0300555715027551e-05 1.756948886817548e-06 -0.9999999999454059 0.3648373467159189
1615317787553658 1606417097502930 0.6712029632222104 0.7412736212786175 2.3720752574947977e-05 -2.309015759202894 0.7412736216318204 -0.6712029631244224 -1.3050113875620295e-05 -1.0741745216274179 6.2477342451530105e-06 2.6342843272708826e-05 -0.9999999996335102 0.3650277274740173
1615317787804293 1606417097502930 0.6694645278294772 0.7428440198896638 8.998158394373327e-05 -2.2917577572160495 0.742844025202055 -0.6694645251239641 -6.185967500126706e-05 -1.0830991639052476 1.4287388717751928e-05 0.0001082551401269859 -0.9999999940383476 0.36545223595656123
1615317788054909 1606417097502930 0.6718677171065013 0.7406711623335541 1.4232971426522308e-06 -2.300712324007734 0.740671162331936 -0.6718677171080086 1.5483815307381663e-06 -1.0581856684509974 2.103108950103056e-06 1.3887584725006229e-08 -0.9999999999977883 0.365009643588773
1615317788304292 1606417097502930 0.6754416885249254 0.7374134019617001 3.7861963822377262e-06 -2.301832973160326 0.7374134019687707 -0.6754416885273592 -7.872733432792871e-07 -1.06016951487905 1.976808963169071e-06 3.3237491910555784e-06 -0.9999999999925224 0.36509137339051456
1615317788554299 1606417097502930 0.6774472907144181 0.7355713205197101 2.7148668725587453e-05 -2.296107661681822 0.7355713210076881 -0.6774472904606649 -1.9051871993098833e-05 -1.0568638665472139 4.377781427417542e-06 3.2876421182769754e-05 -0.999999999449988 0.36514995306423476
1615317788803680 1606417097502930 0.6737522099083916 0.7389573462047438 1.1750164673108041e-05 -2.2780151007761598 0.7389573462948538 -0.67375220986779 -7.72027254658989e-06 -1.04841535214875 2.211747301806526e-06 1.3884421194696496e-05 -0.9999999999011655 0.36507548335235646
1615317789053059 1606417097502930 0.6750742926757988 0.7377497537682569 -1.3697147003718173e-05 -2.282511199156144 0.7377497538873398 -0.6750742926388985 7.856584817276473e-06 -1.0399029390998307 -3.4503983102932352e-06 -1.540884526928772e-05 -0.9999999998753312 0.364914659070535
1615317789302433 1606417097502930 0.6739576022709644 0.7387700253302429 4.380673474506335e-06 -2.274410547544447 0.7387700253407077 -0.6739576022723119 -1.3827199587334048e-06 -1.039780904605122 1.930876132273768e-06 4.168204881761284e-06 -0.9999999999894489 0.36504219849231445
1615317789552441 1606417097502930 0.6718915840046429 0.7406495118122639 -6.727972585009542e-07 -2.2702655399420113 0.740649511812519 -0.6718915840039837 9.80047623549323e-07 -1.0458210095873783 2.738249782062287e-07 -1.1567927112414885e-06 -0.9999999999992935 0.3649988682609201
1615317789802448 1606417097502930 0.6732661288600373 0.7394002430727517 1.668055180108802e-05 -2.28010583812493 0.7394002432360344 -0.6732661288510996 -6.986649526319403e-06 -1.0546891219996075 6.064520180180393e-06 1.7037478539284638e-05 -0.9999999998364729 0.36479167395880585
1615317790053071 1606417097502930 0.6729019583514286 0.7397316773330034 -1.1743554235708965e-06 -2.2772677929115117 0.7397316773338425 -0.6729019583512924 5.665619543999368e-07 -1.0570544885004307 -3.711222394791586e-07 -1.2499485559045341e-06 -0.9999999999991499 0.36497355029199735
1615317790303698 1606417097502930 0.6728208709349167 0.7398054297473571 -4.189479769056374e-05 -2.2967496957234332 0.7398054308447588 -0.6728208706528942 2.26041541054735e-05 -1.0579232322044134 -1.1465018315891262e-05 -4.620254550751004e-05 -0.999999998866939 0.3651148992551005
1615317790554337 1606417097502930 0.6737061148132927 0.7389993713580383 -2.614313616117352e-07 -2.2864214308750896 0.7389993713580786 -0.6737061148132901 1.1089360766904933e-07 -1.0532699760799307 -9.417760056653013e-08 -2.6790731346410456e-07 -0.9999999999999597 0.36502208738654246
1615317790804330 1606417097502930 0.6740913069733454 0.7386480284050797 8.491000441699745e-07 -2.289185089241755 0.7386480284050362 -0.674091306973794 4.2496739598437627e-07 -1.0314898240591905 8.862722877043644e-07 3.407192461638567e-07 -0.9999999999995492 0.3650236132402427
1615317791054333 1606417097502930 0.6740105074776084 0.7387217580484685 -1.4848715042934836e-07 -2.290994732854548 0.7387217580475961 -0.6740105074764734 1.6855847577602816e-06 -1.0233811917754647 1.1450962359751993e-06 -1.2457925267843942e-06 -0.9999999999985684 0.3646910534574081
1615317791304338 1606417097502930 0.6766509025712926 0.7363039834514301 2.734389609157594e-06 -2.288772553374367 0.7363039834554874 -0.6766509025718709 -8.482481989270188e-07 -1.0332154953746298 1.225658669191445e-06 2.587309870944685e-06 -0.9999999999959018 0.365053700274585
1615317791553722 1606417097502930 0.6764831962044366 0.7364580674610668 -1.135807235502928e-05 -2.2775045841556727 0.736458067543694 -0.6764831961760223 6.7636315235245345e-06 -1.0324046907689501 -2.7024140882890238e-06 -1.2940227088560392e-05 -0.9999999999126238 0.364932454282188
1615317791803099 1606417097502930 0.6722123209429993 0.7403584237218973 -9.586453885856453e-07 -2.272722823149775 0.7403584237223415 -0.6722123209431698 1.7954761827182069e-07 -1.0293750924041374 -5.114836499747297e-07 -8.304353099983974e-07 -0.9999999999995244 0.3648890596715854
1615317792052487 1606417097502930 0.6742847063255023 0.7384714853216073 1.3670977614144519e-05 -2.2875094931079905 0.7384714854423338 -0.6742847062781203 -8.51395844017597e-06 -1.036897803167818 2.9308155897984273e-06 1.5836459112632425e-05 -0.9999999998703084 0.3651031556621324
1615317792302481 1606417097502930 0.6710843683327608 0.7413809888179975 -1.7701039083580415e-06 -2.266570584189318 0.7413809888198968 -0.6710843683324679 8.427099896683285e-07 -1.0440805272073024 -5.631198977949164e-07 -1.8778508869925348e-06 -0.9999999999980783 0.3649895632706163
1615317792552484 1606417097502930 0.6716809109323113 0.7408405725188928 1.8667838882843895e-06 -2.2717348847061984 0.7408405725205568 -0.6716809109329894 -3.296026887305604e-07 -1.0605511874551292 1.0097000579727082e-06 1.6043770787774635e-06 -0.9999999999982032 0.3650235651013805
1615317792802487 1606417097502930 0.6700915781822151 0.7422784362001986 -2.4334030490371536e-06 -2.2840188834106887 0.7422784362040576 -0.6700915781804354 1.6054917274568357e-06 -1.0561100680392055 -4.3888100068838193e-07 -2.882089095297093e-06 -0.9999999999957505 0.3649892197493793
1615317793053744 1606417097502930 0.670072465597572 0.7422956896338764 1.8503585616113418e-06 -2.2902613525568154 0.74229568963576 -0.6700724655977689 -6.030937542143256e-07 -1.040815622866224 7.922004294186751e-07 1.7776297034336449e-06 -0.9999999999981062 0.36500860958169395
1615317793304366 1606417097502930 0.6713257067747169 0.7411624622354444 9.928118703537442e-07 -2.301093199957461 0.7411624622360152 -0.6713257067747049 -3.9470131215042405e-07 -1.0470130991723068 3.739623341977357e-07 1.0008080277105832e-06 -0.9999999999994292 0.3650168863922446
1615317793555002 1606417097502930 0.6720267411450004 0.7405268793350497 -1.3144917002292705e-05 -2.291039980350884 0.7405268794420109 -0.6720267411211966 6.809332057324064e-06 -1.0519697369768035 -3.7912423165846594e-06 -1.4310217600057753e-05 -0.9999999998904221 0.36491177106258277
1615317793805007 1606417097502930 0.6697359232722381 0.7425993489264232 7.563102062626768e-06 -2.30367730825686 0.7425993489632154 -0.6697359232578807 -4.667779086416818e-06 -1.043095595485747 1.5989914320978288e-06 8.742534003901682e-06 -0.9999999999605057 0.36504743745681784
1615317794054389 1606417097502930 0.6675279831214371 0.744584710915876 4.9611804912253435e-06 -2.298465586244437 0.7445847109290907 -0.6675279831235268 -1.4643971813925493e-06 -1.0338196580421297 2.2213590552413055e-06 4.671545238899313e-06 -0.9999999999866211 0.36504279370383
1615317794304385 1606417097502930 0.669575900132347 0.7427436394643299 -1.3054731173208822e-06 -2.2947828030110533 0.7427436394653377 -0.6695759001322644 5.63830280819039e-07 -1.0158900028604925 -4.553319828118651e-07 -1.3471590221813434e-06 -0.9999999999989889 0.36498989099871026
1615317794553761 1606417097502930 0.670917331825445 0.7415321492897096 -7.369175573906677e-05 -2.24290864962292 0.7415321528328445 -0.6709173301820548 4.879483668444978e-05 -0.9750041027674617 -1.3258135895992846e-05 -8.738210791421658e-05 -0.9999999960942945 0.36457004598792336
1615317794803148 1606417097502930 0.67119314944035 0.7412825076458276 -2.66890301319682e-06 -2.151520270561003 0.7412825076494812 -0.6711931494413023 6.542706093834655e-07 -0.891003590790277 -1.306350060975316e-06 -2.417553069188733e-06 -0.9999999999962245 0.36495750706008956
1615317795053155 1606417097502930 0.677427954437189 0.7355891288965561 8.467183352579875e-07 -2.007596710369588 0.7355891288970131 -0.6774279544370431 -4.9236318109428e-07 -0.746135040446424 2.1141366635580211e-07 9.563773852603028e-07 -0.9999999999995203 0.36499844832099765
1615317795303154 1606417097502930 0.6901522153233861 0.7236642311932265 -1.342401945064585e-05 -1.8029376119801592 0.7236642313106731 -0.690152215279858 8.384658500170632e-06 -0.5439954246700576 -3.196939314472262e-06 -1.5501173355439364e-05 -0.9999999998747466 0.36493669912015264
1615317795553158 1606417097502930 0.7070045001449216 0.7072090410674831 9.493000656088163e-05 -1.5282609789905601 0.7072090471939951 -0.707004497062602 -6.859069989905231e-05 -0.30183475652701824 1.8607978442927818e-05 0.0001156292929865024 -0.9999999931418049 0.36546867009304274
1615317795803783 1606417097502930 0.7283793206938907 0.6851741130469414 5.559809140104e-07 -1.1893348591182766 0.6851741130471667 -0.7283793206936803 -5.540390153198849e-07 -0.036842257704871824 2.5351809550286177e-08 7.844942912430871e-07 -0.9999999999996919 0.3649991355456856
1615317796053792 1606417097502930 0.7509892945321139 0.6603142959584037 -0.0003317462595342293 -0.7391257608674053 0.6603143750845017 -0.7509892516955852 0.00026438406587372986 0.2176298677921932 -7.456129688022171e-05 -0.00041760642716607747 -0.9999999100227385 0.3632798754838336
1615317796304419 1606417097502930 0.7725607827723803 0.6349408137151655 -2.3056714188926547e-06 -0.23563479448061558 0.6349408137192595 -0.772560782769134 2.2656648635324694e-06 0.5741659217020796 -3.42708224130198e-07 -3.214328707344287e-06 -0.9999999999947753 0.3649791246103181
1615317796554420 1606417104969727 0.774654740633565 0.6323844027152996 -4.563285027546036e-06 -0.4634386747926757 0.6323844027049066 -0.7746547405139921 1.4806203454413082e-05 0.1664553864163869 5.8282417490821614e-06 -1.4355445973231044e-05 -0.9999999998799763 0.3651893648049599
1615317796803802 1606417105591919 0.7763041304741023 0.630358546395039 2.1701687746231674e-07 -0.6865158349994903 0.6303585463663224 -0.7763041304353566 -9.818729498026761e-06 -0.2731631081311131 -6.0208489554606155e-06 7.759118708722863e-06 -0.9999999999517727 0.36506616427219285
1615317797053180 1606417105591919 0.7914306767367093 0.6112589327856978 3.1846973634253034e-05 0.005522969070998217 0.6112589334512987 -0.7914306766571529 -1.8067851346060182e-05 0.2812617764219009 1.4160536361284388e-05 3.3766198955240413e-05 -0.9999999993296615 0.36481093100912465
1615317797303188 1606417106006592 0.7931259240725498 0.6090576890285295 1.9381613529051626e-06 0.004914542970036264 0.6090576889738246 -0.7931259239494435 -1.6299412458554467e-05 0.03940973494465466 -8.390076470725266e-06 1.410793864245794e-05 -0.9999999998652863 0.3651567994691476
1615317797553193 1606417106421387 0.789262547143124 0.6140558863881146 8.586044101422774e-06 -0.07595913730905691 0.6140558862235734 -0.7892625471554813 1.6009027245773714e-05 -0.3289637575929606 1.6607080453056213e-05 -7.363014701412742e-06 -0.9999999998349954 0.3655702584448905
1615317797803192 1606417106732422 0.785017163264311 0.6194740134829817 -2.050883984550132e-06 -0.11470690866737537 0.6194740134843517 -0.7850171632659079 4.1977078641136454e-08 -0.4716459144850097 -1.5839754183553746e-06 -1.3034220602941261e-06 -0.999999999997896 0.36484056741754833
1615317798053197 1606417106732422 0.7819636699265692 0.6233240078919384 1.0245375935919103e-05 0.6296228258132953 0.623324007960215 -0.7819636699184512 -5.70498987141986e-06 0.20376541619397764 4.455454614899206e-06 1.084728360816139e-05 -0.9999999999312427 0.3645015543811179
1615317798304451 1606417107043579 0.7731318717645391 0.6342453058656103 2.9219241835719615e-05 0.6688256636087826 0.6342453065383789 -0.7731318708999456 -3.656847422777289e-05 0.0732749953594065 -6.030560149033228e-07 4.680441992210186e-05 -0.9999999989044913 0.36470226626483465
1615317798554454 1606417107354736 0.7662517158047644 0.6425405107065406 1.1475980593900287e-05 0.6718502056912332 0.642540510806496 -0.7662517156294458 -1.6490105196431786e-05 -0.14375459770803395 -1.8020707959094992e-06 2.0009353833332366e-05 -0.9999999997981891 0.36444317415435595
1615317798804453 1606417107665772 0.7609661577130412 0.6487915736207808 2.861096968737093e-05 0.6598966892051233 0.6487915742516119 -0.760966156960959 -3.3832671661062005e-05 -0.3539242974311026 -1.7837263685007298e-07 4.430807422332084e-05 -0.9999999990183813 0.3648119248064743
1615317799053830 1606417107976807 0.7544507211949842 0.6563566933912461 1.8257690068078964e-05 0.6282982430483455 0.6563566936023485 -0.754450721171652 -9.562029928131499e-06 -0.5181681976251937 7.498425093037424e-06 1.919763746122471e-05 -0.9999999997876121 0.36492594160354414
1615317799303213 1606417108287964 0.7459445234133865 0.6660080840177709 -4.1254232756701845e-06 0.5640226236891515 0.666008083787904 -0.7459445232945139 -2.237298050572104e-05 -0.7050884290090269 -1.7977922779099966e-05 1.3941437030002813e-05 -0.9999999997412153 0.36504862995454485
1615317799553222 1606417108495361 0.7343900658458918 0.6787276561086792 4.954845348067132e-06 0.8917166819557913 0.6787276558472973 -0.734390065314444 -3.4057961833231235e-05 -0.48736935669639714 -1.9477291408074395e-05 2.8374819401399705e-05 -0.9999999994077524 0.36500506205583644
1615317799802601 1606417108910401 0.7249769911775437 0.6887730847244083 5.181149236025875e-06 0.450738466453767 0.6887730847280763 -0.7249769910893992 -1.2230989172775573e-05 -1.0019214971105042 -4.668162158233874e-06 1.2435821871310236e-05 -0.9999999999117793 0.3649537050465525
1615317800052642 1606417109117676 0.7104076034046146 0.7037904780134248 -9.328056766231385e-06 0.71468309851069 0.7037904780308709 -0.7104076034462581 -1.8132971486008529e-06 -0.8356965532692773 -7.902903719085605e-06 -5.276817448995372e-06 -0.9999999999548497 0.3649131431599684
1615317800303227 1606417109325195 0.6968137583539695 0.7172521076908643 1.3641619642169105e-05 0.9349258319746566 0.7172521077641143 -0.6968137584117476 -7.037362872530126e-07 -0.6103708116341825 9.000911918372536e-06 1.0274853568850011e-05 -0.9999999999067055 0.3649286089102801
1615317800553871 1606417109532715 0.6820746908369721 0.7312825145694605 -3.0135009876039124e-06 1.1853865233347707 0.7312825145743257 -0.6820746908378277 8.935414333305516e-07 -0.3182977872089866 -1.4020015282178329e-06 -2.8131825767701307e-06 -0.9999999999950602 0.365000569056051
1615317800804489 1606417109947388 0.6719477006744052 0.7405986008104029 6.365436394437011e-06 0.589456695635799 0.7405986008304496 -0.6719477006047697 -1.0218047447455117e-05 -0.9377768760649264 -3.2902312940044356e-06 1.1580226775068837e-05 -0.9999999999275364 0.3649810317085672
1615317801055110 1606417110154785 0.6634455254565149 0.7482245884395552 3.263808945361996e-06 0.8367210476970811 0.7482245884259756 -0.6634455253994043 -1.0332147967980113e-05 -0.6500028169592504 -5.565407720467141e-06 9.296879442534752e-06 -0.9999999999412972 0.3649522909009721
1615317801305122 1606417110362061 0.6571598644468969 0.7537512271695175 1.0249285215361186e-05 1.0996629390235946 0.7537512272020668 -0.6571598644887428 9.904521410520326e-07 -0.33870043064205746 7.4819733999871545e-06 7.074525914251822e-06 -0.9999999999469856 0.364891769239437
1615317801555123 1606417110776978 0.6591752645557646 0.7519893419355917 1.4750555071400269e-05 0.4101038078033463 0.7519893420799647 -0.6591752644112898 -1.3817142123360583e-05 -0.9742369626294125 -6.67142573371372e-07 2.020017851798228e-05 -0.9999999997957538 0.3647811196672263
1615317801803877 1606417110984375 0.6504670615740051 0.759534463828219 -8.30208836558627e-06 0.6197371541161877 0.7595344638699938 -0.6504670614984206 1.0188061256463887e-05 -0.7017002991495814 2.3379486204090236e-06 -1.293272050435603e-05 -0.9999999999136394 0.3650397894031745
1615317802053891 1606417111192017 0.6476526830254825 0.761935694128872 -1.3664312168998542e-05 0.8199738142864547 0.7619356939294161 -0.6476526831690106 -1.7456977726617252e-05 -0.3359647034162473 -2.2150822881383787e-05 8.947312876036697e-07 -0.9999999997542702 0.3649416892810952
1615317802302632 1606417111606934 0.6498964075602329 0.7600228018683567 -9.216379674935332e-06 0.05659109709755847 0.7600228017689105 -0.6498964076247938 -1.2336477504898339e-05 -1.0369216794915785 -1.536569624047112e-05 1.0127737096684018e-06 -0.9999999998814348 0.3650431949517404
1615317802552633 1606417111814331 0.6482287940309607 0.7614456189018768 -6.983533072455329e-06 0.2815363406019935 0.7614456188841463 -0.6482287940661862 -5.486616174913666e-06 -0.7144737903756048 -8.704687070843792e-06 -1.7609980759746919e-06 -0.9999999999605637 0.3650729529243098
1615317802802637 1606417112021729 0.6498933146321173 0.7600254466786477 1.3664570385361485e-06 0.49337359685042725 0.7600254466787936 -0.6498933146271068 -2.8562587272927506e-06 -0.33337693146827274 -1.2827780209677977e-06 2.8948055728015525e-06 -0.9999999999949873 0.36499724615335344
1615317803053274 1606417112229004 0.6561759099816089 0.7546079611920404 -8.358522715554458e-06 0.7119133414863779 0.7546079612358005 -0.656175909967848 4.677668991143031e-06 0.005624864349360019 -1.9548549883238227e-06 -9.376781492162774e-06 -0.9999999999541272 0.3650440084358204
1615317803303276 1606417112643555 0.6650331091482836 0.7468138748977873 1.0883271412149064e-06 -0.08358370694862545 0.7468138748967209 -0.6650331091426694 -3.200731942237484e-06 -0.7209680369463201 -1.6665774418012827e-06 2.9413705245758208e-06 -0.9999999999942855 0.3649687679318431
1615317803554530 1606417112851074 0.6676450350070251 0.7444797560718254 -5.845430232552992e-06 0.17268152473034243 0.7444797560918974 -0.6676450350056914 2.4624041122627327e-06 -0.393754647325889 -2.069462459383934e-06 -5.9958163535029595e-06 -0.9999999999798838 0.3650816605241502
1615317803804534 1606417113058594 0.6697284225683588 0.7426061136276599 -3.374334542347465e-06 0.49316804389282476 0.7426061136337772 -0.6697284225507664 5.085781677206018e-06 -0.06912543776552985 1.5168448158604324e-06 -5.911894000781902e-06 -0.9999999999813743 0.36501883615223185
1615317804053913 1606417113266113 0.6727569430566506 0.7398635655109403 1.7246880289343222e-06 0.7700443224573025 0.7398635654652919 -0.6727569430379452 9.782140041337012e-06 0.2671380943205343 8.397744855332218e-06 -5.304968796347394e-06 -0.9999999999506676 0.3649959801251773
1615317804303916 1606417113681030 0.6711345016280964 0.7413356056464281 2.3015555766357176e-05 0.00633600257125292 0.7413356059343101 -0.671134501666615 -7.153953403914365e-06 -0.4814701013218509 1.0143053170354413e-05 2.1863515932325207e-05 -0.9999999997095526 0.36506194312488677
1615317804553293 1606417113888428 0.67011175700644 0.7422602192383616 7.901061570784567e-06 0.27695654310949874 0.7422602192799316 -0.6701117569801718 -5.993394255717261e-06 -0.1905838232084962 8.459361169744767e-07 9.880887649183723e-06 -0.9999999999508262 0.3649980516240239
1615317804802674 1606417114095703 0.6675076569236325 0.7446029330278103 8.897754109624802e-06 0.593771644918213 0.7446029330390721 -0.6675076569651827 2.632257138346855e-06 0.17121106021650198 7.899305383646797e-06 4.868242012637802e-06 -0.9999999999569505 0.3649945490664448
1615317805052676 1606417114510376 0.669770255557286 0.7425683837074327 1.7126710483877824e-05 -0.24599770647607686 0.7425683839042881 -0.6697702553480109 -1.6771979981242127e-05 -0.6655406259454579 -9.83380812183931e-07 2.395112704379453e-05 -0.9999999997126883 0.36513183618865663
1615317805302679 1606417114717529 0.6714300890313841 0.7410679020825135 7.127066329051402e-06 0.05578499667507811 0.7410679021143667 -0.6714300889735723 -9.012088707471215e-06 -0.2772553472827044 -1.893242892387426e-06 1.1332627615890891e-05 -0.9999999999339936 0.3649572146560886
1615317805553307 1606417114924927 0.6715588520681971 0.7409512184559329 9.054240269464552e-06 0.36217098586819696 0.7409512185109062 -0.6715588520059149 -9.174243220485326e-06 0.0665837576402039 -7.172114914806477e-07 1.2869794606065106e-05 -0.999999999916927 0.36497029941851117
1615317805803941 1606417115132446 0.6700960985002306 0.7422743554617821 -1.7408804528046431e-06 0.6412730108889713 0.7422743554628957 -0.6700960985012585 -9.764983375297351e-09 0.3771548656073773 -1.1738054961198633e-06 -1.285667438778948e-06 -0.9999999999984847 0.3649927494810083
1615317806054561 1606417115547363 0.672927245438298 0.7397086681582773 -9.275126930626996e-05 -0.28440882718247407 0.7397086733064473 -0.6729272448657951 4.1916720933551447e-05 -0.5365827936637277 -3.1408694296684816e-05 -9.681582192143411e-05 -0.9999999948200953 0.36444493257788
1615317806304568 1606417115754761 0.6720528490932326 0.7405031856928453 2.980226362778856e-06 -0.0516962283167898 0.7405031856907869 -0.6720528490992512 1.959723290463891e-06 -0.25946808878523364 3.4540509577234944e-06 8.898294949247957e-07 -0.9999999999936389 0.364976989316712
1615317806554576 1606417115962158 0.6696918996292908 0.7426390506383497 -6.507554659969455e-06 0.15912703652381152 0.7426390506660189 -0.6696918995896162 7.375065138522049e-06 0.025332640343409152 1.118954730947246e-06 -9.771785597321718e-06 -0.99999999995163 0.36495056955073535
1615317806803960 1606417116169678 0.668083876303686 0.7440859723337029 -1.9273934863667003e-06 0.3713827273163838 0.7440859723341335 -0.6680838763056935 -6.25777530856876e-07 0.30171411218779837 -1.7532927940465202e-06 -1.016074577852757e-06 -0.9999999999979468 0.3650188406601247
1615317807053334 1606417116377197 0.6645706154286122 0.7472254660481948 -1.535915475516054e-06 0.5791051801544443 0.7472254660496215 -0.6645706154283844 7.280786642619679e-07 0.5675729419775444 -4.766853735857261e-07 -1.631534842990683e-06 -0.9999999999985554 0.36498427954875695
1615317807303337 1606417116791992 0.6599335985782785 0.7513239284044105 8.885554539027626e-06 -0.36249741041729705 0.7513239284568988 -0.6599335985275763 -8.18547661613127e-06 -0.3503544732262517 -2.8606846524001463e-07 1.2077800782115156e-05 -0.9999999999270225 0.3649371633165721
1615317807552715 1606417116999512 0.6559602153023977 0.7547954661835607 -1.317721328461784e-05 -0.17575688631515068 0.754795466298548 -0.6559602152078347 1.1140659299987587e-05 -0.0652560469622792 -2.3480853209060629e-07 -1.7253930118670535e-05 -0.9999999998511234 0.3646531945807791
1615317807803343 1606417117206787 0.6520097649488701 0.7582105686137449 -7.62930726775568e-06 -0.03951153339460469 0.7582105686521288 -0.6520097649156548 6.581303163866517e-06 0.18280269336001265 1.563077597597186e-08 -1.0075695330814217e-05 -0.99999999994924 0.36478811563274555
1615317808054017 1606417117414307 0.6471127062660871 0.762394350315357 8.19280074704573e-07 0.09923057691800552 0.7623943503155278 -0.6471127062645812 -1.5361073160465617e-06 0.5143791331269283 -6.409529928998317e-07 1.618649062679261e-06 -0.9999999999984845 0.3650761520313676
1615317808303973 1606417117621826 0.6490757238085487 0.7607238031904785 -5.127197318004855e-06 0.22758285276794557 0.7607238032028758 -0.6490757238137858 7.923797849010033e-07 0.7672774433569506 -2.725157146772876e-06 -4.41469552593026e-06 -0.999999999986542 0.364981358267637
1615317808554603 1606417118036621 0.631844017135007 0.7750955670205453 -5.118460113283977e-07 -0.8199679187334938 0.7750955670206108 -0.6318440171351263 -9.977240382008745e-08 -0.07775367412793746 -4.0073998786336515e-07 -3.336889779481766e-07 -0.999999999999864 0.36501399075505264
1615317808804606 1606417118244019 0.6357033761795203 0.771933427964098 1.7607427504076402e-05 -0.6870390937819459 0.7719334281281476 -0.6357033762064772 -4.741052439212893e-06 0.1951561052214768 7.533324249076152e-06 1.660566491595425e-05 -0.9999999998337504 0.365215444362669
1615317809054616 1606417118451172 0.6479037441064918 0.7617222175877857 4.012980352217151e-05 -0.5623210307942442 0.7617222186111821 -0.6479037436741548 -2.472931963432018e-05 0.46779302744869283 7.163377743615584e-06 4.6589981751517515e-05 -0.9999999988890298 0.36553993489409997
1615317809303996 1606417118658692 0.6628124088469651 0.7487854902677648 1.572934509415674e-05 -0.43263069593769726 0.7487854903958637 -0.6628124084587359 -2.3879305121850633e-05 0.6876550024879247 -7.454872087565243e-06 2.7605405129277765e-05 -0.9999999995911832 0.3652591673094004
1615317809553369 1606417118865967 0.6776781118318295 0.7353586721764703 1.8358827924915829e-06 -0.31893980381539994 0.7353586719930789 -0.6776781116024946 -2.4164395284337297e-05 0.8502291871700334 -1.652536004626124e-05 1.7725714102029913e-05 -0.9999999997063558 0.365188029076442
1615317809803373 1606417119073242 0.6935887872157781 0.7203711503185936 6.455846532689333e-06 -0.1443789590796894 0.7203711503453049 -0.6935887872080244 -3.734907340480673e-06 1.013801720666183 1.7871832698096873e-06 7.241095445837297e-06 -0.9999999999721862 0.3649983890464193
1615317810052761 1606417119488037 0.6726526269582104 0.7399584065658114 1.8081289084967672e-06 -1.0027884149768804 0.7399584065674896 -0.672652626958647 -4.455331416857933e-07 0.015665531389428774 8.865666665841563e-07 1.637629224148122e-06 -0.999999999998266 0.3649693469885794
1615317810302757 1606417119695313 0.6839499470006568 0.7295289370556953 -8.072501816199594e-07 -0.7977748851969827 0.7295289370533602 -0.6839499469945741 3.518423273180699e-06 0.20690827527573416 2.0146728716606966e-06 -2.9953377781444754e-06 -0.9999999999934845 0.3649366572596049
1615317810552759 1606417119902832 0.6977055038269786 0.7163846940412615 8.798610601751963e-06 -0.5809321312134113 0.7163846939968485 -0.6977055034748633 -2.5147461853059054e-05 0.3417147647185177 -1.1876417725716811e-05 2.384871250563857e-05 -0.9999999996450948 0.3653885388523882
1615317810803392 1606417120110352 0.710537735200506 0.7036590984272902 7.81626274114862e-06 -0.376854560293237 0.7036590984623169 -0.7105377352024312 -3.0107599244149444e-06 0.5345013976240274 3.4352010118403805e-06 7.63924293169042e-06 -0.9999999999649207 0.36482020609217347
1615317811054012 1606417120317871 0.7241264509563272 0.6896672262981219 -3.383712238946523e-07 -0.0922808139655295 0.689667226280788 -0.7241264509414397 -6.751650137541421e-06 0.7310200790012549 -4.901415376742135e-06 4.655684908749604e-06 -0.9999999999771504 0.3647175605216804
1615317811304018 1606417120732544 0.7018232571879468 0.7123511182230465 6.398581349360141e-06 -0.8507145590886425 0.7123511181833053 -0.7018232572167152 7.561777556384923e-06 -0.17340930963748996 9.877313902196742e-06 -7.489947757475532e-07 -0.9999999999509388 0.36534175994490836
1615317811554028 1606417120939819 0.7085664355532083 0.7056441074651201 3.411861737030685e-06 -0.4986513701335786 0.705644107458065 -0.7085664355614024 3.159966923120831e-06 -0.00023347338250921955 4.647342748710692e-06 1.6851363101520923e-07 -0.9999999999891869 0.36508379271131197
1615317811804030 1606417121147217 0.7127488185725583 0.7014193610982821 -3.878614923907185e-05 -0.15749435467336573 0.701419361966974 -0.7127488186084944 1.531353087493546e-05 0.19285278674246845 -1.6903575006027422e-05 -3.812005709162513e-05 -0.9999999991305653 0.36445895445000903
1615317812053411 1606417121354492 0.7180627885652988 0.6959783269839764 -7.132852703710266e-06 0.1383570885765367 0.6959783266544597 -0.7180627878175002 3.979300835312554e-05 0.46245797849584447 2.257323528169953e-05 -3.353818943237367e-05 -0.9999999991828195 0.3652235726646831
1615317812303412 1606417121769409 0.6818294182415547 0.731511205828523 -1.3120541756968328e-05 -0.48869694226201604 0.7315112059020373 -0.6818294178936603 2.321648040243942e-05 -0.24011894131343753 8.03714422566428e-06 -2.542750264908204e-05 -0.9999999996444232 0.3647309396232319
1615317812552788 1606417121976807 0.6871725260175497 0.7264942666606055 -6.280296478495255e-07 -0.11238754648294559 0.7264942666604115 -0.6871725260158738 1.7261897314095663e-06 0.1431100753216364 8.2250222350998e-07 -1.6424500965700504e-06 -0.9999999999983129 0.3650053005656703
1615317812803421 1606417122184326 0.6928578676378822 0.7210741814455092 -1.0461425783765408e-05 0.2247313285171807 0.7210741814970278 -0.6928578676608252 1.8306675886884998e-06 0.5125335532483801 -5.928234028206056e-06 -8.811856476153365e-06 -0.9999999999436037 0.3649517769744304
1615317813054051 1606417122599121 0.6644349109569362 0.7473461369577751 2.6084561621892113e-05 -0.36474344281396864 0.7473461370409477 -0.6644349113227721 8.362932275390013e-06 -0.09717769383467144 2.3581498517734875e-05 1.39375722027588e-05 -0.9999999996248286 0.36523004393681024
1615317813304056 1606417122806397 0.6680950371048824 0.7440759512915223 1.048366689815931e-05 0.011388894950655846 0.7440759513428314 -0.6680950371280077 -1.628468822622748e-06 0.331586791153862 5.792381337208873e-06 8.888616359263678e-06 -0.9999999999437205 0.36533427862076895
1615317813554684 1606417123013672 0.6710591265805571 0.7414038363567818 8.535316999198183e-06 0.38800266731080196 0.7414038363871969 -0.6710591266009484 -6.200126494682265e-07 0.7570311349143583 5.268022613826884e-06 6.744181914992406e-06 -0.999999999963382 0.365238673183132
1615317813804686 1606417123428223 0.6577771743249821 0.7532125788282433 -6.0344775191342554e-06 -0.3474745355305862 0.753212578846807 -0.657777174329893 1.410514839073195e-06 0.20366415947895444 -2.906924051673078e-06 -5.473048839356997e-06 -0.9999999999807978 0.3648063221497336
1615317814054067 1606417123635742 0.6554925219902591 0.755201664201641 -2.5272197645464136e-06 0.011857947113269306 0.7552016642012039 -0.6554925219943022 -1.3216527632281043e-06 0.689367139174921 -2.6546880233770076e-06 -1.0422270690215216e-06 -0.9999999999959331 0.3650449545734874
1615317814303437 1606417124050781 0.6579856220331938 0.753030491546453 -1.8340924677526898e-06 -0.6593983967417926 0.7530304914926513 -0.6579856220119925 -1.0596830092419872e-05 0.020291586603872647 -9.186542646530442e-06 5.591434287493677e-06 -0.9999999999421717 0.36496639979655904
1615317814552820 1606417124258301 0.6564640572988673 0.7543573032174744 2.3698823681803406e-05 -0.2776539591422342 0.7543573035760023 -0.6564640567734048 -2.6657318062799804e-05 0.4991906337790347 -4.551716629939758e-06 3.537695190266126e-05 -0.9999999993638766 0.3655358973057141
1615317814803449 1606417124673462 0.6729806535645477 0.7396600840466956 -5.786861316791681e-07 -0.934451233795402 0.7396600839195228 -0.6729806534629481 -1.8033675582362363e-05 -0.09647249472517246 -1.3728234567937732e-05 1.1708283746842224e-05 -0.9999999998372259 0.36538168026515744
1615317815053459 1606417124880860 0.6778079327064003 0.7352390130860527 9.943874843205027e-07 -0.4989090876904161 0.7352390130862454 -0.677807932706883 2.2562950458547607e-07 0.3876932943447781 8.398953393295237e-07 5.781790045351781e-07 -0.9999999999994802 0.36498791609561493
1615317815304088 1606417125088135 0.6816206753378966 0.7317057160868964 -1.4619448026592907e-06 -0.044707230784022146 0.7317057160882672 -0.6816206753374424 8.663264638330776e-07 0.7986945804768995 -3.6259577810996887e-07 -1.6602193980486022e-06 -0.999999999998556 0.36498031653952834
1615317815554715 1606417125502930 0.6966726205904847 0.7173891967502859 1.048960130751935e-05 -0.7485600469454105 0.7173891968172158 -0.6966726204302636 -1.5402778856163895e-05 -0.023417534503281368 -3.741969121159092e-06 1.825582096699277e-05 -0.9999999998263613 0.365403718874121
1615317815804720 1606417125710205 0.6971198004155166 0.7169546591939988 2.308923569320976e-05 -0.33132982117359056 0.7169546595221757 -0.6971198003668241 -1.1420418633888606e-05 0.3532751300794504 7.90804102754298e-06 2.4515335073715764e-05 -0.9999999996682306 0.3654602251306089
1615317816054759 1606417125917725 0.6953136034839773 0.7187064719417194 1.9179088924835393e-06 0.10832166772609168 0.7187064719439279 -0.6953136034837979 -8.679171061593096e-07 0.6701531748813307 7.097705018791408e-07 1.981888104231321e-06 -0.9999999999977842 0.3650309041152253
1615317816304726 1606417126332276 0.7097068296176061 0.704497136969583 -5.025610342034384e-07 -0.6247517474238243 0.7044971369425337 -0.7097068295837233 9.298312050851655e-06 -0.15774535261585998 6.193963220204111e-06 -6.953128376124768e-06 -0.9999999999566445 0.3648295396061183
1615317816554107 1606417126539795 0.7083880149640883 0.7058232216777623 3.582984021327147e-07 -0.18963351156451808 0.705823221647903 -0.7083880149386141 8.852708841381399e-06 0.10904385520294163 6.502261768826975e-06 -6.018257510683168e-06 -0.9999999999607506 0.36494799595761684
1615317816804107 1606417126747437 0.7073097572496884 0.7069037468449744 6.236060167731361e-07 0.25671480182787887 0.7069037468416418 -0.7073097572486217 2.5708866789271453e-06 0.4290947581465692 2.2584520463849764e-06 -1.377583802975418e-06 -0.9999999999965008 0.36500938453493614
1615317817053480 1606417127162354 0.7182009890974246 0.6958357127932414 8.091241081732854e-06 -0.4571311364515726 0.695835712730457 -0.7182009891421098 9.415810784285165e-06 -0.3706526428047656 1.2362994756869565e-05 -1.1322701134437553e-06 -0.9999999999229372 0.3649321056855598
1615317817303491 1606417127369995 0.7144250149079646 0.6997120108037295 -3.9014958907778e-06 -0.05050720141055615 0.6997120107420289 -0.7144250149030648 -1.0419600655903335e-05 -0.11321786777552457 -1.0078045986604663e-05 4.714099819280332e-06 -0.9999999999381052 0.36516973400003117
1615317817552871 1606417127577393 0.7060394918385179 0.7081724620217846 1.6961158730800288e-06 0.3724176751074966 0.7081724620168308 -0.7060394918401665 2.7505007645429947e-06 0.22315939640151614 3.145353687343652e-06 -7.408196083928358e-07 -0.999999999994779 0.3649419402088198
1615317817803500 1606417127992066 0.7116252968371142 0.7025592052670692 6.772815613836104e-07 -0.30120941553105346 0.7025592052310582 -0.7116252968097818 9.484684372813536e-06 -0.5809457929410047 7.145523007300305e-06 -6.273710936712458e-06 -0.999999999954791 0.36501512577821654
1615317818054139 1606417128199341 0.7038074110354958 0.7103908277656654 -1.5461837601261718e-06 0.09018238883617762 0.7103908277458401 -0.7038074109955833 9.313420695117152e-06 -0.24052400558213818 5.5279530477839695e-06 -7.653249268500947e-06 -0.9999999999554348 0.36517100361316224
1615317818304129 1606417128406616 0.6952208906034337 0.7187961555726032 -2.6607884895276694e-06 0.4243799495476389 0.7187961555763249 -0.6952208906042796 7.438680227066834e-07 0.10365207306191487 -1.3151462684211493e-06 -2.429717126306355e-06 -0.9999999999961834 0.36503895351793747
1615317818554756 1606417128821533 0.7009091031793426 0.7132506074899536 -8.555451338747933e-08 -0.2897996357013714 0.7132506074899457 -0.7009091031793014 2.762621052238575e-07 -0.726324217816414 1.3707817712570372e-07 -2.54656433061449e-07 -0.9999999999999581 0.36500720657592817
1615317818804762 1606417129028809 0.6958434718957007 0.7181934715780359 2.700334893572307e-06 0.03182691050732525 0.7181934715831033 -0.6958434718913752 -2.4561861415299414e-06 -0.3379747014965045 1.1499355578525947e-07 3.6484839839878377e-06 -0.9999999999933377 0.3649943680568318
1615317819054769 1606417129236328 0.6968711485270073 0.71719634853677 -7.995116409439241e-07 0.4303764358177243 0.7171963485367943 -0.6968711485249562 1.8608948454835161e-06 -0.03084945661393852 7.774703927062705e-07 -1.870210757753554e-06 -0.999999999997949 0.3650418725026238
1615317819304140 1606417129443970 0.6927731574191595 0.721155567336985 -7.926226110240337e-06 0.7322728198399622 0.7211555672819866 -0.6927731574643482 -8.918458359362567e-06 0.25484522448005076 -1.192267258705833e-05 4.6242646999018876e-07 -0.999999999928818 0.3649227079237431
1615317819554147 1606417129858887 0.6924032884518023 0.7215106971052079 -1.0409265608296231e-05 -0.025491923293920624 0.7215106970766623 -0.692403288524815 -6.959615083999929e-06 -0.5263422378400403 -1.2228846469125957e-05 -2.6915361145716764e-06 -0.9999999999216055 0.36500057393903573
1615317819803534 1606417130066406 0.6870818900931384 0.726579986117053 -9.200497643384122e-06 0.2558949906688729 0.726579986145474 -0.6870818901245891 -3.6127888522828686e-07 -0.25010665467832094 -6.583993318301972e-06 -6.4366692709338075e-06 -0.9999999999576101 0.36508621183853945
1615317820053540 1606417130273682 0.6831632315177509 0.7302657037183053 3.28557091132866e-05 0.5742226012725774 0.7302657037294856 -0.6831632321541924 1.3913366554461177e-05 0.08733951768387747 3.260626685046154e-05 1.4488297080478294e-05 -0.9999999993634603 0.3644993451256559
1615317820302909 1606417130687988 0.7003494706848902 0.7138001252748879 -8.56819704729882e-06 -0.06513279889360253 0.7138001252133844 -0.7003494707371553 -9.381302332329264e-06 -0.6089499534547372 -1.2697107047277259e-05 4.542099975658374e-07 -0.9999999999192886 0.36499933092934067
1615317820553541 1606417130895142 0.7211982413519507 0.6927287323849403 1.9164162796829714e-06 0.2771622894694563 0.6927287323867362 -0.7211982413439539 -3.5663743503809245e-06 -0.36801995722346376 -1.0884139323568228e-06 3.899619529638813e-06 -0.9999999999918041 0.3649401986762719
1615317820803543 1606417131102173 0.7466616711595244 0.6652039903842311 1.6209415557457465e-06 0.6769813876854062 0.6652039903796595 -0.7466616711607702 2.6170771527080243e-06 -0.1271902581311258 2.9511850959852476e-06 -8.758144093381469e-07 -0.9999999999952617 0.36503821514807444
1615317821054177 1606417131309326 0.7683650937870244 0.6400117832140835 -1.1186857142207495e-06 1.1406758521265095 0.6400117832130663 -0.7683650937790909 3.8399568462690465e-06 -0.013370597076108517 1.5980585749256553e-06 -3.6664608411268615e-06 -0.9999999999920016 0.36501535477747005
1615317821304178 1606417131516968 0.7923691028508231 0.6100419696889308 -8.360436133897573e-06 1.6547423358106395 0.6100419697251975 -0.7923691028628808 2.5573800435659006e-06 0.0691951270437668 -5.064442119927422e-06 -7.1266058576375855e-06 -0.9999999999617815 0.36493231173706364
1615317821554805 1606417131828369 0.8350185725315954 0.5502217584971858 2.8331976447794704e-06 1.8708801140571947 0.5502217584017604 -0.8350185724641349 1.5023267176370502e-05 -0.34620751875098177 1.0631901136984394e-05 -1.0985820122338848e-05 -0.9999999998831373 0.36500787790961514
1615317821804809 1606417131828369 0.7996609826835289 0.6004517572354469 -3.3079105722382614e-06 3.0468866265621544 0.6004517572247426 -0.7996609826002472 1.2529615564206697e-05 0.4886293723931311 4.878222664451831e-06 -1.2005685410536327e-05 -0.9999999999160333 0.3649844659134587
