1611676772951936 1606417097502930 0.6505140960537106 0.759111078097179 0.024120156509157244 -3.2558436459823428 0.7593011303071246 -0.6507367041081842 0.0018802779597006834 -2.2857044740684205 0.017123210978415054 0.0170913147832653 -0.9997072984652905 -0.23482161778381103
1611676773201935 1606417097502930 0.6480649791631533 0.761167219921575 0.025223919274895368 -3.2568304564744373 0.7613973327527022 -0.6482850981207089 0.0007302302098375882 -2.2912033253683552 0.016908118280801444 0.01873218823171029 -0.9996815596279925 -0.23155067408891694
1611676773451943 1606417097502930 0.6487903120180886 0.7605734223505157 0.02447856715494835 -3.2647456624968783 0.7607794214974819 -0.6490091503267995 0.0013396352145275917 -2.291922201928824 0.016905705010227316 0.01775364781036544 -0.9996994574008401 -0.2452444912448357
1611676773701941 1606417097502930 0.647017840676701 0.7620590317018595 0.02517828532977338 -3.2572226368542916 0.762285849834031 -0.6472398990886948 0.0008922863502156808 -2.3005959464401093 0.01697636572807716 0.01861572544234658 -0.9996825785082599 -0.240246550464905
1611676773951325 1606417097502930 0.6458372952061868 0.7630434445332838 0.025668850383340526 -3.2619016855035077 0.7632805582221043 -0.6460666107042621 0.0008508688065816877 -2.305648129555824 0.01723303703282115 0.019043011640855277 -0.999670138666887 -0.23803272357239202
1611676774201323 1606417097502930 0.6465743934100147 0.7624147917064105 0.025792230966053546 -3.263606210729505 0.762654915289112 -0.6468051019719704 0.0008001580168388111 -2.3069230182251275 0.017292598887784626 0.019153210038120306 -0.9996670048415839 -0.2404275016940433
1611676774451325 1606417097502930 0.6453767352150952 0.7634368598160514 0.025554465789282783 -3.2551807989840804 0.7636722223947863 -0.6456036251355783 0.0008342414957039905 -2.3098627649612893 0.017134946459734297 0.01897683562849237 -0.9996730832223866 -0.24174421606608498
1611676774701327 1606417097502930 0.6475102957262974 0.7616212394098174 0.02575858328325609 -3.2654918841956264 0.7618602752493194 -0.6477408940197841 0.0008094541045487951 -2.3169018277964883 0.017301385202892577 0.019100311483558077 -0.9996678649287941 -0.24905072121399177
1611676774951959 1606417097502930 0.6493584329444101 0.7600332846676336 0.026134876425418625 -3.2567489884195826 0.7602795934059857 -0.6495955198598189 0.0007748760844906223 -2.3097885051771176 0.017566030253708547 0.019366640902438753 -0.9996581254615416 -0.2455504922278347
1611676775201956 1606417097502930 0.652954298441052 0.7569396355745374 0.026326265365676463 -3.2722004456703253 0.7571940278379162 -0.6531898572040041 0.00046331077167801276 -2.312594606543012 0.017546747801553454 0.019631570150241362 -0.999653296445836 -0.24534017365453759
1611676775451966 1606417097502930 0.6535550838501332 0.7564030397445054 0.02683642754506671 -3.27327476697836 0.7566743793633981 -0.6537919233722695 6.747347780980268e-05 -2.312839610772114 0.01759647672480792 0.02026233952250124 -0.9996398359429008 -0.24138900581174957
1611676775701967 1606417097502930 0.6518580496284878 0.7578642058099091 0.026887333283974024 -3.2606379692677234 0.7581393767571327 -0.6520925406741983 -6.174010739526997e-05 -2.2968098106432904 0.017486238855603783 0.020424591884518308 -0.9996384683959683 -0.24454357574132304
1611676775951976 1606417097502930 0.6482403264598121 0.7609585433229084 0.026955045902712454 -3.2584337385014326 0.7612363140282348 -0.6484745713539065 -6.720520222334895e-05 -2.3080685509497587 0.01742852146475979 0.020562724909625872 -0.9996366444783049 -0.24286167912791684
1611676776201344 1606417097502930 0.6440507431427395 0.7645168588464645 0.02669480850809844 -3.2619742799715703 0.7647918594038584 -0.6442774179985176 -0.00014300775501100202 -2.295245308328005 0.017089530459872666 0.02050807648618276 -0.9996436198703513 -0.2469923771947117
1611676776451347 1606417097502930 0.6480427624396629 0.7611300098338759 0.026864217545250688 -3.266934020328357 0.7614035046469315 -0.6482782562642777 7.463768025921469e-05 -2.310123932316454 0.01747229708440998 0.02040614098000863 -0.9996390889940727 -0.247193073921451
1611676776700732 1606417097502930 0.6451049805989806 0.7636172418355875 0.026986514822454934 -3.256853297173503 0.7638882295803113 -0.6453484359637606 0.0004109893564930931 -2.316191646866662 0.0177295436915736 0.020349549749375615 -0.9996357132003078 -0.24545325043891958
1611676776950734 1606417097502930 0.6456613231458488 0.7631372035484691 0.02725920685269635 -3.268136263149816 0.7634144270323744 -0.645908879017334 0.0003641563790033149 -2.314276487515672 0.017884865021813738 0.02057495009126291 -0.9996283324475629 -0.2429025621867562
1611676777201375 1606417097502930 0.6488783048485783 0.7604195843119419 0.026814199524744474 -3.260833459302832 0.7606800716174791 -0.64912655630741 0.0007365765239418446 -2.3184741445322556 0.01796591621174688 0.019919078688556847 -0.999640163338225 -0.2504332512681314
1611676777451985 1606417097502930 0.6474630164672068 0.7616273519087134 0.026747320168010593 -3.258849061771829 0.7618875337142559 -0.6477089539811008 0.0007049170039272586 -2.3170552080408653 0.017861362838796406 0.01992204210650491 -0.9996419778880082 -0.24875554634882407
1611676777702611 1606417097502930 0.647681633707066 0.7614292772840884 0.02709164184099651 -3.2611186687940528 0.7617023745408585 -0.6479269699444414 0.0003663903630818879 -2.3023927663860766 0.01783238575818243 0.02039846361151654 -0.9996328869642408 -0.23686035353476084
1611676777951999 1606417097502930 0.6470509122984085 0.7619505250498109 0.027504804572634694 -3.2492955005431226 0.7622327675303151 -0.6473029361877808 0.00034192136534331346 -2.284717016293688 0.01806446792294632 0.020743822778353748 -0.9996216128191721 -0.231640052129702
1611676778201997 1606417097502930 0.6463154353370719 0.762569394778487 0.027645545693423267 -3.267505444835932 0.7628544542335106 -0.6465701438813086 0.0003615271249795138 -2.3006993233534905 0.018150473977525096 0.020855867110730106 -0.9996177234830586 -0.2331759145531464
1611676778451997 1606417097502930 0.6478025849885579 0.7612962014786343 0.027926770325417363 -3.2654413917253744 0.7615927947752371 -0.6480558728495607 2.4821424910312246e-05 -2.3016580116085787 0.018117003975566613 0.021252747677913315 -0.999609971380383 -0.22737679181716047
1611676778701377 1606417097502930 0.6473194143363824 0.7617049190633862 0.02798556953693838 -3.263323732112097 0.7620062412933664 -0.6475696588569608 -0.00015862629267296552 -2.289889013319818 0.018001779290490995 0.021427860532120094 -0.9996083146589939 -0.22136622075605147
1611676778950765 1606417097502930 0.6479198203702442 0.7611975834695417 0.027895255797074463 -3.256880302278206 0.7614956106429738 -0.6481700596139858 -9.378673811520459e-05 -2.2899011162713565 0.018009479374482176 0.021302881133700286 -0.999610847234095 -0.2195513997741857
1611676779200757 1606417097502930 0.6450625956195917 0.7636222507260478 0.027844315992023944 -3.260368619321376 0.7639180173021185 -0.6453133055224609 2.3692629077599457e-05 -2.291593955617691 0.01798639981152655 0.021255491436903324 -0.9996122715861372 -0.22642745411409562
1611676779450765 1606417097502930 0.6432438723119026 0.765150204073103 0.02797295022948493 -3.260403560883699 0.7654491157467441 -0.6434964257934067 3.461363468164423e-05 -2.304898188821112 0.0180269781211705 0.021389605009531774 -0.9996086798629535 -0.2313307384492404
1611676779700768 1606417097502930 0.643501329549165 0.7649356812164767 0.027918497001189018 -3.2571772173984677 0.7652325644500517 -0.643753925224657 7.78942211165011e-05 -2.3055303933097893 0.018032226099940544 0.021314018020910715 -0.9996101997567285 -0.2326854982713996
1611676779950765 1606417097502930 0.647173481921998 0.7618323736845867 0.027891194085760077 -3.2816150326643982 0.7621276804112374 -0.6474267483211908 6.567877820870728e-05 -2.3210082803718257 0.018107541313201914 0.021214145488850842 -0.9996109628144193 -0.23915531949407157
1611676780201400 1606417097502930 0.6503325555624198 0.7591357696298924 0.02793654324620572 -3.2742895520353827 0.7594302267217975 -0.650588748205005 0.0001070270503448286 -2.3212860494482714 0.018256448761917957 0.021146252196077017 -0.999609692878508 -0.2387147485252716
1611676780451401 1606417097502930 0.6506957957850563 0.7588258785196551 0.027897445062038874 -3.2805402535028154 0.7591201400041263 -0.6509505424564539 6.572845335549634e-05 -2.3265611728931384 0.01820973344760387 0.021134743172943324 -0.9996107883765474 -0.236908606149885
1611676780702028 1606417097502930 0.649495142710471 0.759841992795149 0.028217115108838335 -3.2864000770736013 0.7601450769813339 -0.6497533851006192 -2.226642952929663e-05 -2.312096048712924 0.01831724709151468 0.021463563074375917 -0.9996018176849932 -0.23223492769304452
1611676780952657 1606417097502930 0.6470569064214479 0.7619107738142814 0.028448771546280702 -3.2868249872049122 0.7622200697005365 -0.6473179771277562 -4.286496038748516e-05 -2.3067329728496984 0.018382741973928734 0.02171196069951441 -0.9995952508691228 -0.2295173951771771
1611676781202652 1606417097502930 0.6482296030216305 0.760904648315919 0.028679224921720384 -3.2797278098077802 0.7612200772539807 -0.6484936225100187 -0.00012471464449480355 -2.3041087255765254 0.01850339850751559 0.02191204553493919 -0.9995886586512217 -0.22923944502120044
1611676781452040 1606417097502930 0.6468879041144961 0.7620365032701143 0.02892070536268187 -3.276332630600513 0.7623604424147521 -0.6471525957726584 -0.00027134914609408637 -2.3086182803144295 0.018509331592539594 0.022223534215591294 -0.9995816720863622 -0.2289896099077597
1611676781702042 1606417097502930 0.6465341610900621 0.7623280930081581 0.02914544833380329 -3.2748440616206973 0.7626616613225927 -0.6467974388589934 -0.0005132626764579019 -2.325982225472402 0.01845992677930347 0.022559957900142365 -0.9995750494099223 -0.22373208437501943
1611676781952048 1606417097502930 0.6443162584716784 0.7642065812071293 0.02906648092274548 -3.2745899970126637 0.7645408147458058 -0.6445750353836931 -0.000605270514732084 -2.3191235621950748 0.018272976258448446 0.022612496639834136 -0.9995772973284125 -0.22469927223642377
1611676782201424 1606417097502930 0.6489497881600063 0.7602850737357668 0.02882323899471319 -3.271064101863014 0.7606135390460014 -0.6492045819777624 -0.0006745097932207905 -2.3225025411387716 0.018199359094892953 0.02236106880591003 -0.9995842965605224 -0.2236817349071538
1611676782451428 1606417097502930 0.6486466715112434 0.7605483075255094 0.02870134947928365 -3.2664829217013907 0.7608704620562549 -0.6489036272936785 -0.00047165652089102577 -2.3203497351472557 0.0182656922165929 0.022143947472263663 -0.9995879201341902 -0.2217969997746639
1611676782700804 1606417097502930 0.6491801093225784 0.7600961026315314 0.028619930620903122 -3.263102378122667 0.7604117019360788 -0.6494412939224596 -0.00022206184477237452 -2.3183621679408857 0.018418176431614613 0.021907088285350193 -0.9995903412197387 -0.22407940414190838
1611676782950803 1606417097502930 0.6469190638483753 0.7620182773445612 0.028703132700681755 -3.265960970526687 0.7623354337596459 -0.6471820911727522 -0.00016523989117518938 -2.3095319821128313 0.018450237627173134 0.021988311953295238 -0.9995879665486911 -0.2253836714007252
1611676783200804 1606417097502930 0.6477710992669756 0.7613070035986684 0.028359288258606657 -3.268717092879714 0.7616131991102045 -0.6480318934249619 7.0458705643112915e-06 -2.306869659188193 0.018383087336975214 0.02159424414375689 -0.9995977944752693 -0.2300763001191018
1611676783450811 1606417097502930 0.6497853498000754 0.7595845549784133 0.028465822101308488 -3.2823075563539965 0.759890723343871 -0.6500508284117248 9.519256565731199e-05 -2.3128053389725416 0.018576538040956974 0.02156905941251907 -0.9995947618462564 -0.2316973122697218
1611676783701439 1606417097502930 0.6523086621308676 0.7574161966825228 0.0285326885603713 -3.2862402751114965 0.7577248126177285 -0.6525742167058002 -6.221343241017184e-06 -2.3173980050195966 0.018614984741617435 0.02162398432892525 -0.999592859940893 -0.23556338738013213
1611676783951445 1606417097502930 0.6518464933057362 0.7578176015178301 0.028436455461992683 -3.268049070434645 0.7581300077656966 -0.6521033595489686 -0.0003159028316022972 -2.3007569612732297 0.01830411141423165 0.021764450353186096 -0.9995955523141151 -0.23443577672147
1611676784202071 1606417097502930 0.6498812079761919 0.7594986977935825 0.028568226646427494 -3.271841905263044 0.7598253270460528 -0.6501266437099237 -0.0009052747065620787 -2.287926039656876 0.01788541034556698 0.022295183174548632 -0.9995914349893089 -0.22940438499656446
1611676784452070 1606417097502930 0.6483131607083287 0.7608432895486387 0.02841714985086836 -3.275499348736524 0.7611642116417456 -0.6485587770446899 -0.0007454116725406189 -2.302157232791062 0.01786305048533124 0.022113377660745875 -0.9995958733187095 -0.23260139991591441
1611676784702701 1606417097502930 0.6513689335401891 0.7582301694974782 0.02838172804826595 -3.271219674769774 0.7585551673242719 -0.6516079383704095 -0.001073677221508966 -2.3122772194520294 0.017679664839230377 0.022228466455295432 -0.9995965809916619 -0.23296749871346165
1611676784952080 1606417097502930 0.649347931939737 0.7599444862449077 0.028838188500897068 -3.2552623066833166 0.7602827847209033 -0.6495911220343054 -0.001208898550900438 -2.319751112851791 0.017814335437508492 0.0227101740336698 -0.9995833619305007 -0.22523521662220689
1611676785202089 1606417097502930 0.6510829492494619 0.7584619406117793 0.02874852769273864 -3.275171159441378 0.7587960498962802 -0.6513273387975528 -0.0011191073072669866 -2.3179719761515254 0.01787590173639674 0.0225429009396756 -0.9995860491995356 -0.22704674230762978
1611676785451460 1606417097502930 0.6490048232351864 0.7602389934640468 0.0287995180289742 -3.267223955428102 0.7605745521848107 -0.6492496779059157 -0.0010983225414454313 -2.3114138995956734 0.017863090180709893 0.02261699715484094 -0.9995846044477154 -0.22685442575811407
1611676785701468 1606417097502930 0.6511690223784387 0.7583958967752528 0.028540638633926464 -3.2677891884078085 0.7587255670823908 -0.6514094170049526 -0.001133709503350884 -2.313795741442407 0.017731840137959018 0.022392748741327604 -0.9995919900885217 -0.22901580221913634
1611676785951469 1606417097502930 0.6501424344945086 0.7592757965763766 0.028549599074696282 -3.2741527390849545 0.7596047063989755 -0.650384166364545 -0.0010612084090730722 -2.312057618399511 0.017762457334066138 0.022376346441474 -0.99959181380671 -0.2283363002427022
1611676786201473 1606417097502930 0.6508977820504274 0.7586246205306858 0.028648952004762324 -3.2743530536142265 0.7589565226329603 -0.6511403439390043 -0.0011176995774922994 -2.310755857419556 0.017806574043990817 0.02247081716655124 -0.9995889096507049 -0.23134456747295154
1611676786451474 1606417097502930 0.6506008272945625 0.7588765890960575 0.028720829549788766 -3.273664317651912 0.7592116381711133 -0.6508427251221314 -0.0011981759461545754 -2.3088094942430946 0.017783475296758288 0.022584722313890658 -0.9995867537759671 -0.23454682113457656
1611676786702101 1606417097502930 0.647736669618239 0.7613134723556217 0.028965559655596915 -3.2781769431660104 0.7616636467395761 -0.6479704019770746 -0.001687424518023218 -2.306024268482453 0.01748416631433474 0.023155020534619517 -0.9995789858497106 -0.2214010291385315
1611676786952116 1606417097502930 0.6462470083265687 0.7625802288530926 0.02891710213331321 -3.2729228836970927 0.7629233595885101 -0.6464875822894651 -0.0013241390292201482 -2.302313353679528 0.01768478520100769 0.022917253595302178 -0.9995809361227558 -0.22220596464809333
1611676787202107 1606417097502930 0.646610430421585 0.7622851168489178 0.02857187262165661 -3.2686004207274615 0.7626185374027555 -0.6468473273994727 -0.0012253368136403281 -2.3084611365562635 0.01754758342791249 0.022581755274014542 -0.9995909896775714 -0.2253402538630766
1611676787452109 1606417097502930 0.6462929713994324 0.7625530211721058 0.02860568169874575 -3.273826538255202 0.7628853671519266 -0.6465328086572485 -0.0011153114835527609 -2.309471271587757 0.017644027590874814 0.02254367395806971 -0.999590151539543 -0.22353573161375903
1611676787702114 1606417097502930 0.6461361746785009 0.7626904418127044 0.02848392079470552 -3.276716532306531 0.763011324893631 -0.6463848173393403 -0.0006212903661434083 -2.3129773517559227 0.01793772171610602 0.022134992324228588 -0.9995940577326596 -0.23006637559103138
1611676787952122 1606417097502930 0.6491617907772295 0.7601418415845315 0.02780917244078582 -3.283608943796176 0.7604418711331322 -0.6494059218557962 -0.00033059133368639403 -2.3140407693611578 0.017808144959715284 0.0213618663876787 -0.9996131955099085 -0.24116728955137928
1611676788201496 1606417097502930 0.649457303610247 0.7598982765506503 0.027564834248052127 -3.282047935734501 0.7601897432627278 -0.6497011104360985 -0.00014608461294196278 -2.3158488257164014 0.01779789397430155 0.02104937998887963 -0.9996200070887762 -0.24508159293117635
1611676788450871 1606417097502930 0.6450602100155942 0.763624441523344 0.027839500125939706 -3.2756835685943395 0.763920432963213 -0.6453104462776603 5.539808680084473e-06 -2.3051562106356873 0.017969350583686487 0.02126358947948918 -0.9996124059864654 -0.24677461301892734
1611676788700880 1606417097502930 0.6438101324582509 0.7646837722847023 0.027699129101665367 -3.2818583391675227 0.7649715604610732 -0.6440639797586813 0.0003188536107383353 -2.301049755934954 0.01808383350689372 0.02098376482690258 -0.9996162546594498 -0.24929678367537755
1611676788950879 1606417097502930 0.6435711821688089 0.7648922822245006 0.027494182651981277 -3.2708709932464535 0.7651768099567862 -0.643820144691084 0.00026608038933522126 -2.3149678716593973 0.01790483148937548 0.020866669303249256 -0.9996219280915798 -0.24874463915753342
1611676789200879 1606417097502930 0.6457349748577684 0.7630714486279407 0.027355192171819 -3.2702684427673616 0.7633446811897917 -0.6459910351459226 0.0006929753387094565 -2.3159277406195637 0.018199998603220812 0.020433962034318437 -0.9996255365117602 -0.24684778381711567
1611676789450884 1606417097502930 0.6481900630728371 0.7609838064844806 0.02744610002324225 -3.286509865035925 0.7612544143609996 -0.6484527136897001 0.0008914756423111732 -2.3379403102745346 0.01847589656790327 0.02031561914682377 -0.9996228873253629 -0.2497778517308784
1611676789701512 1606417097502930 0.6512590307117895 0.7583594506245946 0.027433894531533165 -3.277976783582848 0.7586265584957737 -0.6515249237588663 0.0010091929089713204 -2.32396300056262 0.018639197023046075 0.020154834998850117 -0.9996231104573898 -0.25193497751477384
1611676789951521 1606417097502930 0.6506522721583439 0.7588744174321784 0.027590565536429724 -3.2791087799996506 0.7591494321564402 -0.6509159332957769 0.0007664481115191869 -2.315222516943611 0.018540776580383153 0.020446670954558606 -0.99961901405019 -0.2508310278659583
1611676790202145 1606417097502930 0.6491578894467104 0.7601423453296169 0.027886366029759583 -3.270077633606444 0.7604293146005501 -0.6494205325159611 0.0004790065645522005 -2.287341915251125 0.018474091850347214 0.02089465931618766 -0.9996109849048114 -0.24170517351673274
1611676790452146 1606417097502930 0.6473489133141295 0.7616887516545876 0.027742206803986494 -3.284393736912274 0.7619753522148562 -0.6476059192877546 0.00036868004212558457 -2.3051761569642806 0.018246836781372497 0.020900213176007744 -0.9996150429223607 -0.24350000452987527
1611676790702146 1606417097502930 0.6474901492526033 0.7615694766565341 0.027720729615186075 -3.288198346196209 0.7618484089168824 -0.6477549122391683 0.0007586206612902989 -2.31560487043012 0.018533981119048908 0.02062779434609356 -0.9996154188708254 -0.2430092722666192
1611676790952154 1606417097502930 0.6453603462019849 0.7633757561027384 0.02770340320412573 -3.282734360352206 0.7636517068066802 -0.6456277466313631 0.0009399337307644813 -2.314447505116539 0.018603608407067058 0.020549155183245276 -0.9996157451618563 -0.24670218237828018
1611676791202159 1606417097502930 0.6426704002212905 0.7656542293041401 0.027356129707130757 -3.2787657585434666 0.765920401300768 -0.6429344045067393 0.0011359477543236068 -2.3033002460079715 0.018457940165188456 0.02022257784537464 -0.9996251056221767 -0.24941893137185556
1611676791451535 1606417097502930 0.6481642696358567 0.7610065171006872 0.027425544701276835 -3.2819666946212207 0.7612704822113503 -0.648433302738692 0.0012267100536273515 -2.3182374283231435 0.018717170875418153 0.020083148013640757 -0.9996230963119471 -0.24803067235359624
1611676791701535 1606417097502930 0.6469465995553904 0.7620501748373011 0.02719610925518317 -3.275496251954656 0.7623054230204219 -0.6472157896062402 0.0014709597180431581 -2.310112648171206 0.018722696436082563 0.019780109182566875 -0.9996290351519856 -0.24710237922180187
1611676791951541 1606417097502930 0.6487831442566869 0.7604858776112899 0.027233466298965933 -3.278409137369714 0.7607369192338442 -0.6490581294986122 0.0016983082251802518 -2.317611665039452 0.018967642116808632 0.019615669502040838 -0.9996276577118688 -0.24338330166929836
1611676792202171 1606417097502930 0.6484405484331608 0.7607794157130913 0.027194407134795824 -3.2853062097854417 0.7610338065755994 -0.6487105171389907 0.0014866764213930664 -2.314307956499026 0.018772330734881618 0.019731841905285454 -0.9996290582079969 -0.2432459011827005
1611676792452169 1606417097502930 0.6477377643403385 0.7613815108236133 0.027092132212063233 -3.294223998757339 0.7616346348814984 -0.6480050552191393 0.0014599191184299519 -2.322304185730976 0.01866739405411108 0.019688661479562535 -0.9996318747460854 -0.24588145770930503
1611676792702801 1606417097502930 0.6481355477294749 0.7610448461825015 0.027038007931987823 -3.2743148504182584 0.7612967402160139 -0.6484019878594481 0.0014613284547960485 -2.313441697750138 0.018643634579921187 0.019636808382051292 -0.9996333381026358 -0.24401772244765677
1611676792952807 1606417097502930 0.6479195232999742 0.7612265515808051 0.027100341318771846 -3.2635272691398147 0.7614837568806716 -0.6481827952258844 0.0012457867084345535 -2.3068614966077186 0.01851430090760256 0.019829300189860247 -0.9996319420246058 -0.2391872375358945
1611676793202811 1606417097502930 0.6452131631160404 0.763532222529118 0.026805210426392476 -3.26292761625238 0.7637854275912078 -0.6454691238407001 0.0011961488621691394 -2.318854911727846 0.018215233887456155 0.019701658116232687 -0.999639960146601 -0.239786627198546
1611676793452184 1606417097502930 0.6469777080139703 0.7620510344366431 0.02642094342554837 -3.2696503092035307 0.7622887264917421 -0.6472351373323144 0.001604515653918516 -2.3164991961382895 0.018323285760281572 0.01910230145628426 -0.9996496182553274 -0.24510971646947724
1611676793701563 1606417097502930 0.6482955747422179 0.7609328586024702 0.026344496070228103 -3.278017028931816 0.761174947745574 -0.6485453848219108 0.00125807598645487 -2.3101390257140992 0.018042912698477336 0.01923716532488827 -0.9996521318796953 -0.24086425279782234
1611676793951568 1606417097502930 0.648622006191101 0.7606434632411357 0.02666486297782514 -3.2644003016692515 0.7608966632651601 -0.6488723326026496 0.0009817429436132434 -2.304459018860011 0.01804884819155368 0.01965242518855558 -0.9996439472448018 -0.23647474979646346
1611676794201570 1606417097502930 0.6476230187882364 0.761508160190025 0.026263044455638436 -3.264396466109272 0.7617630140434348 -0.6478556158876831 0.0004597855130832943 -2.302161861454554 0.01736479126100452 0.01970844822046177 -0.9996549610206537 -0.23417406757740558
1611676794451568 1606417097502930 0.647816974105706 0.7613423780658554 0.02628595491928576 -3.279755018600167 0.7616036289211943 -0.6480431312086532 0.00011185623634980413 -2.3171128522659554 0.01711959342564924 0.019947016287575454 -0.9996544583315603 -0.2313511054979322
1611676794701574 1606417097502930 0.6490761062135588 0.7602665878449271 0.026361406520530727 -3.288662817933574 0.760529129473236 -0.6493038061740498 0.00010254286664396142 -2.3126716884556426 0.01719452150517486 0.019982059428103462 -0.9996524724779214 -0.23291893883949957
1611676794951591 1606417097502930 0.6503106916722349 0.7591981137551302 0.026725051391821502 -3.2921132126250514 0.7594636813720621 -0.6505496221278356 0.0003253161399324128 -2.3226697835969285 0.017632951484067908 0.020085149350873847 -0.9996427690917967 -0.23307590492216637
1611676795202201 1606417097502930 0.6504068415283822 0.75908898605941 0.027474565343867198 -3.2853944489666516 0.7593787437045297 -0.6506488249655809 -0.0001737386096945351 -2.322978293201141 0.017744410592315216 0.020976601694990025 -0.999622487779293 -0.21656190945331863
1611676795452207 1606417097502930 0.6476621458782805 0.7614254013889504 0.027660493858213987 -3.293493316784317 0.7617231860872964 -0.6479025089408315 -0.0003559349087858865 -2.3205315612508346 0.017650285488449234 0.02130016507719657 -0.9996173119698668 -0.21778312701306962
1611676795702833 1606417097502930 0.6469219924840923 0.762061332672569 0.027467451468670995 -3.279392605767724 0.7623552490489223 -0.6471586726407146 -0.0003559184313967396 -2.309794602390316 0.01750456775909637 0.02117020726589156 -0.9996226350137777 -0.21996047001411323
1611676795952842 1606417097502930 0.6451946194293801 0.7635286336528325 0.027348284335220803 -3.2776098614147178 0.7638176590471548 -0.6454320628994176 -0.00018950881832519479 -2.3156047654973793 0.017506764166081292 0.021011372589755252 -0.9996259477576247 -0.22728912238802731
1611676796202220 1606417097502930 0.6493823477678352 0.7599523372448477 0.027839028864015167 -3.282996369172277 0.7602521357997325 -0.6496280537976312 -0.0002858942331893914 -2.331251807425411 0.017867748149789264 0.02135033582077207 -0.9996123782428855 -0.2224688351800664
1611676796452219 1606417097502930 0.6462492287116354 0.7626143604787755 0.0279512358515382 -3.2693220974056505 0.7629167118376093 -0.6464967396579868 -0.00023751831289570423 -2.3131960013665953 0.017889247971100013 0.021477960974118776 -0.9996092596607059 -0.22273467233922833
1611676796701597 1606417097502930 0.6501620140277451 0.7592775607087835 0.028052474471413368 -3.276552873446312 0.7595817206691509 -0.6504118130343103 -0.0002882623440201796 -2.3270392410050493 0.018026789651598547 0.02149556405413215 -0.9996064103340141 -0.21817905680786448
1611676796951604 1606417097502930 0.6458187676278562 0.7629798178310239 0.027926993512340258 -3.26070891573183 0.7632877954102314 -0.6460583637810097 -0.0005761691235255119 -2.3137567602266973 0.01760286232095874 0.021688434143722082 -0.9996097994029993 -0.2171459887127169
1611676797201606 1606417097502930 0.6449866322943967 0.763693849106975 0.02763962738839554 -3.2654812311213166 0.7639945178108878 -0.6452225420408115 -0.0004979977587295417 -2.306759089063534 0.017453392819351626 0.021437725696315114 -0.9996178284704933 -0.22442866812473897
1611676797450981 1606417097502930 0.6433789859180506 0.7650471064646801 0.027684027408328732 -3.2564604343893255 0.7653482024708689 -0.6436162955212419 -0.0004394526016191497 -2.3056014398008395 0.01748168922432096 0.021470655183259465 -0.9996166272666074 -0.22584438321484115
1611676797701608 1606417097502930 0.6439938828154272 0.7645463351362781 0.027217279997445856 -3.265953766570317 0.7648324401861908 -0.644229239776648 -0.00015830383625890467 -2.307525537440523 0.017413136983654067 0.020918605377807563 -0.9996295286802195 -0.23254207313603037
1611676797952236 1606417097502930 0.645373842194691 0.7633854365703672 0.027116029347895705 -3.269854348900251 0.7636567298077184 -0.6456222663393534 0.0005368711985906297 -2.312634194870474 0.01791655197599104 0.02036085566894056 -0.9996321487035728 -0.24251499519489264
1611676798202869 1606417097502930 0.6472043292272209 0.7618373409367707 0.027026323989721934 -3.2753571502210668 0.7621066926134623 -0.647451255804322 0.0005103289545055925 -2.3215436892286356 0.017887015060583582 0.020266655280575578 -0.9996345919264511 -0.23843827543360271
1611676798452872 1606417097502930 0.6466311914714472 0.7623223141517972 0.027070123142107952 -3.2759708891394435 0.7625870815045024 -0.646885046764931 0.0008242565402682834 -2.3299860355045383 0.01813960702790654 0.02011033621415085 -0.9996331972449838 -0.24468810510792283
1611676798702873 1606417097502930 0.6460400562773361 0.7628266090690742 0.02697795740633729 -3.2755734528572065 0.7630943392419577 -0.6462868616661908 0.0005673261949632856 -2.3378879188878496 0.017868270943805907 0.020220211134119793 -0.9996358676814133 -0.2417636247794909
1611676798952877 1606417097502930 0.6461880523201103 0.7627014540798134 0.02697207792782136 -3.2692936811302737 0.7629727390590263 -0.6464305617433784 0.0003581918100342677 -2.3368441985197492 0.017708768900580832 0.020347500906574868 -0.999636123152262 -0.23442410999194102
1611676799202876 1606417097502930 0.6471144485936897 0.7619241484965841 0.026729802908067053 -3.2587306552379087 0.7621844236731089 -0.6473595856513434 0.0006864254346119399 -2.3353859207710044 0.01782679824984168 0.019928843607716767 -0.9996424593106379 -0.2405805055581729
1611676799452258 1606417097502930 0.6492833843946073 0.7600723543969863 0.026853357983136438 -3.274908996710065 0.7603308748646586 -0.6495353600745678 0.0008813312714135507 -2.3452963528294153 0.01811208108121431 0.019845203417651513 -0.9996389950478228 -0.24616797690722406
1611676799701636 1606417097502930 0.649848592369173 0.7595734055625408 0.02729557770760675 -3.2747550675003025 0.7598454329443446 -0.6501034823892918 0.0006166225772886898 -2.339955509299308 0.01821332023247993 0.02033970874678292 -0.999627216123194 -0.23947027268496113
1611676799951020 1606417097502930 0.6512685375128539 0.7583465710347529 0.027563930237986773 -3.2754624144378095 0.7586345948186671 -0.6515163477549311 1.2524296242231754e-05 -2.3248159662739627 0.017967848915494675 0.020902794367561355 -0.9996200426126814 -0.2245771666329297
1611676800201011 1606417097502930 0.6509363842537457 0.7586409069147095 0.027309302714473287 -3.279405264878421 0.758920991831206 -0.6511826936351993 0.0001663502633896482 -2.312040031729272 0.017909545417553224 0.02061731966327015 -0.9996270175984845 -0.23575787607227885
1611676800451016 1606417097502930 0.652267293077677 0.7574962922446506 0.027326646724218837 -3.2832195585725845 0.7577797934184807 -0.6525103706909606 -2.8841901326308545e-05 -2.326103391222231 0.0178090727504052 0.020726393338357428 -0.9996265570436572 -0.237116988416885
1611676800701650 1606417097502930 0.6529275193114733 0.7569163095559736 0.02762887725541818 -3.2671240704593423 0.7572115516106612 -0.6531696160014009 -0.00034473819474612345 -2.29994656796304 0.01778540518530138 0.021145994070096007 -0.9996181902592528 -0.22647388195390453
1611676800951649 1606417097502930 0.65061530661234 0.7589032482537599 0.027669163270444018 -3.2777692718626987 0.7592003394801927 -0.6508569086154403 -0.00035922858753317387 -2.3088477104146063 0.017736046328192912 0.02124015776562839 -0.9996170708620061 -0.22957123685565095
1611676801201658 1606417097502930 0.6507605087482168 0.7587826751396811 0.027561062499385214 -3.2687050136761924 0.759075475009578 -0.6510025816054401 -0.0002489708846676474 -2.310734277964837 0.01775340804494904 0.021082947028012205 -0.9996200907581866 -0.22878097551148643
1611676801452279 1606417097502930 0.6493791866307971 0.7599613534581474 0.027666102458583343 -3.269528290463081 0.7602581035168625 -0.6496210531470097 -0.0003214802936933211 -2.30023352393658 0.01772817001647311 0.021242141198454738 -0.9996171684325823 -0.2270116304311096
1611676801702911 1606417097502930 0.6486978346693579 0.7605509818882208 0.027446734753216732 -3.286459203016267 0.7608386169938448 -0.6489411342490133 -5.634681162950017e-05 -2.3087988049378794 0.017768460559233496 0.020919087765282195 -0.9996232658238928 -0.23592694105491696
1611676801952917 1606417097502930 0.6472173857699633 0.7618090288909733 0.027507436480895226 -3.2789982189526303 0.7620990746057774 -0.6474604170897335 -9.376284797725249e-05 -2.30564789450656 0.017738546912786587 0.021024076832170672 -0.9996215944780202 -0.23607318832144233
1611676802202915 1606417097502930 0.6486580700142156 0.7605904193981632 0.02729326161569892 -3.2870161883046585 0.7608741064596527 -0.6488995253061646 -1.3458267808076561e-05 -2.3087489631037768 0.017700348276887955 0.02077546585819019 -0.9996274694551234 -0.2456064865291212
1611676802452291 1606417097502930 0.6490654638671237 0.7602309503152546 0.027621111530566803 -3.271379849737148 0.7605265417274237 -0.6493067739497984 -0.0003043607992732784 -2.318376734569342 0.017703190321110108 0.021204138514325403 -0.9996184179787413 -0.241780053945531
1611676802702295 1606417097502930 0.6480065055494793 0.7611441558441158 0.027333912898906413 -3.276756031120582 0.7614273743139087 -0.6482502205399318 7.22483372313448e-05 -2.311636444862621 0.01777420646454878 0.02076597213575197 -0.9996263561880581 -0.2465730461018881
1611676802951683 1606417097502930 0.6477523737131915 0.7613738028413328 0.02695913018472609 -3.2713472156479866 0.761636511417492 -0.6480040072148541 0.000794426679740474 -2.304444810033365 0.018074480052921726 0.02001846609715708 -0.99963622092536 -0.25090633741245294
1611676803201053 1606417097502930 0.647269543008762 0.7617796568509376 0.027090461527257106 -3.2785802997540734 0.76204124391697 -0.6475277012535888 0.0010092983628950528 -2.3207278594242506 0.018310687239149092 0.019990760910360627 -0.999632476568792 -0.25162418988904095
1611676803450429 1606417097502930 0.6488261337327728 0.7604373212305194 0.02756317597080527 -3.2819305627229323 0.7607083411589434 -0.6490930969082743 0.000985515956166902 -2.338390075366798 0.01864049036521359 0.020328109362206203 -0.9996195776837828 -0.2547157018056789
1611676803701056 1606417097502930 0.6521006248949786 0.7576291035637964 0.02762094222072481 -3.2829243911931463 0.7579104450968743 -0.6523584689425368 0.00043036783419223625 -2.337191326725561 0.01834481477424313 0.020653557478846996 -0.9996183763488786 -0.2501569780046472
1611676803951061 1606417097502930 0.6490840013853575 0.7602271241691938 0.0272888040682354 -3.2854969259010893 0.7605010168017181 -0.6493365326284041 0.0005204249610941673 -2.3351940416284975 0.01811525858472191 0.020415363724982462 -0.9996274557705921 -0.25236195527072725
1611676804201694 1606417097502930 0.6469965534414264 0.7619929768394458 0.027607301330248007 -3.276761541770391 0.7622756529918355 -0.6472523762146112 0.00043628531460710297 -2.3250086032650477 0.01820133773246398 0.020762098553942905 -0.9996187506086442 -0.24790026550718447
1611676804452316 1606417097502930 0.6454130928126051 0.7633227455097005 0.027934312557575842 -3.286690582955692 0.7636208884754369 -0.645664881049638 -8.222333611375298e-06 -2.3225362617081062 0.018029928300383597 0.021336531375885256 -0.9996097609138932 -0.24460858359460555
1611676804702319 1606417097502930 0.6443172291244869 0.7642609220213007 0.02757809509300064 -3.2886387433682036 0.7645529127449376 -0.6445609661533919 -6.729861274501936e-05 -2.323663255498077 0.017724329917947743 0.02112827458695115 -0.9996196497378089 -0.24644783228798384
1611676804952948 1606417097502930 0.6437483672164251 0.7647398897750821 0.02758515356936623 -3.276997734986395 0.765024404537749 -0.6440011833872009 0.00036913684860215556 -2.311458898883665 0.018047165215461184 0.020865684439873095 -0.9996193890879385 -0.24974380049088554
1611676805202327 1606417097502930 0.6480576376254392 0.7610849284136103 0.027767428066859695 -3.2554651592529784 0.7613670319488928 -0.6483207903371275 0.0006288739473559971 -2.3003674732677615 0.018480827393099173 0.020733657727385335 -0.9996142128121788 -0.24302547413705194
1611676805452330 1606417097502930 0.648343116312864 0.76083658256662 0.027908747061356 -3.180702548938454 0.7611207648914327 -0.6486098463376607 0.0006696934987133364 -2.220603988249401 0.018611415455829353 0.020807735740524056 -0.9996102507217924 -0.2306209327980051
1611676805701706 1606417097502930 0.6539341417373097 0.7560451796970009 0.02767353486060947 -3.0888152934056814 0.7563132892445178 -0.6542085739496185 0.0011620186790258441 -2.1153302395708984 0.018982802398257333 0.020169978487853873 -0.9996163389925706 -0.2334160090988106
1611676805951718 1606417097502930 0.6597603280873123 0.750968492374381 0.027615809738894683 -2.9285019354426907 0.7512299161099758 -0.6600392557479562 0.0013394094027673789 -1.9191063118824003 0.019233372766762555 0.019862133246401514 -0.9996177134459546 -0.22966765689096577
1611676806201711 1606417097502930 0.6693748813993828 0.7424113290829555 0.027616781226372945 -2.7285146616523877 0.7426610768662653 -0.6696651848761749 0.001750736148920762 -1.7045557493692876 0.019793763256793582 0.019338009683069535 -0.9996170508337847 -0.22582337209365203
1611676806451720 1606417097502930 0.6793283299144494 0.7333024534793536 0.027938001024936474 -2.468232942982156 0.7335496943000513 -0.6796329255058943 0.00198306960705352 -1.4525799892320717 0.020441775177591298 0.019146756746890134 -0.9996076908135841 -0.2210540934136768
1611676806701722 1606417097502930 0.6899864038513706 0.7232950474984562 0.027623120188040938 -2.1479144461201436 0.7235228796954833 -0.6902961589042611 0.002419827192944068 -1.1470635001134561 0.020818382787167484 0.018316311601783663 -0.9996154799058661 -0.2183657840607363
1611676806952352 1606417097502930 0.7012853089022849 0.7123946389231005 0.026320979387481968 -1.824069638266311 0.7125724619454341 -0.701589778116497 0.003502816571424827 -0.8254438307950792 0.020961917834839573 0.01629913128159699 -0.9996474059988113 -0.21595371405476774
1611676807202353 1606417097502930 0.7137641784520782 0.6999303569121196 0.025262482775190925 -1.4152961855586623 0.7000467850729953 -0.7140767789110706 0.005371455428375784 -0.46670159082522317 0.021798997042476686 0.013850967378776778 -0.999666421578026 -0.2207976866031942
1611676807452357 1606417097502930 0.7261906542695264 0.6870714165823073 0.024083234243820986 -0.9510687427439641 0.6871070075811906 -0.7265113486802939 0.00807591332465912 -0.08816810697495256 0.023045472199179847 0.010683106233066644 -0.9996773366703535 -0.2089823265434011
1611676807702357 1606417097502930 0.7363307041886773 0.6762404968786347 0.022713089944087224 -0.4407075036343831 0.6762308003711882 -0.7366315025200553 0.009270066280966998 0.30314194219241164 0.022999971800273772 0.008533456559233706 -0.9996990454213406 -0.17675776713951724
1611676807952366 1606417104969727 0.7265714353740926 0.6869816528355157 0.01225389612649316 -0.6926552357332512 0.6868774557227922 -0.7266747078737646 0.01196786367016846 -0.0704714181278018 0.017126299153039082 -0.00027858289113813354 -0.9998532953733232 -0.11056707585445343
1611676808201740 1606417104969727 0.7348083494358065 0.6781851649508497 0.011025953223170638 -0.09168415936109155 0.6780389548621234 -0.7348844337560608 0.014423755300831996 0.3941630048173834 0.017884778258896075 -0.003122670025466083 -0.9998351782361645 -0.09578700036145356
1611676808451742 1606417105591919 0.7239967429439702 0.6897640623352846 0.007365766878854881 -0.31526024036799855 0.6895816127190791 -0.7239934591514603 0.0176258477844722 0.01649611938102203 0.017490443411807263 -0.0076817589843334 -0.99981752083476 -0.05177442484823422
1611676808701748 1606417106006592 0.7241939589522596 0.6895963052547565 -0.00021354275271998137 -0.4137442290975741 0.6893759966714866 -0.723954700408769 0.025501509243732047 -0.21901703894695032 0.01743115127328885 -0.018615250186422714 -0.9996747608226317 0.019399638177243474
1611676808951751 1606417106006592 0.7276254978054859 0.6859717421777416 -0.0019758242377091425 0.22584714957795515 0.6857881144799456 -0.7273575296398289 0.025410354557749405 0.42320636782754867 0.015993654548755152 -0.019844218662974315 -0.9996751522368817 0.07492332043139453
