1607108459751583 1606417097502930 0.7063834119286769 0.7078294111740135 -5.789297192637688e-06 8.628595069192457 0.7078294111945832 -0.7063834119261787 2.815272998900941e-06 5.030267944364504 -2.0967304744792254e-06 -6.086496969555922e-06 -0.9999999999792791 0.3649768408514637
1607108460001584 1606417107665772 0.6275285379872421 0.778593556853371 -8.510273961037625e-05 1.5125776156759925 0.7785935598097193 -0.6275285400844076 2.6127641646164683e-06 -1.0891414995499096 -5.137011660062033e-05 -6.790002905897815e-05 -0.9999999963753485 0.3642021613157557
1607108460251588 1606417107665772 0.6282445686803809 0.7780159128299214 3.621452161389689e-05 1.6268046066835578 0.7780159134938774 -0.6282445688535089 -7.798816777616825e-06 -0.9507996243893856 1.668397296329059e-05 3.3075038397777116e-05 -0.9999999993138434 0.3657001162282899
1607108460501598 1606417107976807 0.6317401241686641 0.7751802467726032 -2.3095287850957522e-05 0.8376950563191267 0.7751802470601652 -0.6317401242019097 6.749992878510328e-06 -1.6821847948947177 -9.357758870144938e-06 -2.2167252281389087e-05 -0.9999999997105227 0.3650136077851712
1607108460751644 1606417107976807 0.6319990480106582 0.7749691628145057 -2.161353211661888e-06 1.0916523243745835 0.7749691627701891 -0.6319990480004253 -9.289447790018068e-06 -1.3350436667741716 -8.565008748983207e-06 4.195940070934503e-06 -0.9999999999545174 0.36506309532243614
1607108461001603 1606417107976807 0.6300099413568926 0.7765870676227783 1.4035830790590001e-05 1.4338282145900383 0.7765870677210436 -0.6300099413858572 -2.8081370527825077e-06 -0.9597775505268364 6.661950014363318e-06 1.2669198936610353e-05 -0.999999999897555 0.3649578054255464
1607108461251604 1606417108287964 0.6316472863700311 0.7752558968660275 5.408686011462401e-07 0.8012839482343801 0.7752558968483154 -0.6316472863505515 -7.236295773134325e-06 -1.4945947936627286 -5.268342785391094e-06 4.990098160918801e-06 -0.9999999999736717 0.3650538802944284
1607108461501607 1606417108287964 0.6253115802424232 0.7803751837766175 -1.283741896080858e-05 1.2762375032044262 0.7803751831564707 -0.6253115802857431 -3.2840784103579345e-05 -0.9348526400323719 -3.3655519667297186e-05 1.0517719431388611e-05 -0.9999999993783418 0.3652247928875713
1607108461751615 1606417108495361 0.6239620136174447 0.7814546727425454 -3.9711924094202445e-06 1.1221415103717423 0.7814546726907013 -0.623962013623916 -9.41926350290073e-06 -1.0331431465676273 -9.838600690382988e-06 2.773955757561769e-06 -0.9999999999477536 0.3650800932075075
1607108462002244 1606417108702881 0.6208239908130253 0.7839499807213396 -1.2746190979733133e-05 0.9575648002104797 0.7839499804944483 -0.6208239909413531 -1.8943872595903857e-05 -1.0899752709896056 -2.2764189709634115e-05 1.7684344164982898e-06 -0.9999999997393322 0.3652983329098678
1607108462251630 1606417108910401 0.61736711539712 0.7866751838126851 -1.9956606363942914e-06 0.7919367091922175 0.7866751837588752 -0.6173671153205564 1.3534403060011304e-05 -1.1052281536174215 9.415123764758813e-06 -9.9256320736148e-06 -0.9999999999064186 0.36492737094834654
1607108462502253 1606417109117676 0.6148779597905459 0.7886222761988367 7.158693535270584e-06 0.6514649772486859 0.7886222762046912 -0.6148779598190528 2.637543358142165e-06 -1.1379740403296987 6.481748322593748e-06 4.023737911514344e-06 -0.9999999999708983 0.36504548743431914
1607108462752252 1606417109325195 0.613446211811462 0.7897365036594216 -2.534692748152622e-06 0.4890442885162151 0.7897365036080397 -0.6134462118032641 -9.881253565672071e-06 -1.109085408772284 -9.358484307144585e-06 4.059878179154273e-06 -0.9999999999479681 0.364967167488944
1607108463002259 1606417109532715 0.6135491505132313 0.7896565328098699 9.982602708698347e-06 0.34005785213550427 0.7896565328717167 -0.6135491504857419 -5.975720190062899e-06 -1.0843715568633947 1.4060509252283829e-06 1.1549225490278616e-05 -0.9999999999323193 0.3649638457538193
1607108463252261 1606417109739990 0.6144028382110264 0.7889924919748889 -3.1552625867885543e-06 0.2486647941172333 0.788992491980642 -0.6144028382104285 1.2696891465789e-06 -1.0828131389212459 -9.368270848272198e-07 -3.269579106500099e-06 -0.9999999999942161 0.364958719267398
1607108463502262 1606417109739990 0.6141016964695939 0.789226904206409 8.625554278837016e-06 1.0036306116850364 0.7892269042288891 -0.6141016965001213 1.1927398954300732e-06 -0.16350762493558874 6.238309931067517e-06 6.075055907500643e-06 -0.9999999999620885 0.36503920764396586
1607108463752263 1606417110154785 0.622832379173373 0.782355307674009 -3.465269479510752e-06 0.047066957522437884 0.7823553076519941 -0.6228323791822152 -5.95319083122348e-06 -0.9781539916961847 -6.815792478819913e-06 9.967680393421127e-07 -0.9999999999762758 0.3650334724085278
1607108464002272 1606417110362061 0.6305937720072056 0.7761130682508305 -6.866118212471491e-07 -0.010044954826956607 0.7761130682352516 -0.6305937719883943 6.95543628075419e-06 -0.9018710998693543 4.965231854616136e-06 -4.918943207500286e-06 -0.9999999999755752 0.36503769692476007
1607108464252275 1606417110569336 0.6350504805672736 0.772470638258612 1.2809099153482515e-05 -0.038348934935096515 0.7724706383589275 -0.6350504804104026 -1.4433764324195695e-05 -0.85320567531338 -3.0152345689355458e-06 1.906082197032612e-05 -0.9999999998137967 0.36480644667466366
1607108464502275 1606417110776978 0.6387635095657827 0.7694031315353244 5.941909212900781e-06 -0.04646717758933243 0.7694031315545886 -0.638763509567564 -1.8402618376045708e-06 -0.7241707526151049 2.3795715616611208e-06 5.747215665714362e-06 -0.9999999999806536 0.3649952612291831
1607108464752279 1606417110984375 0.6421424717645181 0.7665853154701705 8.131403114327635e-06 -0.010589219661551278 0.7665853155063611 -0.6421424717677043 -2.55760987020399e-06 -0.6022311357893386 3.2608931255667226e-06 7.87576414575079e-06 -0.9999999999636695 0.3649923341190928
1607108465002282 1606417111192017 0.6446058849243329 0.7645150444044416 -2.158176035370947e-06 0.0052564103535837755 0.7645150443501181 -0.6446058848388095 1.4070465822505542e-05 -0.46940074682579835 9.365909830144871e-06 -1.0719863120186827e-05 -0.9999999998986822 0.3650111353438438
1607108465251665 1606417111399414 0.6461443026758752 0.7632152642860038 -2.2018576629304938e-05 0.04924028172184129 0.7632152643429325 -0.6461443029403178 -7.495608189635964e-06 -0.3674277783630892 -1.9947940433273e-05 -1.196166925573949e-05 -0.999999999729499 0.36511136040946063
1607108465502294 1606417111606934 0.6497234612176461 0.7601706543460433 1.4796482884666896e-05 0.09535363679931927 0.7601706544367078 -0.6497234612795605 -8.002772349210982e-07 -0.20523496204584343 9.005274805241233e-06 1.1767810972779124e-05 -0.9999999998902118 0.36489951565592305
1607108465751673 1606417111814331 0.6534224587742172 0.7569934545557505 -1.15616965042815e-05 0.15702749438070623 0.7569934546288163 -0.6534224587817336 3.637252136298789e-06 -0.0781233273351385 -4.80129609775794e-06 -1.1128790812203249e-05 -0.9999999999265488 0.36512252799017075
1607108466002299 1606417112021729 0.6567689194035398 0.7540918952617132 -3.2510644136081075e-06 0.1928674514241435 0.7540918952687209 -0.6567689193975638 2.8018058194642685e-06 0.07530912932191228 -2.2379001262105486e-08 -4.2917403057169455e-06 -0.9999999999907903 0.36503498961880404
1607108466252299 1606417112229004 0.6617181132520616 0.7497527182591281 -7.851466795664656e-06 0.23463624009931058 0.7497527182973458 -0.6617181132423164 4.1515338101124974e-06 0.14103899022124053 -2.082834035130746e-06 -8.633803692581433e-06 -0.9999999999605597 0.365082720167552
1607108466502307 1606417112436279 0.6640693356775939 0.747670995434461 -1.7962698716347086e-06 0.25319339530351465 0.7476709954366133 -0.6640693356759674 1.4726221367840507e-06 0.3246682607498767 -9.181088144285665e-08 -2.3209420870710415e-06 -0.9999999999973024 0.3650057645632587
1607108466752307 1606417112643555 0.6689634842232981 0.7432952688750684 -6.944806164379382e-06 0.32064110711014177 0.743295268906023 -0.6689634841740568 8.251957649470438e-06 0.44232154305056876 1.4878193511688213e-06 -1.0682299906281562e-05 -0.9999999999418374 0.36505308495161437
1607108467002314 1606417112851074 0.673560343158287 0.7391322367779023 -2.6165843271855272e-05 0.3823982104773918 0.7391322372150232 -0.6735603430095835 1.5452917168557326e-05 0.5747725359708721 -6.202525137772835e-06 -2.974849046692762e-05 -0.999999999538278 0.3650440681889959
1607108467252313 1606417113266113 0.676530387503119 0.7364147165654851 3.888619119450283e-06 -0.6259816001410416 0.7364147164803092 -0.6765303873209898 -1.967239093764887e-05 -0.46336123327813933 -1.185626919746207e-05 1.6172606610474265e-05 -0.9999999997989378 0.36510219708830843
1607108467502326 1606417113473633 0.6802760764594535 0.7329559739039895 1.0947666176252312e-05 -0.5502884853848491 0.7329559739768933 -0.6802760764487732 -5.245204003898143e-06 -0.3188832599579617 3.60293178364155e-06 1.1592344124964266e-05 -0.9999999999263183 0.3649259734142747
1607108467752324 1606417113681030 0.6799824511906498 0.7332283860272836 -1.0227513325598801e-06 -0.40994158266713976 0.7332283860255184 -0.6799824511913165 -1.6515790555805622e-06 -0.21840923907787538 -1.906437603388806e-06 3.731344656696008e-07 -0.9999999999981132 0.36496751188013943
1607108468002329 1606417113888428 0.6797344771279438 0.7334582745694266 -8.585213183791922e-06 -0.30384214603221044 0.7334582745802972 -0.6797344771661744 -2.405500021036564e-06 -0.09180594724035332 -7.599999289734035e-06 -4.661794349647322e-06 -0.9999999999602538 0.36496332824974104
1607108468252327 1606417114095703 0.6790430109243504 0.7340984874663241 -4.348927413110795e-06 -0.20225247515192188 0.7340984874710855 -0.679043010932788 -6.808506740752774e-07 0.024353294520946114 -3.4529202149482846e-06 -2.730214144366115e-06 -0.9999999999903116 0.36500115435128616
1607108468502329 1606417114302979 0.6756272535024043 0.7372433878415673 3.759191208591828e-05 -0.025002095789344574 0.7372433887911686 -0.6756272528651919 -2.95637235674129e-05 0.17041688578316408 3.602460572500081e-06 4.7688446014411034e-05 -0.9999999988564172 0.36512109474846877
1607108468751756 1606417114510376 0.6784796878715071 0.7346191588747547 6.756031164758649e-05 0.0833234521788455 0.7346191619511828 -0.6784796858084517 -5.332796698699962e-05 0.2932543339564164 6.662552767271437e-06 8.581304191968056e-05 -0.9999999962958661 0.3652512723612277
1607108469001714 1606417114717529 0.6741020758388531 0.7386382003799811 1.713585761221081e-05 0.2586295256653419 0.7386382005787099 -0.6741020756651387 -1.530564561979387e-05 0.4580707757788655 2.45982648434609e-07 2.2974766516361977e-05 -0.9999999997360498 0.3649792516317017
1607108469251718 1606417114924927 0.6719485560141647 0.7405978247484669 7.265210228969442e-06 0.39121114673023843 0.7405978247838637 -0.6719485559894941 -5.7886691075996655e-06 0.6091436397618747 5.947717730378734e-07 9.270286740246943e-06 -0.9999999999568541 0.3649947999605934
1607108469501720 1606417115339844 0.6657939060793947 0.7461356930431954 -4.689305112936856e-05 -0.7113568016136838 0.7461356943774664 -0.6657939058546064 2.2520861623656515e-05 -0.45139696774593824 -1.4417488973333167e-05 -4.998283169446559e-05 -0.9999999986469262 0.364874699774015
1607108469751731 1606417115547363 0.6622923057334019 0.7492455550498744 2.9673008337866652e-06 -0.659181602693129 0.7492455550227944 -0.6622923057362223 6.756352079125869e-06 -0.33314652223243535 7.027387274642935e-06 -2.251443036695803e-06 -0.9999999999727734 0.3650331660326632
1607108470001733 1606417115754761 0.6645629402287453 0.7472322921781506 2.2754451985610434e-06 -0.5947984036561255 0.7472322921769686 -0.6645629402322705 1.5029150148617943e-06 -0.21793392082933188 2.635203182991386e-06 7.015045102517868e-07 -0.9999999999962818 0.36498506983120016
1607108470252366 1606417115962158 0.66616797610497 0.7458017347734681 -5.055607823491047e-06 -0.5596264835696912 0.7458017347892779 -0.666167976075699 6.40124674950928e-06 -0.1003281284348953 1.4061768988863946e-06 -8.034786676825046e-06 -0.9999999999667324 0.3649595682892649
1607108470502363 1606417116169678 0.6721912565781851 0.7403775486111354 -9.842354372027875e-06 -0.49843719320971563 0.7403775486733323 -0.6721912564766321 1.1886949461246672e-05 -0.004822511483037419 2.1848859505555804e-06 -1.5277361698338936e-05 -0.9999999998809143 0.3649826404958797
1607108470752364 1606417116377197 0.6767102203178869 0.736249467042769 -1.0105588277014065e-06 -0.40866117181921635 0.7362494670428764 -0.6767102203184426 -3.331107713265725e-07 0.0974445619090418 -9.291081147918907e-07 -5.18603934854802e-07 -0.9999999999994339 0.3649701166737838
1607108471002374 1606417116584717 0.6788836812163016 0.7342458357849769 -3.884457515807605e-06 -0.2761046390713202 0.7342458357946493 -0.6788836812130232 2.3101039251546007e-06 0.2250084349220264 -9.409106305695756e-07 -4.420438611994294e-06 -0.9999999999897872 0.3648951915750717
1607108471252368 1606417116791992 0.6824403243426809 0.7309413134352807 -5.38782266187765e-06 -0.18840588553767382 0.7309413134544277 -0.6824403243132043 6.424164014188205e-06 0.3251107183936532 1.0188194375318401e-06 -8.322290746587765e-06 -0.9999999999648508 0.3648304741796232
1607108471502375 1606417116999512 0.6854771141659084 0.7280941737191305 -1.2469962368784242e-05 -0.1056516508255558 0.7280941738244259 -0.6854771140986241 9.716684574101141e-06 0.4198763464309036 -1.4732123911999314e-06 -1.573987184960173e-05 -0.9999999998750431 0.3647168124952708
1607108471752378 1606417117206787 0.6873263772462809 0.7263487116418346 -1.5563278808247248e-05 0.028750928355148236 0.7263487117998938 -0.68732637718502 9.839508447988995e-06 0.518934380087917 -3.5501377559992147e-06 -1.8067321209153105e-05 -0.9999999998304843 0.3646292999937894
1607108472001753 1606417117414307 0.686585806356832 0.7270487813827679 1.9070163353548587e-06 0.1611542914976703 0.7270487813850737 -0.6865858063523639 -2.533601070004822e-06 0.6202655649392586 -5.327212221192022e-07 3.126028436329982e-06 -0.999999999994972 0.3650792319243505
1607108472251763 1606417117621826 0.6856618270984841 0.7279202283652428 -1.061457041623362e-06 0.2723759136918756 0.7279202283656068 -0.6856618270989167 -6.171481701382567e-08 0.7585117455617384 -7.727240382389805e-07 -7.303405579443828e-07 -0.9999999999994348 0.36499098846613887
1607108472502389 1606417118036621 0.6655711144507477 0.7463344368393038 1.007142834466265e-06 -0.7097936117457324 0.7463344368399798 -0.6655711144502721 -7.990163937998605e-07 -0.2142163620030332 7.399172845415635e-08 1.2834676118617258e-06 -0.9999999999991737 0.36502201951549235
1607108472752397 1606417118244019 0.6626533219695178 0.7489262812927084 8.735151713261974e-06 -0.5843592588223754 0.7489262813258692 -0.6626533219890834 -8.38094961993831e-07 -0.03884190849737447 5.16070595760395e-06 7.09735110010588e-06 -0.9999999999614974 0.36511235336641246
1607108473002398 1606417118451172 0.6623775134389842 0.7491702253861307 5.55855015455026e-05 -0.4157937804522294 0.7491702270535275 -0.6623775136752924 -1.66844070989029e-05 0.1718366450882022 2.4319125283330997e-05 5.2694378900985674e-05 -0.9999999983159413 0.365693222239321
1607108473252403 1606417118658692 0.6631832721081526 0.7484570434549948 4.1267392191657104e-05 -0.28144713580046254 0.7484570445328348 -0.6631832717442548 -2.3921237700526105e-05 0.38378094811246877 9.463825324875292e-06 4.6751035086352484e-05 -0.9999999988623883 0.365521526365685
1607108473502407 1606417118865967 0.6637763831247002 0.7479310884358669 1.27081130747968e-05 -0.19273033440455747 0.7479310883750685 -0.6637763825181702 -3.252142257513695e-05 0.5499719577587425 -1.5888437658648937e-05 3.109174509415119e-05 -0.9999999993904305 0.3653479030348081
1607108473752409 1606417119073242 0.6674654476693194 0.7446407698826051 8.377204090535918e-07 -0.08573184282744337 0.7446407698765702 -0.6674654476583622 -4.93116385563089e-06 0.7104547766937123 -3.1127962220258296e-06 3.915182260759664e-06 -0.9999999999874909 0.3650737825029074
1607108474002417 1606417119280518 0.6705060581358296 0.7419040544250278 -5.943254863043692e-06 0.05945476396438766 0.7419040544358639 -0.670506058149961 -5.41539499560112e-07 0.9065499364399096 -4.386758741145181e-06 -4.046219364253828e-06 -0.9999999999821922 0.3650787169467521
1607108474252422 1606417119488037 0.6785280629683693 0.7345744807317819 5.146945420651026e-06 0.25854937222541025 0.7345744807405822 -0.678528062908059 -9.767636039641094e-06 1.1141491314728984 -3.6827092656203876e-06 1.0408429921509288e-05 -0.9999999999390511 0.36513475419412345
1607108474501794 1606417119902832 0.6497808322398919 0.760121615262231 8.320797821556073e-06 -0.676706983166549 0.7601216152493214 -0.6497808320152386 -1.951441115245532e-05 0.23814239360672657 -9.426630794553336e-06 1.900490859955563e-05 -0.999999999774976 0.3652341038805311
1607108474751797 1606417120110352 0.6566252705762915 0.7542169806749615 1.0325803238937625e-05 -0.5015366426937822 0.7542169807225684 -0.656625270387563 -1.6812439389521977e-05 0.5203794491164339 -5.900043930396715e-06 1.8827368705557172e-05 -0.9999999998053598 0.3653899170910894
1607108475001801 1606417120317871 0.665863332820094 0.7460737376493418 3.507344933341203e-07 -0.3402688095794479 0.7460737376491526 -0.6658633328201793 5.402731162901126e-07 0.7903552423914676 6.366248218870546e-07 -9.807426348154473e-08 -0.9999999999997925 0.3649924561069495
1607108475251175 1606417120525147 0.6809931697498016 0.7322897669299774 2.867550714201645e-06 -0.15038978067142889 0.7322897669339915 -0.680993169751279 -5.759265347193578e-07 1.0601154172571865 1.5310373424049537e-06 2.492080080590065e-06 -0.9999999999957228 0.36500029447410004
1607108475501182 1606417120939819 0.6569683134530736 0.7539181886129005 -1.3161917882255683e-06 -0.9986161204086025 0.7539181886134492 -0.6569683134493465 2.4088057334372232e-06 0.23645553662163724 9.513461559848107e-07 -2.5748099689735124e-06 -0.9999999999962327 0.36494167522163495
1607108475751814 1606417121147217 0.6702077688139555 0.7421735282725248 -2.360925410545067e-05 -0.7872773146953819 0.7421735285788208 -0.6702077688468099 7.662172369876853e-06 0.4759609692960408 -1.0136444016145097e-05 -2.2657410874788843e-05 -0.9999999996919471 0.36470054404753355
1607108476001193 1606417121354492 0.6832090603878552 0.7302228285677975 2.1138933875284727e-05 -0.597974379359484 0.7302228288506968 -0.6832090603101187 -1.182860988960409e-05 0.7149388060270079 5.804790177265645e-06 2.3517545541616796e-05 -0.9999999997066147 0.3652123139971848
1607108476250573 1606417121562012 0.6970006547536609 0.717070489510217 -1.8735291930214248e-05 -0.33648536581558613 0.7170704895359594 -0.6970006536571239 4.2926297284585345e-05 0.9457756909047579 1.7722670284862693e-05 -4.335418226940735e-05 -0.9999999989031609 0.364873588165255
1607108476501198 1606417121976807 0.6685067576452761 0.743706067598549 -2.041565714204032e-06 -1.1622988874422857 0.7437060675992955 -0.668506757634455 4.186341242594714e-06 0.07842338809229196 1.7486069070516398e-06 -4.316922219530272e-06 -0.9999999999891532 0.3649448051328512
1607108476751245 1606417122184326 0.6815999769909193 0.7317249970380366 -8.951472359383873e-06 -0.9513271616083706 0.7317249970799625 -0.6815999770004048 2.417023902004012e-06 0.25129640028221717 -4.332726546730727e-06 -8.197459522006009e-06 -0.9999999999570146 0.3649551472937661
1607108477001203 1606417122391602 0.6975062150888526 0.7165787325141922 -5.0241730233732165e-06 -0.7218801641163257 0.7165787325232361 -0.6975062150976562 -1.007186173729397e-10 0.3887951295308004 -3.5044640823401697e-06 -3.600145285196567e-06 -0.9999999999873789 0.36493020933569403
1607108477250578 1606417122599121 0.7061312739291187 0.7080809445109447 2.0479005138286167e-06 -0.4741408029385319 0.708080944513499 -0.7061312739288608 -9.698914335451154e-07 0.5544183950538956 7.59324956369975e-07 2.134950003638831e-06 -0.9999999999974327 0.36503159202673907
1607108477499962 1606417122806397 0.7065931885038274 0.7076200007466221 -2.2534650919551574e-05 -0.2150397087387254 0.7076200008124113 -0.7065931887694029 -6.2765826148338396e-06 0.6727072446179407 -2.0364266245600826e-05 -1.1510979179251595e-05 -0.999999999726397 0.36483356212831564
1607108477750593 1606417123013672 0.7040537754991217 0.7101466616617426 -1.1856643325099257e-05 -0.03397680771314269 0.7101466616883518 -0.704053775567603 -2.5215706315333745e-06 0.8132702944051322 -1.0138399464699653e-05 -6.644634352815071e-06 -0.9999999999265309 0.3648821292330902
1607108478001219 1606417123428223 0.6859754429089862 0.7276246915267819 -3.292577721522757e-06 -0.8676283049963387 0.727624691533779 -0.6859754429065836 1.9886753905571423e-06 -0.0933707884290705 -8.116181432231374e-07 -3.759943330805215e-06 -0.999999999992602 0.3648959936106675
1607108478251255 1606417123635742 0.6853259233342652 0.7282364854771455 -5.513385217326163e-06 -0.7037534914400914 0.7282364854849315 -0.6853259233476952 -8.060809743593747e-07 0.06685551249017 -4.365483390603283e-06 -3.462620085747452e-06 -0.9999999999844764 0.36495032492611934
1607108478501857 1606417123843140 0.6845162241675461 0.7289976259479459 1.4769223182578811e-05 -0.532501280608594 0.7289976260478489 -0.6845162242169786 -2.1902902697730194e-06 0.2838958275639878 8.51305648073644e-06 1.2266017863939258e-05 -0.9999999998885364 0.3652056995845861
1607108478751854 1606417124050781 0.6855469592018621 0.7280284105614656 1.2202129559269277e-05 -0.34760653434810695 0.7280284106454932 -0.6855469589697977 -1.8566777602739372e-05 0.443939435280806 -5.152008775046733e-06 2.1611894917212116e-05 -0.9999999997531914 0.36523360213780415
1607108479001856 1606417124258301 0.6857302517331547 0.7278557697021312 1.933307611132582e-05 -0.17034399856389493 0.7278557699204383 -0.6857302511819984 -2.8493245379750288e-05 0.6448186140977976 -7.481697909233213e-06 3.361037132481511e-05 -0.9999999994071835 0.36547015391183507
1607108479251858 1606417124465943 0.6895181033896618 0.724268448145704 -1.1090670753078166e-05 0.0098937624005251 0.7242684474887229 -0.6895181032956189 -3.4703789031739105e-05 0.812465473712774 -3.278207768865915e-05 1.5896267905623472e-05 -0.999999999336322 0.3653991762375464
1607108479501871 1606417124880860 0.7007031740028709 0.7134529150012654 4.79218249061688e-06 -0.8373965066693858 0.7134529149147202 -0.7007031740001941 1.2255948150692903e-05 -0.10914934973954268 1.2101939415752595e-05 -5.1687852028597095e-06 -0.9999999999134134 0.3647959081255076
1607108479751866 1606417125088135 0.697836465766509 0.7162571235594095 1.1723172029860106e-06 -0.6014073798944677 0.7162571235597878 -0.6978364657629225 -2.4162103003570866e-06 0.06636165618236954 -9.125421459615148e-07 2.5258002042546e-06 -0.9999999999963938 0.36508002257558425
1607108480002494 1606417125295654 0.6958252117136139 0.7182111630567202 2.980481667876066e-06 -0.3690035935841862 0.7182111630617273 -0.6958252116989675 -4.6982754539248255e-06 0.20833765034403473 -1.3004595906065375e-06 5.409793717573462e-06 -0.9999999999845215 0.36512054907580244
1607108480252502 1606417125502930 0.695073856354354 0.7189383382427479 4.680651168598075e-06 -0.14657252566374182 0.7189383382571375 -0.6950738563288088 -6.060502225387329e-06 0.3642612283632175 -1.103729140946585e-06 7.577596226340422e-06 -0.9999999999706809 0.3651829894628865
1607108480502504 1606417125710205 0.6936451042677424 0.7203169228260827 -4.4968477283615274e-06 0.08033336222662556 0.7203169228372154 -0.6936451042691562 1.4907497279206412e-06 0.46780175955120623 -2.045404154697649e-06 -4.2732067686119855e-06 -0.999999999988778 0.3649464744651694
1607108480751884 1606417125917725 0.6926352704284153 0.7212880020595873 1.5745165776208803e-05 0.30400337240369524 0.721288002231144 -0.6926352702433296 -1.602562131281815e-05 0.6333547416680183 -6.53431226054334e-07 2.2456709719256854e-05 -0.9999999997476346 0.3654398287995632
1607108481001887 1606417126332276 0.7074164820702288 0.706796944600109 -1.9487443220112924e-06 -0.6603484175644123 0.706796944602267 -0.7074164820703829 7.27361236749247e-07 -0.37108222312944145 -8.644771529750086e-07 -1.8919138598997756e-06 -0.9999999999978366 0.36500272208888723
1607108481251899 1606417126539795 0.7103505078882897 0.7038481057352245 -5.006735799396744e-07 -0.45420651177642013 0.7038481057347327 -0.710350507886452 1.8851600425704122e-06 -0.2767414436295762 9.712125931732769e-07 -1.691522544518791e-06 -0.9999999999980977 0.36496546529118695
1607108481501267 1606417126747437 0.7108206237800448 0.7033733296136692 -1.2626360316665956e-06 -0.24593678114643036 0.7033733295827851 -0.7108206237636711 -8.26546568721591e-06 -0.15361448361326005 -6.711215852825345e-06 4.987158965963696e-06 -0.999999999965044 0.3650223209253114
1607108481751901 1606417126954834 0.7110615019108284 0.7031298176706561 2.685574057218024e-06 -0.005229765087039306 0.7031298176584623 -0.7110615019149342 4.303607357468831e-06 0.024630606229229034 4.935602979201363e-06 -1.171822314073662e-06 -0.9999999999871333 0.36505263530932897
1607108482001906 1606417127162354 0.7088118570460764 0.7053975838597635 4.076335515132887e-07 0.18952941433652332 0.705397583859663 -0.7088118570461932 3.7721377273529776e-07 0.10780511847811212 5.550211785273349e-07 2.017012758170032e-08 -0.9999999999998458 0.3650015902221627
1607108482251297 1606417127369995 0.7067853179216441 0.7074280983769662 1.2709497634083169e-06 0.42641356167768607 0.707428098367092 -0.7067853178994715 -6.850428973747971e-06 0.2180524037084979 -3.9478973093913786e-06 5.740888194345336e-06 -0.9999999999757282 0.3650555065892683
1607108482501905 1606417127577393 0.7001390878265908 0.714006482909885 8.029368624473696e-06 0.6966981084020263 0.7140064826125976 -0.7001390877948193 2.3097408131778284e-05 0.42887191115431483 2.2113373968763152e-05 -1.0438377011358057e-05 -0.9999999997010195 0.36457758795128176
1607108482751914 1606417127992066 0.7068763827811892 0.7073371045449095 2.161185075329757e-06 -0.16996914783520217 0.7073371045272987 -0.7068763827804856 5.529845717071136e-06 -0.5475931067581823 5.439155746649284e-06 -2.380230944284637e-06 -0.999999999982375 0.3649863155294637
1607108483001918 1606417128199341 0.6989003507231254 0.7152190571865784 -8.365377023499201e-07 0.08587286524845583 0.715219057159901 -0.698900350685906 9.533392300106595e-06 -0.35372886977961576 6.233807359123792e-06 -7.2611989288628246e-06 -0.9999999999542073 0.3651016758447969
1607108483251917 1606417128406616 0.6880858972936115 0.7256292427478761 4.38803646250556e-06 0.31021013421158683 0.7256292427553697 -0.6880858972996793 -1.71600787479284e-07 -0.1073989362222594 2.8948274572068948e-06 3.3021636572924243e-06 -0.9999999999903578 0.36494745273639523
1607108483501923 1606417128614014 0.6817840941769581 0.7315534491263203 -1.77611382226759e-06 0.5425833863991011 0.7315534491069106 -0.6817840941362076 9.333770360494436e-06 0.10343639042874622 5.6172257471636015e-06 -7.66293836315396e-06 -0.9999999999548631 0.3650264529876994
1607108483751924 1606417129028809 0.6842764650365024 0.7292226816185593 3.827666411866406e-06 -0.33322002070058343 0.72922268162561 -0.6842764650393094 -7.256873166111283e-07 -0.6484183843143674 2.089994390621196e-06 3.2877919169546675e-06 -0.9999999999924112 0.36498277392918466
1607108484001941 1606417129236328 0.6768748923075295 0.7360980778184658 3.093856818740377e-07 -0.09846552066149453 0.7360980778178676 -0.6768748923074241 1.0578245877452003e-06 -0.3954277910194379 9.88078045806091e-07 -4.882766981773582e-07 -0.9999999999993926 0.36501162917111263
1607108484251932 1606417129443970 0.6681233815667122 0.7440505003075275 -6.670360946353345e-07 0.15452405225904692 0.7440505002783109 -0.6681233815479252 -8.308222299994218e-06 -0.11358097603080881 -6.627399370124312e-06 5.054609037951741e-06 -0.9999999999652642 0.3649593680253289
1607108484501938 1606417129651367 0.6602938838239492 0.7510073148674035 2.1916576560365777e-06 0.410346129131004 0.7510073148704624 -0.6602938838227911 -1.3183621784341069e-06 0.2019868581513854 4.570385060647869e-07 2.516457414454561e-06 -0.9999999999967293 0.365029547206443
1607108484752575 1606417130066406 0.6561256283128167 0.7546516811569839 1.5857867968687986e-06 -0.36860896504099866 0.7546516811571096 -0.6561256283142747 6.41892849707526e-07 -0.4965791244464406 1.5248808766190476e-06 7.755543228882019e-07 -0.9999999999985366 0.36499243579533464
1607108485001944 1606417130273682 0.6480358108896662 0.7616098658325446 -8.693178941261661e-06 -0.11028795047201238 0.7616098657998708 -0.6480358109452234 -7.303075122140968e-06 -0.10889321943387885 -1.1195585328806219e-05 -1.8881566380595731e-06 -0.9999999999355469 0.3651835933011005
1607108485251949 1606417130480957 0.6464091471609975 0.7629909661733734 -2.9798699089164568e-06 0.17682718851224552 0.7629909661723169 -0.6464091471668227 -1.7207742991358753e-06 0.31799270333077323 -3.239150411547524e-06 -1.1612895737084012e-06 -0.9999999999940796 0.3650120761390679
1607108485502581 1606417130895142 0.68044785369623 0.7327965054397044 4.473995821597454e-06 -0.33542454890482143 0.7327965054464188 -0.6804478537036784 1.9883553967935948e-07 -0.141890318862787 3.1900268429123863e-06 3.1432312872280784e-06 -0.9999999999899719 0.3650016279189066
1607108485751958 1606417131102173 0.7031658910742451 0.7110258290531312 -7.316817653641728e-06 0.11302752294363294 0.7110258290905974 -0.7031658910294957 7.949195426751846e-06 0.334619815854923 5.071466636871604e-07 -1.0792049424036504e-05 -0.9999999999416372 0.36504269855568106
1607108486001959 1606417131516968 0.7683641768408584 0.6400128840506041 -1.1676499442339028e-06 0.030327468774828264 0.64001288398812 -0.7683641767375763 1.549391165775794e-05 -0.0420390390765963 9.01912269716783e-06 -1.2652277685227624e-05 -0.9999999998792877 0.36502211497324843
1607108486251972 1606417131828369 0.8238266396862689 0.5668418366115584 -3.8119852985958673e-06 0.5242277280234418 0.5668418366135644 -0.8238266396103904 1.1716600623014744e-05 -0.06330608505440702 3.5010443771995436e-06 -1.1813240467577891e-05 -0.999999999924095 0.3649987163976787
1607108486501964 1606417132140015 0.8753466665776248 0.4834958255014588 -6.210388820538798e-06 1.1388172507209031 0.4834958251811775 -0.8753466663491373 -2.735488917705295e-05 -0.3125102789216861 -1.8662217874909058e-05 2.094231398820452e-05 -0.9999999996065706 0.36479337100522524
1607108486751973 1606417132140015 0.8516075869020072 0.5241798526199198 -6.539492549108316e-06 2.576600136836247 0.52417985263972 -0.8516075866899765 1.957399104490685e-05 0.545115718588759 4.691210273169209e-06 -2.009722952047989e-05 -0.999999999787047 0.36512576206227115
1607108487001970 1606417132140015 0.8144397474631184 0.5802481346423247 8.832876067181492e-07 3.8657457905528516 0.5802481346403133 -0.8144397474630375 1.801715171449638e-06 1.443212827478202 1.764826402739249e-06 -9.548624630846671e-07 -0.9999999999979868 0.3650071356736797
1607108487251975 1606417132140015 0.7723897402366497 0.6351488716651625 -2.024163944172631e-06 5.06534575152044 0.6351488716078464 -0.7723897401151016 1.626870368773561e-05 2.3984684918997097 8.769605327910711e-06 -1.3851425260416728e-05 -0.999999999865616 0.3650207901271121
1607108487501983 1606417132140015 0.7149418657925798 0.6991839017897639 4.419484472797227e-06 6.154640573923962 0.6991839018010877 -0.714941865758211 -7.269160841470131e-06 3.377505250452788 -1.9228057652010484e-06 8.287059812368204e-06 -0.9999999999638137 0.3649710676615414
1607108487751987 1606417132451416 0.7571965151951433 0.6531871380499509 -8.17992080795452e-06 6.844759729724022 0.6531871380802151 -0.7571965150111657 1.7492545556761304e-05 2.2857622136941615 5.232098240567143e-06 -1.8588313599701053e-05 -0.9999999998135499 0.364932378100162
1607108488001990 1606417132451416 0.6747101354720231 0.7380828090618113 7.950817690514662e-06 7.690637866081829 0.7380828088094388 -0.6747101354676917 2.1014381483409937e-05 3.2675815746854378 2.0874850996971242e-05 -8.310254324166742e-06 -0.9999999997475901 0.36519829221682365
1607108488251991 1606417132762573 0.7129359243067497 0.7012291834783877 -8.693652270138853e-06 8.263579589608552 0.701229183507203 -0.7129359243313111 3.8190533618788544e-07 1.7650291645469127 -5.930213849952138e-06 -6.368516716923575e-06 -0.9999999999621373 0.364876079539565
1607108488502616 1606417133073364 0.7493834264392136 0.662136300302229 2.1830037982827177e-06 8.417601249929143 0.6621363003057102 -0.7493834264330437 -3.066389612582531e-06 0.042811070165589465 -3.9446100708624754e-07 3.743347613214583e-06 -0.9999999999929159 0.36497556548556126
1607108488752622 1606417133073364 0.6420743962592993 0.7666423349059076 -1.655263880810265e-06 9.092188443360428 0.7666423349005019 -0.6420743962611313 -2.9454761843845263e-06 0.9311983360363862 -3.3209292963229904e-06 6.222194763226045e-07 -0.9999999999942921 0.36499073753903455
1607108489002631 1606417133384277 0.6856003559567748 0.7279781259506518 -7.33389524510719e-06 9.048366990888011 0.7279781259245847 -0.6856003559951903 -6.250077373185174e-06 -1.0684061742992117 -9.578040804033438e-06 -1.0538600444449948e-06 -0.9999999999535752 0.36501881170757416
1607108489252633 1606417133695435 0.7305257963238836 0.6828851007950955 -4.679048765660797e-06 8.617579217294203 0.6828851007393981 -0.7305257963293138 -9.488387078614673e-06 -3.115489010809231 -9.897643992138604e-06 3.7362588387230723e-06 -0.9999999999440385 0.3650444704325365
1607108489503255 1606417134006836 0.7742298184415122 0.632904564870372 -2.5949135583074024e-06 7.7798084634474 0.6329045647773325 -0.7742298183869653 -1.4455713019022617e-05 -5.186114015550014 -1.1158146211148785e-05 9.549711429883813e-06 -0.9999999998921494 0.36504062061955067
1607108489753258 1606417134006836 0.6588411030209362 0.7522821283232833 -1.9493914053785665e-05 8.362637726264879 0.752282128418118 -0.6588411031922438 -3.4057163234979756e-06 -4.399305344532769 -1.5405451365002973e-05 -1.242109725640416e-05 -0.9999999998041942 0.3649592078745286
1607108490003889 1606417134318237 0.7086933239125743 0.7055166707026231 -2.6265438647313923e-06 7.0794047164341904 0.7055166706530828 -0.7086933238992327 -9.783267910977533e-06 -6.303159421289696 -8.763672706988737e-06 5.0802661717769804e-06 -0.9999999999486945 0.3650005323681527
1607108490253896 1606417134629639 0.7538098039858412 0.6570926717783566 -1.0699253335825512e-05 5.40952734156112 0.657092671842411 -0.7538098039958588 3.897671504107282e-06 -7.866978225289614 -5.504070677620151e-06 -9.96850395364647e-06 -0.9999999999351671 0.36479189251129873
1607108490503941 1606417134629639 0.6241595050212799 0.7812969419340668 2.8644923682297843e-05 6.109589416227139 0.7812969422406918 -0.6241595052942996 7.654698591554257e-07 -6.989101594511799 1.8477060654795568e-05 2.190241599524921e-05 -0.9999999995894412 0.3654257260585231
1607108490754527 1606417134940674 0.6720821254942938 0.7404766144788957 2.3260419011151792e-06 4.24565315151664 0.7404766144783649 -0.6720821254977404 1.2505398658154033e-06 -8.252273658753447 2.489286711002612e-06 8.819141410380727e-07 -0.9999999999965128 0.36501439265040964
1607108491003905 1606417135251343 0.7215344533794774 0.6923785327236411 -3.781764137789979e-06 2.0536923564398957 0.6923785327225478 -0.721534453388185 -1.8028329719060106e-06 -9.064450164341007 -3.9769159678285405e-06 -1.3176062019041294e-06 -0.999999999991224 0.3648904202411057
1607108491254536 1606417135251343 0.5867523535655795 0.8097664327004757 -7.827164391355717e-06 2.7322025264221543 0.8097664324905056 -0.586752353597743 -1.9067613469727792e-05 -8.067474599948355 -2.0032920468072698e-05 4.849792094525864e-06 -0.9999999997875808 0.365188500874888
1607108491504540 1606417135562134 0.6371453536083829 0.7707436657951416 -4.047370543539517e-06 0.8355957414973539 0.7707436658039222 -0.637145353609566 1.1569305827938184e-06 -8.373969235519844 -1.6870664176956395e-06 -3.85661815486037e-06 -0.9999999999911402 0.36497064914697364
1607108491755164 1606417135873901 0.6638538751070228 0.7478623085078232 -4.817065531955757e-06 -0.7763786741256392 0.7478623085184063 -0.6638538750654858 7.907208032475751e-06 -8.268757156644957 2.715675233179671e-06 -8.851732442629509e-06 -0.999999999957136 0.36493678409656743
1607108492005801 1606417135873901 0.5707411730294855 0.8211300222130399 5.814206649887704e-06 0.03395454159104906 0.8211300221215891 -0.5707411730542732 1.2477827452444477e-05 -7.1395438398734905 1.3564325856902787e-05 -2.3473902420206635e-06 -0.9999999999052495 0.36495369382196013
1607108492255805 1606417135873901 0.4947078784341907 0.8690593276730475 2.019374851387074e-06 0.8053473986300771 0.8690593276742324 -0.4947078784283955 -2.7843030571760585e-06 -5.869791274707756 -1.4207238944229097e-06 3.1323732089951084e-06 -0.9999999999940848 0.3650518034156647
1607108492505800 1606417136185913 0.5534919700886591 0.8328545125117969 -6.370048183529368e-06 -0.20073738841310293 0.8328545124876295 -0.5534919701227852 -6.5617462912117384e-06 -5.759504003289398 -8.99075052745191e-06 -1.6734494924675896e-06 -0.999999999958183 0.3650908643545845
1607108492756432 1606417136185913 0.49721421565600193 0.8676278138498121 -1.970400968687579e-05 0.5905850084433456 0.8676278139163518 -0.49721421587000636 -7.744195845294755e-06 -4.472403722885436 -1.6516193437195965e-05 -1.3245222586876386e-05 -0.9999999997758897 0.365034070071232
1607108493007061 1606417136185913 0.45222123543645154 0.8919057989359943 7.010023475453086e-06 1.3472314295238335 0.8919057984926688 -0.4522212354391304 2.8940056281777037e-05 -2.986146168631771 2.898188549571298e-05 -6.835027420004047e-06 -0.9999999995566664 0.36497757527945174
1607108493257693 1606417136497559 0.5222265990033127 0.8528067654878102 6.009808840976557e-06 0.9106489529395089 0.8528067654147621 -0.5222265990374025 1.1185012472546166e-05 -2.8230643146820102 1.2677136340512706e-05 -7.159053849115648e-07 -0.9999999999193888 0.3649252684588923
1607108493507690 1606417136704834 0.5556262516151048 0.8314321791427349 2.564479300004276e-06 0.9903542930891013 0.8314321790009065 -0.5556262515727982 1.701268398881309e-05 -2.219436072091366 1.5569784942548232e-05 -7.320503222194901e-06 -0.9999999998519961 0.3648899505237131
1607108493757694 1606417136911743 0.5822394930693969 0.813017325831021 2.476554873181059e-05 1.1760896667879441 0.8130173252126723 -0.5822394935937665 3.175171997301268e-05 -1.6257115772516473 4.0234179015085505e-05 1.6477148461887331e-06 -0.999999999189248 0.3647661131733007
1607108494007702 1606417137118530 0.5952731173143819 0.8035234382133501 7.005704217979619e-06 1.5009541947513143 0.803523438236147 -0.5952731173242972 -7.997859707040122e-07 -1.093329625375175 3.5276606158659375e-06 6.105338628448115e-06 -0.9999999999751402 0.36500462554316604
1607108494257701 1606417137532593 0.607494261028477 0.7943240664778021 -1.5365491416057884e-05 0.9931215765802643 0.7943240665201537 -0.6074942611499624 -4.605801569419889e-06 -1.3224353991224496 -1.299294688698661e-05 -9.407181604804069e-06 -0.9999999998713441 0.3648194980277016
1607108494507704 1606417137739746 0.6099994241051266 0.7924018567331872 6.455772656153336e-06 1.2799545652719528 0.7924018566677926 -0.6099994238903564 -2.018251717043304e-05 -0.7915253848231805 -1.2054646478352994e-05 1.742689008987815e-05 -0.9999999997754945 0.3649724329927727
1607108494757706 1606417138154785 0.6165211543915875 0.7873383428901798 -2.6599630274185645e-06 0.6824209634614663 0.7873383427375288 -0.6165211543325171 -1.7896591261744354e-05 -1.1893086569179736 -1.5730595983515452e-05 8.939336222594246e-06 -0.9999999998363183 0.36510330399992774
1607108495008339 1606417138362427 0.6233299054721102 0.7819589687801737 9.635503714814829e-06 0.9846869931120655 0.7819589681402177 -0.6233299053884682 3.461148406116206e-05 -0.6926598976402039 3.307085800326962e-05 -1.4039804545714424e-05 -0.9999999993546012 0.36478238937588603
