1636239302861933 1606417097502930 0.6227906784435504 0.7823885037493996 7.004551465977627e-06 -4.530896878119559 0.7823885037805839 -0.6227906784125402 -6.2364213713192305e-06 -3.24043955299714 -5.169350259843196e-07 9.364265638003184e-06 -0.9999999999560216 0.36498939698735683
1636239303111347 1606417097502930 0.6221373704091411 0.7829080515329118 -0.00027420759368049886 -4.527744149651655 0.7829080995204446 -0.6221373353930569 0.0002088534852218475 -3.2412111723403996 -7.0817065060169305e-06 -0.0003446149041384087 -0.9999999405952069 0.37001549824064056
1636239303360374 1606417097502930 0.6222265818704285 0.7828371993111615 -1.3891202196162658e-05 -4.534462973208994 0.7828371994273893 -0.6222265816917412 1.5276077248470493e-05 -3.249171030529774 3.3152062715391166e-06 -2.0379731154582482e-05 -0.999999999786838 0.36495881564764526
1636239303609410 1606417097502930 0.6221331245085215 0.7829114735354041 5.932536543685312e-07 -4.532369894346768 0.782911473463227 -0.6221331244611148 1.3128422105662745e-05 -3.2420450138383217 1.06474750455057e-05 -7.703161171766384e-06 -0.9999999999136463 0.36476892667511973
1636239303858863 1606417097502930 0.6224343600346482 0.7826720049835598 -8.230307824011436e-06 -4.527335859778319 0.7826720050123382 -0.6224343600527056 4.5923708792416493e-07 -3.242906139246476 -4.7633943710962806e-06 -6.727476469398997e-06 -0.9999999999660256 0.3648913013083879
1636239304108209 1606417097502930 0.6224516853661521 0.7826582264121615 4.3210996985332585e-06 -4.5348897681423495 0.7826582264236616 -0.6224516853621026 -2.3900373653849806e-06 -3.253725280817687 8.190933845168631e-07 4.869627012414945e-06 -0.9999999999878079 0.3650303926227983
1636239304357455 1606417097502930 0.6222242419906875 0.7828390592395326 -3.5416864521204247e-06 -4.530808809431836 0.7828390592465927 -0.6222242419906173 1.2558538837965413e-06 -3.2522175738079326 -1.2205916951027456e-06 -3.5539932212127845e-06 -0.9999999999929396 0.3649701206610258
1636239304606841 1606417097502930 0.6221354546610184 0.7829096057073985 0.00015921457007934123 -4.524587371424474 0.7829096215528305 -0.6221354475492716 -9.688723784893114e-05 -3.2581903949171935 2.319907863023853e-05 0.00018492760457609572 -0.9999999826317918 0.3657320798391251
1636239304855797 1606417097502930 0.6221224164567385 0.7829199824661586 -1.2978169564247199e-06 -4.519469010657067 0.7829199824670233 -0.6221224164569329 2.9723438341923264e-07 -3.2546398745854423 -5.746902827935217e-07 -1.2010030016335665e-06 -0.9999999999991137 0.3649922638180523
1636239305104837 1606417097502930 0.6225273886706714 0.7825980132595355 -1.2524508744898611e-06 -4.501455532151565 0.7825980132604123 -0.6225273886706802 4.302725743485272e-07 -3.2267257910825373 -4.4295451048827175e-07 -1.2480220282050407e-06 -0.9999999999991231 0.36497618041999524
1636239305354103 1606417097502930 0.6227000002726397 0.7824606761138809 5.731220540102851e-07 -4.486540150229301 0.7824606761140869 -0.6227000002725445 -3.5362528947297185e-07 -3.2057994633230473 8.018522009623785e-08 6.686479377265208e-07 -0.9999999999997733 0.36500086919814123
1636239305603296 1606417097502930 0.6236239640333875 0.7817244728704877 1.7628843150904867e-06 -4.4653935591081355 0.7817244728715529 -0.6236239640345306 1.3001588023352286e-07 -3.1831892478348918 1.201013500148688e-06 1.2970087933262248e-06 -0.9999999999984377 0.36502348661376993
1636239305852371 1606417097502930 0.6247673465781558 0.7808109647369202 -8.695358945120178e-07 -4.420385629966205 0.7808109647373987 -0.6247673465778976 5.758735395816707e-07 -3.131553958716477 -9.360925956107396e-08 -1.0387301439544171e-06 -0.9999999999994561 0.36499534251761534
1636239306101315 1606417097502930 0.6261888324865186 0.7796714346904008 1.203565993411096e-06 -4.364584932317867 0.7796714346909418 -0.6261888324870009 3.08803607054397e-08 -3.072399596893913 7.777361193683829e-07 9.190490878091034e-07 -0.9999999999992752 0.36502230876684233
1636239306350287 1606417097502930 0.6284137798348264 0.7778792459744214 -6.616735294427115e-07 -4.292351031905585 0.7778792459746569 -0.6284137798348541 1.9118473724814828e-07 -2.984445536364029 -2.6708612440075936e-07 -6.348452295437057e-07 -0.9999999999997629 0.36499692647114995
1636239306599275 1606417097502930 0.6312951058513984 0.775542706323694 8.110430340318518e-07 -4.1932878724838165 0.7755427063240838 -0.6312951058507149 -9.570921960979356e-07 -2.890764141955873 -2.302583739439419e-07 1.233206128800799e-06 -0.9999999999992131 0.36500139395794445
1636239306847950 1606417097502930 0.6389422612546876 0.7692546956547963 5.088818487308198e-07 -4.0307331258696335 0.7692546956549117 -0.6389422612547494 -5.1033288390274127e-08 -2.7422650395215395 2.858885224100054e-07 4.2406707635213287e-07 -0.9999999999998692 0.365007827532768
1636239307096658 1606417097502930 0.6536930483372251 0.756759802420176 -1.0139092318261753e-06 -3.8334547470086915 0.7567598024205647 -0.6536930483375615 -3.9086313349356223e-10 -2.556549247721186 -6.630812059962426e-07 -7.670302454342347e-07 -0.999999999999486 0.36498427124034666
1636239307345728 1606417097502930 0.6673154742934972 0.7447751726151143 -5.388600751934498e-06 -3.5709363949785025 0.744775172634555 -0.6673154742787207 4.449791382125269e-06 -2.2908084129943034 -2.8180252175160413e-07 -6.982710701935158e-06 -0.9999999999755812 0.3649879082604948
1636239307594865 1606417097502930 0.6811610376209891 0.7321336222511214 -1.007673910105595e-06 -3.26104107971375 0.7321336222517622 -0.6811610376208178 5.575450691354196e-07 -2.0069791685478187 -2.7819071515621874e-07 -1.1175299276643963e-06 -0.9999999999993369 0.36499370390438557
1636239307844104 1606417097502930 0.690746925363836 0.7230965945877353 7.023000730417086e-07 -2.880623601658074 0.7230965945879381 -0.6907469253639789 -5.2283270241855805e-08 -1.661554857957608 4.4730576146966005e-07 5.43945299361636e-07 -0.999999999999752 0.3650096351268
1636239308093183 1606417097502930 0.7032095462377888 0.7109826538559485 -6.792243302759116e-07 -2.4346997489823976 0.710982653856273 -0.7032095462374811 6.57877820483026e-07 -1.278915402115331 -9.897314366768687e-09 -9.455426805229802e-07 -0.9999999999995529 0.3649991352485261
1636239308342457 1606417097502930 0.7192697476662399 0.6947309047381849 9.913236869544893e-06 -1.938088650556519 0.6947309048058726 -0.7192697476320744 -7.305560688396597e-06 -0.8710701239921179 2.05489259470046e-06 1.2141700812810173e-05 -0.9999999999241782 0.3650636701188999
1636239308591557 1606417097502930 0.7367634116265208 0.6761506306236469 4.002206028646453e-07 -1.3751133271275513 0.6761506306237621 -0.736763411626446 -3.386284287195242e-07 -0.43693282393110794 6.590407114380058e-08 5.200984494315156e-07 -0.9999999999998626 0.3650017012115159
1636239308840338 1606417097502930 0.7523351886538653 0.6587805127032887 -1.0163876820029633e-07 -0.7731244703141481 0.6587805127032785 -0.752335188653872 -1.189855917271541e-07 0.02919247731340037 -1.548518109704901e-07 2.255940777356902e-08 -0.9999999999999878 0.36499698185945284
1636239309089106 1606417097502930 0.7662880976557166 0.6424971217021471 3.2402044107111564e-07 -0.07798751169216134 0.6424971217022156 -0.7662880976555011 -5.894176928414105e-07 0.5466307551520582 -1.3040616374075368e-07 6.598459633314667e-07 -0.9999999999997738 0.3649959385481196
1636239309338094 1606417104969727 0.7605558567052025 0.6492725064365279 -3.495010876913635e-05 -0.1946333149764949 0.6492725073571592 -0.7605558551568335 4.8798269130451306e-05 0.29962727562392943 5.101864645346161e-06 -5.9805954137050484e-05 -0.9999999981986094 0.3657247146421038
1636239309587187 1606417105591919 0.7568461839580958 0.6535930335881965 -1.6658709423701105e-05 -0.3620250261697477 0.6535930331149199 -0.7568461840857875 -2.6512021459383257e-05 0.015241932106832006 -2.993615319124896e-05 9.177505850511945e-06 -0.9999999995098 0.36573804940047944
1636239309836048 1606417106006592 0.75893897072778 0.6511617607584474 6.409531973604257e-06 -0.33975344645350625 0.6511617603851734 -0.7589389698721032 -4.273194189383666e-05 -0.1023148181504962 -2.2960962930757572e-05 3.6604578121203156e-05 -0.9999999990664495 0.3652304931012375
1636239310084903 1606417106421387 0.7593110032872078 0.6507279000988749 1.8009666511139357e-05 -0.4915471566213616 0.6507278999903957 -0.7593110034966735 1.214206946524879e-05 -0.37118103763472604 2.15761213171415e-05 2.499785520674454e-06 -0.999999999764111 0.36572681034720544
1636239310334116 1606417106421387 0.766247704697745 0.6425452941517846 -3.6468861161652678e-06 0.24782140685969667 0.6425452941450774 -0.7662477046237083 1.1635295350071231e-05 0.29502328913597126 4.681786157708259e-06 -1.1258807867672295e-05 -0.99999999992566 0.3655283835334259
1636239310583125 1606417106732422 0.7551640571908732 0.6555358468390877 1.5506303950270088e-05 0.2954463456686625 0.6555358469377179 -0.755164057262355 -1.7814018054756716e-06 0.22444442959041672 1.054203066309252e-05 1.1510188707798441e-05 -0.9999999998781905 0.36453920057663775
1636239310832094 1606417107043579 0.7488645260973786 0.6627231035910056 9.759159474338548e-05 0.2346673626206517 0.6627231107084334 -0.7488645200128753 -9.593377557474741e-05 0.10144000328214393 9.505353266675601e-06 0.0001365176066295439 -0.9999999906362956 0.3640241178521902
1636239311081354 1606417107354736 0.7363830491443975 0.676564856078304 -2.13777800621423e-05 0.20476948223979416 0.6765648563517834 -0.7363830491423549 9.484968686384996e-06 -0.025816445413612537 -9.32503839182289e-06 -2.1448024859134745e-05 -0.999999999726513 0.36437936186742015
1636239311330616 1606417107665772 0.725692010974367 0.6880196982539124 -5.200012220906854e-06 0.1374717667530164 0.6880196982602634 -0.7256920108926184 1.1702554435987597e-05 -0.14159394703887326 4.277980646582531e-06 -1.2070161101339904e-05 -0.999999999918005 0.36501459620024485
1636239311580013 1606417107976807 0.7120004664274944 0.7021789892754879 5.321231277781769e-05 -0.0036668348339280446 0.7021789911914752 -0.7120004655620543 -3.7056793078844003e-05 -0.22496136693964194 1.1866689961519812e-05 6.3749022061595e-05 -0.999999997897622 0.36481843190706037
1636239311829268 1606417108287964 0.7043655897079175 0.7098373870380698 1.687787507325487e-06 -0.10661875099482006 0.7098373854408054 -0.7043655879593753 -6.88016758314704e-05 -0.3355023555767202 -4.764918235599697e-05 4.965958764119544e-05 -0.9999999976317404 0.36510418453744203
1636239312078518 1606417108495361 0.6981433907277078 0.7159579638238024 -4.995953423806701e-06 0.12843971949498353 0.7159579617363446 -0.6981433891932736 -7.180901059382613e-05 -0.043333216844591876 -5.490012486438303e-05 4.6556093510433534e-05 -0.9999999974092533 0.3652076676689265
1636239312327761 1606417108702881 0.6951449651056539 0.7188695830822686 3.4424164687695124e-06 0.34533785791697774 0.7188695822218669 -0.6951449640222978 -5.248869148027693e-05 0.22766672921122413 -3.533954528854918e-05 3.896189809614944e-05 -0.9999999986165435 0.3651536105416992
1636239312576634 1606417109117676 0.6943496976092848 0.7196377536553387 -3.079380621073399e-05 -0.1747263795859596 0.71963775373947 -0.6943496981292199 -1.0253634705787318e-05 -0.31702778922504643 -2.8760572693083757e-05 -1.5040777373188204e-05 -0.9999999994733022 0.3650687267523824
1636239312825848 1606417109325195 0.6915962797995776 0.7222842830943829 -1.291058812316939e-05 0.022126387772708582 0.7222842831943361 -0.6915962797911657 5.824914763759591e-06 -0.07454558617310511 -4.721670331661489e-06 -1.3353604268896643e-05 -0.9999999998996936 0.36501321738087167
1636239313074936 1606417109532715 0.687384483580702 0.7262937227337694 7.3810417537996e-06 0.2555450996339866 0.7262937227660142 -0.6873844835789064 -3.1796223082999768e-06 0.16483298514411637 2.7642738510211128e-06 7.5464273316141374e-06 -0.9999999999677052 0.3649694172142719
1636239313323825 1606417109739990 0.6815688773039515 0.7317539651101787 6.374020402845803e-06 0.485567606985201 0.7317539650775791 -0.6815688771099929 -1.8781115486282706e-05 0.42301901649031554 -9.398821797604095e-06 1.746483849973611e-05 -0.9999999998033208 0.36490246821489714
1636239313572994 1606417110154785 0.6805072303409205 0.7327413659619869 8.145947531515781e-06 -0.16686448640400534 0.732741365917872 -0.6805072300421923 -2.3185761528609946e-05 -0.24896198196410718 -1.1445790382577512e-05 2.1746951082068334e-05 -0.999999999698032 0.36490509687664185
1636239313822318 1606417110362061 0.67869218393851 0.7344228478604373 2.409577315711049e-06 0.06791565800839149 0.7344228478465281 -0.6786921838954679 -9.201172257784489e-06 -0.002082381957217442 -5.1221898425404e-06 8.014412328723058e-06 -0.9999999999547662 0.3649154213872551
1636239314071759 1606417110569336 0.6698651157195009 0.7424828123465409 1.0795219470327177e-05 0.3179796898868938 0.7424828123831642 -0.6698651157653165 8.785939308170382e-07 0.23297878147387077 7.883681832848747e-06 7.426725487468223e-06 -0.9999999999413457 0.36486008010607535
1636239314321194 1606417110984375 0.6711517590381071 0.7413199806345253 5.15417058739204e-05 -0.3931665045285017 0.7413199811963819 -0.6711517603074354 1.0940410320740198e-05 -0.4361989704765505 4.2702651393539266e-05 3.0866220797851776e-05 -0.9999999986118799 0.365190565438706
1636239314570990 1606417111192017 0.6697268916707143 0.7426074942082908 -1.110101234166557e-05 -0.16072792058882396 0.7426074937206213 -0.669726891667277 -2.9191280620786986e-05 -0.16124643699845462 -2.9112310244412387e-05 1.1306490681216102e-05 -0.9999999995123183 0.36488372684559073
1636239314820493 1606417111399414 0.6741816987763712 0.738565526567141 2.4644548408254954e-06 0.04844712801563593 0.7385655265703478 -0.6741816987770156 -6.841576206431424e-07 0.10778887161045392 1.1561951177991517e-06 2.281407934134032e-06 -0.9999999999967292 0.3649871850478294
1636239315070068 1606417111606934 0.6790328238894675 0.7341079102943184 -1.133446050811362e-05 0.29909788299920603 0.7341079103564045 -0.6790328239134983 2.163081963871486e-06 0.3461283228966725 -6.108535146053831e-06 -9.7895207728386e-06 -0.9999999999334256 0.36513839250066704
1636239315320043 1606417112021729 0.690207835459101 0.723611182797724 -2.325301734255164e-06 -0.4281725615622301 0.7236111827874027 -0.6902078354621592 -4.015323063214596e-06 -0.41592338325149375 -4.510474147874286e-06 1.0887931018659353e-06 -0.999999999989235 0.3650248930086652
1636239315569672 1606417112229004 0.6956311894226698 0.7183990870540339 5.176682753079432e-06 -0.17750415814047996 0.7183990870720822 -0.6956311894133613 -3.7170930520235155e-06 -0.13952719446532513 9.307057256696277e-07 6.304650024833837e-06 -0.9999999999796926 0.36502679812451483
1636239315819919 1606417112436279 0.6971305634223292 0.7169441941005158 -9.617359803015577e-06 0.06823932159489972 0.7169441941480169 -0.6971305634354615 2.464214776210048e-06 0.09504284703021264 -4.937850981406258e-06 -8.612989709118259e-06 -0.999999999950717 0.3649299617148949
1636239316069416 1606417112643555 0.6980325911856385 0.7160659897288747 -8.580185647722908e-07 0.3493679240394202 0.7160659897293667 -0.6980325911854138 5.87699602443971e-07 0.25144112535397767 -1.7809322456548541e-07 -1.024631389120288e-06 -0.9999999999994592 0.36498396213196976
1636239316319088 1606417112851074 0.697441555583621 0.7166416653725218 -1.2896341283500027e-06 0.5889312256536954 0.7166416653681413 -0.6974415555841758 -2.6772626496516027e-06 0.4497786201692125 -2.8180823964905505e-06 9.430286776205007e-07 -0.9999999999955845 0.3649835875413379
1636239316569006 1606417113266113 0.6965381298679323 0.7175197789955021 -1.9869447321008955e-05 -0.2540536542416892 0.7175197791939992 -0.696538129931165 4.675023042421267e-06 -0.5249722031011114 -1.0485406179520923e-05 -1.7513053261495667e-05 -0.9999999997916746 0.36517560034985014
1636239316818531 1606417113473633 0.6961620402057633 0.7178846799899927 4.084194551189655e-06 -0.05854869114938667 0.7178846799641303 -0.6961620402162861 6.257957369703053e-06 -0.3753053188074709 7.335752935120346e-06 -1.4245716717179463e-06 -0.9999999999720787 0.3650980902642722
1636239317068122 1606417113681030 0.6957110982553885 0.7183217020855477 9.037075865614848e-06 0.14551384943738052 0.7183217021363921 -0.6957110982459492 -4.664474412498552e-06 -0.23647944298011403 2.9366007760718723e-06 9.736654334405948e-06 -0.9999999999482869 0.36503941314735977
1636239317317794 1606417113888428 0.6951800976512277 0.7188356077621821 -2.9107894954009847e-05 0.3332302469792488 0.7188356083454258 -0.6951800969086998 3.226667328229921e-05 -0.1420576055046284 2.959204464401927e-06 -4.3354940460092634e-05 -0.9999999990557962 0.36491588249974405
1636239317567351 1606417114095703 0.6910085506916329 0.7228465829224668 2.0804519342379417e-05 0.4943014615660891 0.7228465831989661 -0.6910085506126031 -1.1929606073854905e-05 -0.0029904335357083937 5.752825770859411e-06 2.3281935525100377e-05 -0.9999999997124283 0.36509868495235115
1636239317816969 1606417114302979 0.6868690501395885 0.7267811960725348 3.162563458307227e-05 0.6418195154122766 0.7267811967478481 -0.6868690497352269 -2.395950373149607e-05 0.10620577205461404 4.309352794057353e-06 3.9441958119975994e-05 -0.9999999992128807 0.36507670861635544
1636239318066694 1606417114510376 0.6852372224666717 0.7283199489112048 3.112244958672961e-05 0.7800287182900131 0.7283199495722911 -0.6852372219767688 -2.6020026357969584e-05 0.2672592921025922 2.375356628211883e-06 4.049699150352737e-05 -0.9999999991771756 0.36513913021856964
1636239318315897 1606417114924927 0.68236225554314 0.7310141941620725 1.2170458424706496e-05 -0.20793175459619978 0.731014194261096 -0.6823622554880892 -8.858564986448524e-06 -0.7475190966274937 1.8289247160011457e-06 1.4941528244120182e-05 -0.9999999998867029 0.36505143441838345
1636239318565203 1606417115132446 0.6817036138677957 0.7316284450873095 -3.4397366653646846e-05 -0.013388136221958457 0.7316284458714983 -0.6817036134756433 2.388246980840937e-05 -0.5334749588826624 -5.975714891047979e-06 -4.144685788326913e-05 -0.9999999991232243 0.3650251057199957
1636239318815039 1606417115339844 0.682263501750286 0.7311063586979538 -8.03450185503999e-05 0.17868773231526391 0.7311063622038347 -0.6822635022619974 2.5114428104968065e-05 -0.34249697165891346 -3.645515566281572e-05 -7.587541189676393e-05 -0.9999999964569718 0.36437487671856983
1636239319064691 1606417115547363 0.6849006744971169 0.7286364427039966 -2.101250469717518e-05 0.3365818159702271 0.7286364429352248 -0.6849006745495878 5.717360199760382e-06 -0.1580157711007049 -1.0225601643438343e-05 -1.9226300536825178e-05 -0.9999999997628932 0.3648172457277151
1636239319314587 1606417115754761 0.6871955437979037 0.7264724911753789 6.44531460629465e-05 0.5172048896780534 0.7264724938186844 -0.6871955430519269 -3.659091136597809e-05 0.050965927217194035 1.7709624175672322e-05 7.196854898885223e-05 -0.9999999972534486 0.36542580547174974
1636239319564232 1606417115962158 0.6878496302009887 0.7258532125599804 7.29279255940184e-06 0.7319309999331306 0.7258532125862476 -0.6878496301027409 -1.2256097686843556e-05 0.2048019391134622 -3.879783215035049e-06 1.372384916953881e-05 -0.9999999998983016 0.3650940749392302
1636239319813740 1606417116377197 0.6873396497691681 0.7263361517785453 -2.189057646685093e-05 -0.21415535447487394 0.7263361521079941 -0.687339649424035 2.1795949178920277e-05 -0.7661572476475791 7.849246965608408e-07 -3.0881137153315e-05 -0.9999999995228697 0.3649358321721709
1636239320063331 1606417116584717 0.6865550041535475 0.7270778680544063 -7.851584932983714e-06 -0.013017632011630496 0.7270778680966357 -0.6865550041060917 8.087123995830704e-06 -0.5598833827452316 4.894239476753318e-07 -1.1260969082776117e-05 -0.9999999999364755 0.364962905005828
1636239320312803 1606417116791992 0.6855354252226901 0.7280392714447901 -1.8304796818539146e-06 0.20375409109069578 0.7280392714470478 -0.6855354252196141 2.0689543933596104e-06 -0.3441023860791078 2.5142138213791723e-07 -2.751002623787535e-06 -0.9999999999961844 0.3649148321524101
1636239320562207 1606417116999512 0.6825329160008937 0.73085485457268 -1.1284037931691497e-05 0.433890856105594 0.7308548546558382 -0.6825329159666248 7.249530833739817e-06 -0.1463449576339062 -2.4033725101767336e-06 -1.3195037322058762e-05 -0.9999999999100574 0.3648200942813685
1636239320811603 1606417117206787 0.6854341160189722 0.7281346527786726 4.963628259595079e-06 0.6445187420760565 0.728134652795179 -0.6854341160099091 -3.608924419140023e-06 0.04356185992837951 7.744572194806695e-07 6.0878696584035295e-06 -0.9999999999811691 0.3651667809289565
1636239321061232 1606417117414307 0.686217148515212 0.7273967452681425 -7.837739920691887e-06 0.8458239364337578 0.7273967453101221 -0.6862171484840132 6.570901837403277e-06 0.27851682848193066 -5.987389289316244e-07 -1.0210212030911936e-05 -0.9999999999476965 0.3648532155942263
1636239321311278 1606417117829102 0.6800890399155528 0.7331295230516016 -1.4877446611646242e-05 -0.06189898176712662 0.7331295231952345 -0.6800890398594214 9.331894644461592e-06 -0.6447368581837513 -3.276500911805886e-06 -1.725361461006506e-05 -0.9999999998457887 0.36485508714350157
1636239321560670 1606417118036621 0.6833615486250038 0.7300801283689488 -5.107012217408536e-06 0.1587515901601065 0.7300801283832322 -0.6833615486268373 1.6491414890872512e-06 -0.44033600518834026 -2.2859303476880026e-06 -4.855488017213921e-06 -0.9999999999855994 0.36503266564863573
1636239321810062 1606417118244019 0.6824454304458669 0.7309365461180094 4.134776090183122e-06 0.3974952464588623 0.7309365461162523 -0.6824454304567078 2.20646403691283e-06 -0.22739851803878744 4.434544250971828e-06 1.5164676548849944e-06 -0.9999999999890176 0.3651228020683091
1636239322059888 1606417118451172 0.6855363851577956 0.7280383666725485 -3.5805253732751525e-05 0.6420859431142076 0.7280383671217635 -0.6855363856154147 -7.041144375411683e-07 0.032852595712864044 -2.5058426554995094e-05 -2.558490239566663e-05 -0.9999999993587441 0.3646055531054087
1636239322309797 1606417118658692 0.6871388117771173 0.7265261546073636 5.043236719129504e-06 0.8554006668036102 0.7265261545717334 -0.6871388116263559 -1.6864012694479125e-05 0.29126270128300935 -8.78674260821703e-06 1.5251961024788669e-05 -0.9999999998450855 0.365145943162153
1636239322559224 1606417119073242 0.6641800214167719 0.7475726713925249 1.1930044721844765e-05 -0.022740253413739808 0.747572670362257 -0.6641800194566124 -6.547155021682807e-05 -0.545097887983748 -4.102104436023941e-05 5.240347101533569e-05 -0.999999997785575 0.3659369944455729
1636239322808884 1606417119280518 0.6713573731940619 0.7411337783569372 -6.3879056394566084e-06 0.20838877658437624 0.7411337783784444 -0.6713573731984146 1.7553800984266763e-06 -0.26211535048015383 -2.987596065538753e-06 -5.912780014319097e-06 -0.9999999999780567 0.36507536996263407
1636239323058629 1606417119488037 0.6804216987804926 0.732820791059554 4.897318390583116e-06 0.44908826689625303 0.7328207910735679 -0.6804216987461917 -7.079739909670257e-06 -0.030337562810710546 -1.8559389024749623e-06 8.406065393369328e-06 -0.9999999999629468 0.3650862812750793
1636239323308036 1606417119695313 0.6841264956911016 0.7293633784705389 6.627235917044918e-06 0.692268761794015 0.729363378477309 -0.6841264955682808 -1.4215998529465727e-05 0.1930615649761544 -5.834761032538082e-06 1.4559204435102802e-05 -0.9999999998769926 0.3652734681681836
1636239323557519 1606417120110352 0.6500025842508343 0.7599319970213485 1.9360982690022276e-05 -0.14300502835238357 0.7599319972079283 -0.6500025836682214 -2.913197129890461e-05 -0.5624644503483628 -9.55362835545367e-06 3.364888687207076e-05 -0.9999999993882402 0.3657080002407877
1636239323807099 1606417120317871 0.6528055886678191 0.7575254869695986 1.0937832118433187e-08 0.06949440976418132 0.7575254869197113 -0.6528055886249939 1.1467130925304281e-05 -0.22039980215015348 8.693784216250211e-06 -7.47752146740616e-06 -0.9999999999342524 0.36470185116614356
1636239324056734 1606417120525147 0.6566399419100073 0.7542042075493892 2.7723276964410405e-06 0.24859642627898287 0.7542042075514163 -0.656639941913385 4.387612676216484e-07 0.11487363315465761 2.1513366917010645e-06 1.8027930400796877e-06 -0.9999999999960608 0.364981015262217
1636239324305647 1606417120732544 0.6597464308612943 0.7514882879735406 -2.9742237957359127e-06 0.4161831617256544 0.751488287977287 -0.6597464308636928 2.2495632421951389e-07 0.4117316968565486 -1.7931814908660779e-06 -2.383508480317074e-06 -0.9999999999955517 0.3649755327323475
1636239324555273 1606417121147217 0.622975609420079 0.7822412602726744 -2.826950220111473e-05 -0.4631571557360716 0.7822412606225649 -0.6229756096181579 2.2295339767484273e-06 -0.27855394442407316 -1.586717689951345e-05 -2.3502516326807494e-05 -0.9999999995979322 0.36462009793423794
1636239324804907 1606417121354492 0.6353513072726127 0.7722232295599386 8.91437484693677e-06 -0.33495543205482103 0.772223229594954 -0.6353513072920753 -8.096598969052523e-07 0.055660493073252465 5.03852153224828e-06 7.398305808049978e-06 -0.9999999999599392 0.3650858421990209
1636239325054240 1606417121562012 0.6523826046419942 0.75788979169179 2.8537140359726874e-05 -0.14906816721020258 0.7578897922178645 -0.6523826039653214 -2.999758091530547e-05 0.3650018787824518 -4.117726413546683e-06 4.119790734811941e-05 -0.9999999991428884 0.365441591645509
1636239325303649 1606417121769409 0.6692744687809503 0.7430152659527784 1.8878795655266851e-06 0.0463977996849887 0.7430152659526117 -0.669274468783156 9.272002177588299e-07 0.6726820957355458 1.9524335097296346e-06 7.821719042704524e-07 -0.9999999999977881 0.3649346164940757
1636239325553032 1606417121976807 0.6827715069930019 0.7306319656426903 4.906044458351411e-06 0.27631477168419605 0.7306319656535142 -0.6827715069987335 -6.527773557072968e-07 0.8738037586912556 2.87276736569767e-06 4.030210685066883e-06 -0.9999999999877524 0.36498989013829536
1636239325802330 1606417122391602 0.651353779633541 0.7587741783436809 6.359093924612891e-06 -0.5773736758778114 0.7587741783380418 -0.6513537796602636 3.766157907520605e-06 0.13572352825394665 6.999683234787103e-06 2.3720150798569823e-06 -0.999999999972689 0.36493592385639767
1636239326051353 1606417122599121 0.6565098367414246 0.7543174622626099 -1.979671206296944e-05 -0.38565819850504235 0.7543174623863727 -0.656509836895343 -1.7604823056502591e-06 0.38472896280635965 -1.4324698752648523e-05 -1.3777231655833375e-05 -0.9999999998024954 0.3647877664632602
1636239326300405 1606417122806397 0.6578259346062647 0.7531699938146509 -1.3457293419134787e-05 -0.20578863875823314 0.7531699939085238 -0.6578259346277077 3.3886282808140403e-06 0.6172385268853919 -6.300343479686729e-06 -1.2364757168347063e-05 -0.9999999999037092 0.36458321485986356
1636239326549887 1606417123013672 0.6580130668720381 0.7530065098082656 -4.061380301767135e-06 -0.07298200926571749 0.753006509811945 -0.6580130668798173 -8.461520771358108e-07 0.8838851843522468 -3.3095993304947316e-06 -2.501466682730789e-06 -0.9999999999913947 0.3650455063093413
1636239326799268 1606417123428223 0.6466214416596713 0.7628110586240797 5.589700971742735e-06 -0.945436500633781 0.76281105864234 -0.6466214416581069 -2.325861086435399e-06 0.0701923642430675 1.8402279432255647e-06 5.7678373645473e-06 -0.9999999999816728 0.3650890641435116
1636239327048425 1606417123635742 0.6466429271717301 0.7627928451845978 8.855974398932349e-06 -0.8062277798349535 0.7627928452038997 -0.6466429272074538 1.6676008772080438e-06 0.3645281444233332 6.998687226342118e-06 5.676931596209863e-06 -0.9999999999593954 0.36508553685130507
1636239327297576 1606417123843140 0.6457838931446823 0.7635202436799514 2.9159403658664393e-05 -0.6373455210565036 0.763520244048505 -0.6457838933625882 -2.456507007479737e-06 0.613361946926684 1.6955080393833307e-05 2.38501676565465e-05 -0.9999999995718474 0.3653708585628364
1636239327546805 1606417124050781 0.6479657923676759 0.7616694372435041 1.7174381408596755e-05 -0.4987052268628502 0.7616694374116324 -0.6479657923657655 -6.42797831029076e-06 0.835181190440846 6.232417035586728e-06 1.7246311484489965e-05 -0.9999999998318608 0.3653124079287648
1636239327796152 1606417124258301 0.6557370326540559 0.7549893665917121 1.8546274146953367e-05 -0.35428793215344284 0.7549893667167489 -0.6557370327722505 3.906096569274258e-07 1.045117303830042 1.2456384915544288e-05 1.3746102555773271e-05 -0.9999999998279415 0.3651148874364199
1636239328045434 1606417124673462 0.6778850212032342 0.7351679386548278 -2.6014974810120614e-06 -1.2994010397288993 0.7351679386489982 -0.6778850211705185 7.726204576244981e-06 0.13297351848434838 3.916541716943937e-06 -7.150015893488548e-06 -0.999999999966769 0.3648130736836152
1636239328294864 1606417124880860 0.6880739798831884 0.7256405433904717 3.953032599787384e-07 -1.1309980364959256 0.7256405433904947 -0.688073979882743 -8.578026991088529e-07 0.29243722181863047 -3.504585293481962e-07 8.770797895034127e-07 -0.9999999999995539 0.3649730611080918
1636239328544174 1606417125088135 0.6959822513421712 0.7180589849142057 -2.2646907837104597e-06 -0.9408857770513576 0.7180589849045641 -0.6959822513450361 -3.871399832797373e-06 0.36052784034968066 -4.356078024372941e-06 1.0682440061997792e-06 -0.9999999999899417 0.36491059590015046
1636239328793317 1606417125295654 0.7051049553055624 0.7091029558348247 -5.858415582885388e-06 -0.7854628305738443 0.7091029558568853 -0.7051049552996668 3.368792797362961e-06 0.4628684022686755 -1.7419769274882474e-06 -6.529572301265796e-06 -0.9999999999771652 0.36476575377867104
1636239329042773 1606417125502930 0.7075982504552396 0.7066149700797038 4.050806738339574e-06 -0.6910987656848049 0.7066149700904281 -0.707598250451807 -2.4720777355818526e-06 0.4908614992239413 1.1195366258021118e-06 4.611598562930691e-06 -0.9999999999887399 0.3650397346113562
1636239329292590 1606417125710205 0.7098228286199698 0.7043802607281032 1.6462680766348874e-05 -0.6736718825990685 0.704380260915958 -0.7098228285053334 -1.3004642869721132e-05 0.4553714119092932 2.5253728910944548e-06 2.0826979760508415e-05 -0.9999999997799297 0.3654880144225996
1636239329542500 1606417125917725 0.7099030794418496 0.7042993806711011 1.3774910332475157e-05 -0.7980034066862359 0.7042993808057866 -0.709903079310875 -1.3637768058611028e-05 0.3118837287872491 1.7377966483899287e-07 1.9383154359295874e-05 -0.9999999998121316 0.36530807925805237
1636239329792666 1606417126125000 0.7095720265623423 0.704632910879215 -5.528143008944252e-06 -0.9849471663673388 0.7046329109003583 -0.7095720265302291 6.807146489210191e-06 0.08004933597613105 8.73923807665971e-07 -8.725472229701982e-06 -0.9999999999615512 0.3649246762615631
1636239330042259 1606417126125000 0.697828395973287 0.7162649857195574 3.1586681811475832e-06 -0.15463740289571143 0.7162649857131628 -0.6978283959804201 3.0302544728431887e-06 0.9318044676157408 4.374673526992494e-06 1.4784580146691445e-07 -0.9999999999904202 0.3648942117024629
1636239330292368 1606417126332276 0.7024699697370494 0.711713384445098 4.878390392791237e-06 -0.5306888586432655 0.7117133844199842 -0.7024699697535756 6.0272882367739696e-06 0.4674174248485257 7.71662446167349e-06 -7.619732483059995e-07 -0.9999999999699366 0.3648610916284616
1636239330542053 1606417126332276 0.6956483951378456 0.7183824262480285 2.1450703426353075e-06 0.07779854448093174 0.7183824262295143 -0.6956483951369324 5.6984397023122305e-06 1.028993403228042 5.585873680472751e-06 -2.4231295965225773e-06 -0.9999999999814633 0.3649075018810322
1636239330791172 1606417126539795 0.7054411952907333 0.7087684530144249 -1.6690397263173656e-06 -0.47043848047684184 0.7087684529867886 -0.7054411952377928 1.0800660200063733e-05 0.4463376649274673 6.477757842086477e-06 -8.802193346237824e-06 -0.99999999994028 0.36496014452643205
1636239331040337 1606417126539795 0.7000031348420775 0.7141397700838105 6.100537288688807e-07 0.08385438675201151 0.7141397700664988 -0.7000031348305906 6.4171536600796535e-06 0.9724115592927464 5.009784162013885e-06 -4.056364049147384e-06 -0.999999999979224 0.36496886743224866
1636239331289720 1606417126747437 0.7109493081572839 0.7032432589325612 1.027467487279342e-06 -0.4916263786138312 0.7032432589303756 -0.7109493081577787 1.850998066682277e-06 0.3277221629704588 2.0321792119228363e-06 -5.934062107075837e-07 -0.999999999997759 0.36496116514588156
1636239331539412 1606417126747437 0.709319398879703 0.7048872181859788 -3.928744337022459e-06 0.06841880467995397 0.7048872180874849 -0.709319398856771 -1.3668267448989311e-05 0.8341611679225691 -1.2421321590911028e-05 6.9258455843279085e-06 -0.9999999998988717 0.3649713666331815
1636239331788412 1606417126954834 0.7238174454428584 0.689991525795606 2.7003863093791313e-06 -0.49004688268185603 0.6899915257653029 -0.723817445439732 7.323647965806722e-06 0.20701942765489323 7.0078417544564446e-06 -3.4377404921610943e-06 -0.999999999969536 0.36501445267114163
1636239332037722 1606417126954834 0.7257986946198297 0.6879071557163977 2.606270854261505e-06 0.06893618508306264 0.6879071557142732 -0.7257986945900029 -7.280947791429198e-06 0.7173368292522075 -3.116988102343718e-06 7.077374772974681e-06 -0.9999999999700976 0.36498873013681843
1636239332286953 1606417127162354 0.7428371061038074 0.6694722053935186 2.3076466224575584e-06 -0.41050648696373593 0.6694722053962013 -0.7428371060911793 -4.527072679355224e-06 0.07426568012301793 -1.3165437917142952e-06 4.907782841854641e-06 -0.9999999999870902 0.36511058364148846
1636239332535955 1606417127162354 0.7470691188957227 0.6647463663622558 2.238710793489136e-06 0.22018969932869742 0.6647463660043519 -0.7470691185961155 3.0471253963699158e-05 0.6688553792137124 2.192812705010509e-05 -2.1275957985754386e-05 -0.9999999995332455 0.36467232802934063
1636239332785215 1606417127369995 0.7624147386737935 0.6470886849832703 4.904982642036974e-06 -0.09872469406802148 0.6470886848057005 -0.7624147386074133 1.884368174045671e-05 0.17081063581942926 1.593316429654233e-05 -1.1192741922946955e-05 -0.9999999998104284 0.3646868835489532
1636239333034345 1606417127577393 0.7805087743613117 0.6251448257262819 4.13824634799168e-06 -0.3518561503352474 0.6251448256217397 -0.7805087743253345 1.4282662291471336e-05 -0.2676523038272123 1.2158670014009316e-05 -8.560739948118641e-06 -0.9999999998894402 0.36473969482231167
1636239333283302 1606417127577393 0.782697321485627 0.6224025248452425 -3.15565634566067e-06 0.5341395902776171 0.6224025248448689 -0.7826973214913365 -1.2188048238720472e-06 0.3998522404828574 -3.22851096896006e-06 -1.0101332060212644e-06 -0.9999999999942781 0.3650534210536726
1636239333532490 1606417127784668 0.7943563441702287 0.6074520544707865 4.422232498231271e-07 0.39253783535501513 0.6074520544708929 -0.7943563441702557 -1.5411615938461796e-07 0.0010077286137226045 2.5766466639068005e-07 3.910525705853018e-07 -0.9999999999998903 0.3649962775183105
1636239333781772 1606417127992066 0.8065605932143055 0.591151426859494 4.875788897798654e-07 0.36787661823967505 0.5911514268565984 -0.8065605932071364 -3.902049717328465e-06 -0.40764330402758625 -1.913440339495011e-06 3.4354724911510114e-06 -0.9999999999922682 0.36498687587328144
1636239334030833 1606417128199341 0.8174288484837899 0.5760295805002997 -7.718774371348026e-06 0.34749965426419915 0.5760295804906976 -0.8174288485189064 -3.6374985693489184e-06 -0.8032130653164833 -8.404855621301992e-06 -1.4728460961223412e-06 -0.9999999999635946 0.3650926856281222
1636239334279885 1606417128406616 0.8263639469085997 0.563136419754659 -1.0542395815571982e-07 0.41527965038522746 0.5631364197450828 -0.8263639468956107 -5.680162070620761e-06 -1.1447438552542655 -3.2858246902271695e-06 4.63451307739718e-06 -0.9999999999838624 0.36494832191402987
1636239334529011 1606417128406616 0.8253151813388617 0.564672339888481 -4.575513503274703e-06 1.5963115355388162 0.5646723399070183 -0.8253151813120899 6.647606978345019e-06 -0.4295324100442266 -2.2520969429949434e-08 -8.070036874954566e-06 -0.999999999967437 0.36511863449343773
1636239334777958 1606417128614014 0.8307767137644333 0.556605831689323 8.196463004400118e-07 1.7116883159149985 0.5566058316869716 -0.8307767137543239 -4.481803081761936e-06 -0.7511612597482026 -1.8136546718673832e-06 4.17959754674172e-06 -0.9999999999896209 0.36497905747709025
1636239335027154 1606417128821533 0.8314339486364534 0.5556236037549223 -3.107132983097665e-06 1.8571134196833892 0.555623603751814 -0.831433948642241 -1.8666692554373725e-06 -1.1273461665467976 -3.6205413438099825e-06 -1.7438423555789718e-07 -0.9999999999934306 0.3650175035807792
1636239335276241 1606417129028809 0.8249002622523015 0.5652783007795819 2.88067886348082e-06 1.996860497971034 0.5652783007796268 -0.8249002622568349 8.767273840023792e-07 -1.417283611630925 2.8718677158324295e-06 9.05172604050866e-07 -0.9999999999954665 0.3649707097097359
1636239335525443 1606417129236328 0.8095427395245923 0.5870609447678089 3.976353034724872e-06 2.1652169192942714 0.5870609447530682 -0.8095427395335233 4.319583653564598e-06 -1.6930753148308058 5.75488658973598e-06 -1.1625260152724216e-06 -0.9999999999827649 0.36498643718987916
1636239335774809 1606417129443970 0.781972558653524 0.623312856834513 4.7036618962856265e-06 2.2052442550894535 0.6233128568220255 -0.7819725586676551 3.948622894388351e-06 -1.9507002684232397 6.139361944995685e-06 -1.5586181378369516e-07 -0.999999999981142 0.3650242672825195
1636239336024224 1606417129651367 0.7380069613198208 0.6747930979550028 -4.899722510306515e-07 2.2114235104129585 0.6747930979534491 -0.7380069613193774 -1.7296213301983188e-06 -2.1311794523059278 -1.528739467804109e-06 9.458426889472981e-07 -0.9999999999983842 0.3649572601933245
1636239336273426 1606417129858887 0.6804166477700083 0.7328254808882114 1.688731291496396e-06 2.1106551607050528 0.7328254808863769 -0.6804166477720937 1.6440504957187724e-06 -2.265786501316148 2.353842979472166e-06 1.1890599371698469e-07 -0.9999999999972227 0.36495206063496216
1636239336523136 1606417130066406 0.6076612787023514 0.7941963044914364 -1.7390643648205475e-05 1.8206608941172098 0.7941963045921914 -0.6076612788170869 -1.7191709759134764e-06 -2.3659498065086217 -1.1932979994553569e-05 -1.2766911286324392e-05 -0.999999999847305 0.36504702935878336
1636239336771987 1606417130273682 0.5132876797572804 0.8582166147343039 -2.8008138679998614e-06 1.532365827270694 0.8582166147377087 -0.5132876797592283 2.7083289747813603e-08 -2.3717886684772753 -1.4143799224967223e-06 -2.4176065152547206e-06 -0.9999999999960774 0.36498988516808867
1636239337021341 1606417130273682 0.39843369246923577 0.9171971382499033 -4.791642458368859e-05 1.97138829087233 0.9171971388654218 -0.3984336935948772 -1.6428433000101614e-05 -1.3461061347492917 -3.4159629764286614e-05 -3.74031663110225e-05 -0.9999999987170615 0.3657720503371117
1636239337270389 1606417130480957 0.27760153365284457 0.9606963039989445 9.066179939518941e-07 1.355511416506994 0.9606963039976292 -0.27760153365041973 -2.166885761161102e-06 -1.3081940730695159 -1.8300405963752116e-06 1.4725153664728751e-06 -0.9999999999972413 0.3650463243109033
1636239337520016 1606417130687988 0.15550723018109955 0.9878347540198268 1.0791499082415036e-05 0.6446391402436148 0.9878347540437104 -0.15550723007425865 -1.0124209094842425e-05 -1.1851411030648968 -8.322889470175112e-06 1.2234605555926307e-05 -0.999999999890522 0.3650093114163364
1636239337769372 1606417130687988 0.0011808784210915891 0.9999993027526534 -4.982705482692157e-06 0.6558485070466683 0.9999993027419573 -0.0011808784549244653 -6.792613581198019e-06 -0.1555227562230551 -6.798492814602788e-06 -4.974680757648728e-06 -0.9999999999645165 0.3650489431645751
