1633462520781466 1606417097502930 0.6302875433157794 0.7763617794027164 1.510208840185791e-05 -2.241865325595943 0.7763617795482087 -0.6302875431585429 -1.4155294758106677e-05 -0.42404316532652997 -1.4709716310002275e-06 2.0646590184512456e-05 -0.9999999997857772 0.36496658224144635
1633462521030770 1606417097502930 0.6294754568761185 0.7770203649499337 -4.0597284154262475e-05 -2.2402452209137382 0.7770203655810679 -0.629475453932062 6.613436230702691e-05 -0.42126277601880135 2.583275246406626e-05 -7.317487450340663e-05 -0.9999999969890533 0.365396988817509
1633462521279754 1606417097502930 0.6295770074868547 0.7769380868064274 3.029737156877195e-05 -2.2485215267591823 0.7769380872762439 -0.629577006222178 -4.219379916086647e-05 -0.4258161192618946 -1.370744110643931e-05 5.010342772622713e-05 -0.9999999986508763 0.3648711496888997
1633462521528835 1606417097502930 0.6296194585696863 0.776903686047574 -7.572136478866595e-07 -2.248999030369788 0.7769036860454402 -0.629619458569833 -1.9246592439447632e-06 -0.43044619770552034 -1.9720313080059064e-06 6.235208369351935e-07 -0.9999999999978612 0.3649374646714772
1633462521777948 1606417097502930 0.6295150449054665 0.7769882932777832 1.8745980132996002e-05 -2.249901023239824 0.7769882935030021 -0.6295150447585983 -1.3650584136181037e-05 -0.43625868659901385 1.1945324522480552e-06 2.3158655198999887e-05 -0.9999999997311249 0.36505373786169215
1633462522027078 1606417097502930 0.6294746183502253 0.7770210380343819 -0.00010634507639595399 -2.2504206566753924 0.7770210452155172 -0.6294746145303985 7.04163125876368e-05 -0.4341999108556168 -1.2226569670122377e-05 -0.00012695764390615758 -0.9999999918661338 0.36451543185078966
1633462522276001 1606417097502930 0.6293849681931006 0.7770936633481784 1.418249676023503e-05 -2.254473862478275 0.7770936634755611 -0.629384968128424 -9.196728566336438e-06 -0.4364809363198917 1.779530778984818e-06 1.6809411080808023e-05 -0.9999999998571385 0.36506593001046006
1633462522524960 1606417097502930 0.6293829093979704 0.7770953294849401 -4.748583388095301e-05 -2.252934877667967 0.7770953309130443 -0.6293829086720575 3.080767103278024e-05 -0.43681601831878686 -5.946274976817127e-06 -5.6290841419662134e-05 -0.9999999983979915 0.36476988402173227
1633462522774049 1606417097502930 0.6293687583093842 0.7771067919322586 -1.1501964002717437e-06 -2.2525546604691633 0.7771067919330179 -0.6293687583093405 4.450129497389903e-07 -0.43536968649797936 -3.78075094510079e-07 -1.1739026823142834e-06 -0.9999999999992395 0.3649903121863573
1633462523023470 1606417097502930 0.6294129897615623 0.7770709667015004 -3.214766897881753e-05 -2.254599733108324 0.7770709673527185 -0.6294129894580054 2.008762936445035e-05 -0.43713310896082286 -4.6246468670786856e-06 -3.762443508692156e-05 -0.9999999992815073 0.36483973899253286
1633462523272401 1606417097502930 0.6295958838334611 0.7769227909285983 -3.8250482047538597e-07 -2.253444199741775 0.7769227909286911 -0.6295958838334125 2.515513660103286e-07 -0.4313866501554331 -4.5387471174994316e-08 -4.555524172791849e-07 -0.9999999999998952 0.36499141257541395
1633462523521517 1606417097502930 0.629560544794038 0.7769514272417841 1.2249669722736908e-05 -2.2536577556619117 0.7769514273366253 -0.6295605447476157 -7.818680451967216e-06 -0.4409935342309361 1.6371738073176062e-06 1.4439731100361417e-05 -0.9999999998944069 0.36506371800608906
1633462523770570 1606417097502930 0.6293334352173474 0.7771353982831934 7.564445295860303e-06 -2.2564509472165595 0.7771353983193714 -0.6293334351994821 -4.8452876508220615e-06 -0.4397775358435845 9.9511379510187e-07 8.927899729951598e-06 -0.9999999999596512 0.3650370102179339
1633462524019731 1606417097502930 0.6292994969005874 0.7771628807431987 -2.569937133470427e-07 -2.2521452322392035 0.777162880743236 -0.62929949690051 3.248230890647851e-07 -0.43963265150801495 9.071443311340263e-08 -4.041369811269506e-07 -0.9999999999999142 0.3650079839644733
1633462524268740 1606417097502930 0.6294347221713368 0.7770533638551784 1.5840121527516685e-05 -2.252801215876673 0.7770533640134942 -0.6294347220959124 -9.990966904511546e-06 -0.43645140150453027 2.206808050316536e-06 1.8597281197062134e-05 -0.9999999998246356 0.36507480262888337
1633462524517792 1606417097502930 0.630474600847544 0.7762098799060005 -5.187279816703909e-06 -2.243996243505207 0.7762098799230644 -0.6304746008388101 3.3809309815222265e-06 -0.4170619829319816 -6.461361407363178e-07 -6.158008954705649e-06 -0.9999999999808307 0.36497950568021736
1633462524766683 1606417097502930 0.631136605209197 0.775671699605696 5.355502382427652e-07 -2.2219230229831486 0.7756716996058667 -0.6311366052091675 -2.438799970001253e-07 -0.39979831131127613 1.4883454751024886e-07 5.693327569059091e-07 -0.9999999999998268 0.3649981197775356
1633462525016031 1606417097502930 0.6329446510330873 0.7741970476495412 -1.1991789172991767e-05 -2.167124158200309 0.7741970477395406 -0.6329446509970094 7.0795098554660464e-06 -0.37228242386226446 -2.109203184016648e-06 -1.3764945669767733e-05 -0.9999999999030388 0.364949336851699
1633462525265348 1606417097502930 0.635159409885598 0.7723810743624768 -2.2159625809872443e-06 -2.1305928100854254 0.7723810743656201 -0.6351594098838252 1.5188874020749832e-06 -0.3472814863705634 -2.3432960181367037e-07 -2.6763031850355797e-06 -0.9999999999963912 0.36499668676266583
1633462525514580 1606417097502930 0.6424470831877126 0.7663300468162105 -6.822558522113188e-05 -2.070161836570425 0.7663300498069346 -0.6424470815815123 4.620351179351216e-05 -0.2769173780981484 -8.42418875869245e-06 -8.196662750520522e-05 -0.9999999966052525 0.3647043665000237
1633462525763721 1606417097502930 0.6587766805297111 0.7523385442665317 -2.374179963674358e-06 -1.969266213745799 0.7523385442701863 -0.658776680527907 1.5857372543390274e-06 -0.19841075266459243 -3.7104313792579946e-07 -2.8308338223056524e-06 -0.9999999999959244 0.36498718549460496
1633462526012861 1606417097502930 0.6832358887180898 0.7301977268985846 2.051244079779066e-06 -1.792944432517884 0.7301977269014083 -0.6832358887164554 -1.522381379868009e-06 -0.040342713079634225 2.8984414876931123e-07 2.5379593594109585e-06 -0.9999999999967374 0.3650064868037848
1633462526262147 1606417097502930 0.7102605622413003 0.7039388707330504 4.640285782643136e-07 -1.5314974404181951 0.703938870733181 -0.71026056224129 -2.1543587067363265e-07 0.13818067539883944 1.7792751537625168e-07 4.796633560018318e-07 -0.9999999999998691 0.36500091142360114
1633462526511316 1606417097502930 0.7452105587827113 0.6668292308005738 -5.7567127403204465e-06 -1.1990621182772383 0.6668292308242322 -0.745210558769924 4.543785611149972e-06 0.3510541287622262 -1.2600340538834816e-06 -7.224821342961722e-06 -0.9999999999731072 0.3649704902499657
1633462526760577 1606417097502930 0.781737760285772 0.6236073076421697 -1.7705799362375983e-06 -0.7721698228524998 0.6236073076445162 -0.7817377602844892 1.4879289044494166e-06 0.6214884445426575 -4.5624585569135197e-07 -2.267316796230215e-06 -0.9999999999973256 0.36499108105952976
1633462527009752 1606417104969727 0.7978252287296727 0.6028887988853843 -2.4196070894227453e-05 -1.0804644930614287 0.6028887993708799 -0.7978252281020013 3.164797440158131e-05 0.11983219615772754 -2.2402650623395786e-07 -3.9837092546596964e-05 -0.999999999206478 0.3655070070285905
1633462527258590 1606417104969727 0.8267598423845945 0.5625550299182831 -3.6582859032663426e-05 -0.5171897802397374 0.5625550310984043 -0.8267598409979708 4.7993217142065606e-05 0.4530957693995476 -3.246413011859396e-06 -6.025873604055776e-05 -0.9999999981791727 0.3657618338966822
1633462527507358 1606417105591919 0.8305786862651064 0.5569012892088425 -2.0309847798113166e-06 -0.6947465857336543 0.5569012891418255 -0.8305786862122285 -1.290764414265508e-05 -0.05178134516774962 -8.87517633380648e-06 9.58975607265819e-06 -0.999999999914634 0.36522868118581414
1633462527756195 1606417105591919 0.8413803898547454 0.5404433729649465 1.3806296333988734e-05 0.004607492757850849 0.5404433728802535 -0.8413803883797947 -5.2575155362564804e-05 0.3512797825325761 -1.679754732668513e-05 5.1697226073238305e-05 -0.9999999985226196 0.36521981529636804
1633462528004926 1606417106006592 0.8311671309561365 0.5560226617441816 7.037466839114071e-06 -0.014612804070657558 0.5560226617291337 -0.8311671306152019 -2.5159630398260825e-05 0.03857384615640671 -8.14001354305656e-06 2.4824848857698537e-05 -0.9999999996587335 0.36499678817190767
1633462528253991 1606417106421387 0.8116880795821488 0.5840911414037866 1.526649088059732e-06 -0.2183859149762015 0.584091141384441 -0.8116880795720627 6.4267890096680865e-06 -0.2979108456240682 4.992993394674843e-06 -4.324845820789165e-06 -0.9999999999781829 0.36526986104876963
1633462528502838 1606417106732422 0.7898744887914947 0.6132685315588167 1.2670181681173763e-05 -0.25250126124440964 0.6132685316718595 -0.7898744887575317 -8.691114605035016e-06 -0.4843170603024487 4.67786618643251e-06 1.4635113421276775e-05 -0.9999999998819655 0.36476426653599464
1633462528751838 1606417106732422 0.7710491673731991 0.6367756128465859 1.9529899839497977e-05 0.5297002804729994 0.6367756130735848 -0.7710491673855645 -8.558831711874078e-06 0.2212593764287857 9.608457701767536e-06 1.903544400864736e-05 -0.9999999997726647 0.3644738508848337
1633462529000848 1606417107043579 0.7472019945079165 0.6645970039548273 4.1738765418963555e-05 0.5206734738723199 0.6645970052331587 -0.7472019936174782 -3.706276906053898e-05 0.07524959582092178 6.555483456263337e-06 5.543283346346975e-05 -0.9999999984421133 0.36453967739471327
1633462529249958 1606417107354736 0.7290877926983683 0.6844201853291644 2.1370050260551292e-05 0.442798376229254 0.6844201856626941 -0.7290877923593165 -2.2237966990496398e-05 -0.04987106681721217 3.605292780927911e-07 3.083952403407897e-05 -0.9999999995243969 0.3646057896926065
1633462529499151 1606417107665772 0.7086281511881545 0.7055821299689752 3.487933310845169e-05 0.4110021739098516 0.7055821308192906 -0.7086281505962271 -2.924972136025286e-05 -0.14982228594018016 4.078396616296466e-06 4.53374101464006e-05 -0.999999998963943 0.36471821182649505
1633462529748053 1606417107976807 0.6883282163187879 0.7253993841941171 5.887049237244942e-06 0.30423378808862445 0.7253993842163265 -0.6883282162770648 -7.737861676736115e-06 -0.2573691772185062 -1.5608179946720065e-06 9.596650417596534e-06 -0.999999999952734 0.36491587037341877
1633462529997241 1606417108287964 0.67613578374692 0.7367770367654437 6.0445088288417565e-06 0.17937969138443607 0.7367770367783609 -0.6761357837598497 1.311080891819173e-07 -0.35101322145612535 4.1835061438663485e-06 4.364808433050343e-06 -0.9999999999817234 0.36492150199200185
1633462530246262 1606417108495361 0.6650408123373754 0.7468070151520328 7.058387606866955e-06 0.42278664195039156 0.7468070151654878 -0.665040812358949 1.0148260391767564e-06 -0.062299319689301975 5.4519950332191085e-06 4.596352647079899e-06 -0.9999999999745747 0.3649181420882891
1633462530495553 1606417108910401 0.6621340673290728 0.7493853994323574 -2.081032552422914e-06 -0.058381052879063214 0.749385399411393 -0.6621340672832859 9.817619767850098e-06 -0.5330917690838084 5.979258363107295e-06 -8.060075918844459e-06 -0.9999999999496418 0.36500466075341126
1633462530744309 1606417109117676 0.659174175066227 0.7519902970600342 7.601733163763111e-06 0.14392429842235366 0.7519902970860695 -0.6591741750797111 -9.23730921708668e-07 -0.22609225298397922 4.316229497170764e-06 6.325329148473593e-06 -0.9999999999706802 0.3649206876083726
1633462530993414 1606417109325195 0.6559149822353516 0.7548347740158803 4.478740318056038e-06 0.3663842246244023 0.7548347740286735 -0.6559149822165891 -5.035764000785426e-06 0.09490889397154262 -8.634969054578033e-07 6.683741991014609e-06 -0.9999999999772909 0.3649863691579159
1633462531242369 1606417109739990 0.6574369974105935 0.7535095182213185 1.975057303793261e-05 -0.18805571010278627 0.7535095184345679 -0.6574369974333222 -6.2313057725366396e-06 -0.4296127611141932 8.289409225073624e-06 1.8978935735620774e-05 -0.9999999997855429 0.3650417940705978
1633462531490829 1606417109947388 0.6578726082707048 0.753129226154995 1.656425053627892e-06 0.07264740755030638 0.7531292261568004 -0.6578726082695565 -1.2390937721010775e-06 -0.11103369637326672 1.5651893671690746e-07 2.0626679705650284e-06 -0.9999999999978605 0.3650079824255694
1633462531739808 1606417110154785 0.6618625370792673 0.7496252277044458 -2.125765771502632e-06 0.3294318341754982 0.7496252277018749 -0.6618625370607283 5.737078528934187e-06 0.2307015499479912 2.893694071880537e-06 -5.390685001074843e-06 -0.9999999999812835 0.365006107365199
1633462531989181 1606417110569336 0.6745803492794281 0.7382014307551991 1.2196601401266545e-06 -0.26207178978805595 0.7382014307192887 -0.6745803492612948 8.88652900540755e-06 -0.35931781604140156 7.382807189529703e-06 -5.094322979905377e-06 -0.9999999999597711 0.36498206926088256
1633462532238300 1606417110776978 0.6840777761762695 0.7294090732494235 -2.7590858508483955e-06 0.017981879846775246 0.7294090731856455 -0.684077776158695 -1.1166806906511849e-05 -0.09089336112064461 -1.0032599589891046e-05 5.626462182276763e-06 -0.9999999999338449 0.36486662224613375
1633462532487494 1606417110984375 0.691176803582089 0.7226857036033498 1.3576344873031361e-06 0.30044877256542923 0.7226857035282475 -0.691176803535134 1.3240186232187449e-05 0.16333794073094982 1.0506858768327553e-05 -8.170166564185789e-06 -0.9999999999114272 0.36507343644368584
1633462532736686 1606417111192017 0.6966132727050783 0.7174468261088411 1.3914921424813648e-06 0.5841512805774213 0.7174468260931021 -0.6966132727005623 5.5508531319600034e-06 0.3936420227734376 4.951773857021023e-06 -2.8684763453967513e-06 -0.9999999999836259 0.36499504304850433
1633462532985774 1606417111606934 0.7011993549712148 0.7129652615937494 -1.878761558750427e-05 -0.1313895843409748 0.7129652618097199 -0.7011993549446914 9.067070208482746e-06 -0.42750413108463287 -6.709357847812093e-06 -1.9752741047748057e-05 -0.9999999997824068 0.3651944200729516
1633462533234886 1606417111814331 0.6970360014658374 0.7170361306542419 -1.1728973286637614e-06 0.11655346551520575 0.7170361306517417 -0.697036001466623 -1.9662641786941105e-06 -0.21410334782487134 -2.2274341226325637e-06 5.295471587444444e-07 -0.9999999999973791 0.36499383485155146
1633462533483805 1606417112021729 0.688659143450177 0.7250852253940574 -7.885633069844041e-06 0.3200005921825777 0.7250852254341926 -0.688659143436768 4.738001218496135e-06 -0.026320556618925517 -1.995058633900378e-06 -8.98062389291459e-06 -0.9999999999576841 0.36510287373684575
1633462533733070 1606417112229004 0.6816873694357412 0.7316435815026758 -1.4772999184979107e-06 0.4815833236861603 0.7316435815039115 -0.6816873694324245 2.2127802440835028e-06 0.12447761423685967 6.119097675553349e-07 -2.589281347047971e-06 -0.9999999999964606 0.3650391351027472
1633462533982213 1606417112436279 0.6724315281086867 0.7401593342040328 -7.245160261917511e-07 0.5850874933582698 0.7401593342040684 -0.6724315281089835 -2.703164546154715e-07 0.30864088118303884 -6.872646657026123e-07 -3.5448799291547375e-07 -0.999999999999701 0.3650448083248733
1633462534231041 1606417112851074 0.6706635917430555 0.7417616506790099 -1.7225576020859888e-05 -0.37729878546020906 0.7417616508386277 -0.6706635917680458 5.138453075351638e-06 -0.6596136423209019 -7.741059249296693e-06 -1.622344510136155e-05 -0.9999999998384379 0.3648914051132087
1633462534479932 1606417113058594 0.6698807571675518 0.7424687003927041 1.0874837247920078e-05 -0.2423177224555152 0.74246870039781 -0.6698807572359885 4.357918060263079e-06 -0.5317233532721981 1.0520461969052792e-05 5.154940828606175e-06 -0.9999999999313732 0.3649605617173061
1633462534729144 1606417113266113 0.6724233430358785 0.740166770205127 5.387934873323742e-06 -0.1161133985882843 0.7401667702057788 -0.6724233430529405 2.2625650195505464e-06 -0.35714358275516567 5.297648622559867e-06 2.4665688189793988e-06 -0.9999999999829254 0.36497942021446483
1633462534978223 1606417113473633 0.6747817384553896 0.738017347452865 1.761320630263261e-05 0.030945228421525948 0.7380173476023588 -0.6747817385137826 -3.280529856792613e-06 -0.15240126735234774 9.46398202652108e-06 1.5212493438029507e-05 -0.9999999998395065 0.36497540479756796
1633462535227204 1606417113681030 0.6770578569159833 0.7359297915443033 1.7617035453769238e-05 0.25706269042724544 0.7359297917349249 -0.677057856880912 -8.791035919383454e-06 0.056584575214693726 5.458167037301621e-06 1.8916941172086104e-05 -0.9999999998061789 0.36505172574887323
1633462535476263 1606417113888428 0.6793046660418918 0.7338563692271474 6.551984348460208e-06 0.49104372596191515 0.7338563692542418 -0.679304666034456 -3.641979473203152e-06 0.2240951912926468 1.7781037066852245e-06 7.282229095131031e-06 -0.9999999999719037 0.36497505371933936
1633462535725245 1606417114302979 0.6826389721388135 0.7307557951767656 -3.920845220290837e-05 -0.40049164973429935 0.730755796228299 -0.6826389712064865 3.56841708600583e-05 -0.6938743384452412 -6.888028223287465e-07 -5.30112094258331e-05 -0.9999999985946686 0.364750937141224
1633462535974272 1606417114510376 0.6840088770154326 0.7294736843451519 -4.057350484353006e-06 -0.13012892168862536 0.7294736843532552 -0.6840088770182943 8.515559526061999e-07 -0.43355345819308694 -2.1540760902934784e-06 -3.5422022373834884e-06 -0.9999999999914064 0.36498255338790725
1633462536223145 1606417114717529 0.684525657119796 0.7289887684501292 1.4924505077807033e-05 0.177675366889907 0.728988768597407 -0.6845256570506771 -1.0131158543660849e-05 -0.12849782643941932 2.8307058548193893e-06 1.78148345380408e-05 -0.9999999998373094 0.3650515549434703
1633462536471989 1606417114924927 0.6833953741209383 0.7300484659347563 4.56916853001555e-06 0.5624327198015263 0.7300484659486859 -0.683395374113501 -3.2717230519230294e-06 0.214687732773896 7.340322419360179e-07 5.571594875075484e-06 -0.9999999999842093 0.36501925012557856
1633462536721355 1606417115339844 0.6841582467834803 0.7293335953568166 -6.820517165906668e-06 -0.30957526725434975 0.7293335953858288 -0.6841582467771419 3.5879486044261877e-06 -0.6311091360603376 -2.0495016107140176e-06 -7.429156933738309e-06 -0.9999999999703035 0.36495927530257455
1633462536970208 1606417115547363 0.685813009022222 0.7277777930110303 -2.5697184733918526e-05 0.05089930610532209 0.7277777934177713 -0.6858130089514745 1.285886400008275e-05 -0.2927619044918402 -8.265067921323342e-06 -2.752061661514276e-05 -0.9999999995871521 0.3648184468985264
1633462537219522 1606417115754761 0.6873186320039181 0.7263560407494858 1.3094257746626209e-05 0.3845035506046332 0.7263560408651429 -0.6873186319360451 -9.835854331846605e-06 0.049740542334731 1.8555951107562339e-06 1.627145915882542e-05 -0.9999999998658982 0.36511825524362523
1633462537468574 1606417115962158 0.6866234470870839 0.7270132336546578 -2.3904177634319696e-06 0.729865150221589 0.7270132336546052 -0.6866234470904943 -1.0523133880912571e-06 0.3718588259539243 -2.406362643802949e-06 -1.0153223020287117e-06 -0.9999999999965893 0.3650163243264052
1633462537717819 1606417116377197 0.6859471674110714 0.727651347502992 -1.507759069891589e-06 -0.07272795313773557 0.7276513475045484 -0.6859471674093343 1.5464923994353995e-06 -0.4639259338896004 9.106421522423625e-08 -2.157934999729464e-06 -0.9999999999976675 0.36496756805991554
1633462537966938 1606417116584717 0.6845404387380247 0.7289748882757929 3.371498523808199e-07 0.2861982085206847 0.7289748882756809 -0.6845404387374395 -1.0383438106569231e-06 -0.1303295943364607 -5.261338554952975e-07 9.56562103677332e-07 -0.999999999999404 0.36499060249816323
1633462538215734 1606417116791992 0.6832292487717231 0.7302039397280915 -5.732912835965635e-06 0.6362631657180126 0.7302039397504907 -0.6832292487547915 4.826054756027263e-06 0.19867643927126408 -3.928895338976928e-07 -7.483497304543282e-06 -0.9999999999719215 0.3648577608824077
1633462538465060 1606417117206787 0.6798603175331308 0.7333416315741412 -6.956484410114482e-06 -0.1732093823911418 0.7333416316071358 -0.6798603175024437 6.45957807029478e-06 -0.6262001751644849 7.639821589264205e-09 -9.493090425542419e-06 -0.9999999999549406 0.3648223420824348
1633462538714188 1606417117414307 0.6808288291620126 0.732442561137894 -4.484546909318467e-06 0.16452614736396534 0.7324425611473276 -0.6808288291662272 7.438123985518913e-07 -0.25678220280227304 -2.50840896340546e-06 -3.7910819482602167e-06 -0.9999999999896678 0.3649990763121896
1633462538963031 1606417117621826 0.6842164274853592 0.7292790138693814 -1.71271859505099e-05 0.5069512028141456 0.7292790140587306 -0.684216427419044 1.0388055614725762e-05 0.07100027211396406 -4.142911028062625e-06 -1.9598175584771567e-05 -0.9999999997993739 0.36483389373227393
1633462539212151 1606417118036621 0.6672093583836474 0.744870238423825 -4.258819759614977e-07 -0.25905264876586925 0.7448702384231491 -0.667209358381987 1.844943566322677e-06 -0.6546623729755674 1.0900911141951199e-06 -1.548190422111295e-06 -0.9999999999982074 0.36500866100410095
1633462539461722 1606417118244019 0.6683817765097744 0.7438183914881069 3.630632070168072e-05 0.10087841910125377 0.7438183919483071 -0.6683817769826047 1.214950156507538e-06 -0.29005526900783984 2.517018541738501e-05 2.619325853784799e-05 -0.9999999993401875 0.3655298018281242
1633462539711156 1606417118451172 0.6720398480402705 0.7405149847061167 -8.727880335781641e-06 0.41774335768219617 0.7405149847543759 -0.6720398479561961 1.084920166308163e-05 0.11396265423789231 2.168513029766962e-06 -1.375422201077429e-05 -0.9999999999030594 0.36490206846520556
1633462539960395 1606417118865967 0.6475558200393394 0.762018018082939 7.388764530196188e-06 -0.3361140985060761 0.762018018113866 -0.6475558199699843 -9.863194695501736e-06 -0.5904535601022426 -2.731294599909984e-06 1.2017340832836584e-05 -0.9999999999240617 0.3651362207721539
1633462540210077 1606417119073242 0.6588586827236524 0.7522667320680587 -5.2690402280566645e-06 0.0026957935400988182 0.7522667320760706 -0.6588586827352491 -6.538530391398034e-07 -0.1814223425921566 -3.963424792934068e-06 -3.5329269214671457e-06 -0.9999999999859048 0.36500793609397475
1633462540459336 1606417119280518 0.6700262414054117 0.7423374137350155 1.3458723407027503e-06 0.3168211388822471 0.7423374137361395 -0.6700262414051463 -7.058371160200786e-07 0.24573744316550064 3.7780048662684877e-07 1.4720207825043635e-06 -0.9999999999988453 0.36503209430262307
1633462540708432 1606417119695313 0.6506217997528796 0.7594019184106233 -2.2482373105964204e-06 -0.39701434085881526 0.7594019184088491 -0.6506217997565095 -1.73955126214098e-06 -0.4503078992564412 -2.7837707709372424e-06 -5.75525753767433e-07 -0.9999999999959597 0.3649938264890666
1633462540957528 1606417119902832 0.6602915325260487 0.7510093821463878 2.6398095105440286e-06 -0.09096575427554202 0.7510093821508288 -0.6602915325243509 -1.5937992120653437e-06 0.014833955783969656 5.46085705769659e-07 3.0348938337762107e-06 -0.9999999999952456 0.3649805246161468
1633462541206723 1606417120110352 0.6722562075893619 0.7403185742372113 -1.19043029208684e-06 0.2236854260228756 0.7403185742372599 -0.672256207590187 -4.856630223386617e-07 0.41805502112531284 -1.1598195098136834e-06 -5.548076750015537e-07 -0.9999999999991735 0.3649376808977165
1633462541456016 1606417120525147 0.6480644543356893 0.7615854929219507 -1.3712997461272506e-06 -0.49107992075324847 0.7615854929229713 -0.6480644543358063 4.1742766089944923e-07 -0.2110423795055087 -5.707837708181483e-07 -1.3148820223819563e-06 -0.9999999999989726 0.36501556373373834
1633462541705282 1606417120732544 0.6617443018777804 0.7497296038796373 -1.7990548961885319e-06 -0.15761926058945297 0.749729603881705 -0.6617443018769772 1.0953088497468723e-06 0.21509291715750858 -3.693288562692274e-07 -2.073619104792539e-06 -0.9999999999977819 0.36502511301357704
1633462541954474 1606417120939819 0.6803373570536443 0.7328990930449947 -3.943603458825344e-06 0.18829158109938818 0.7328990930554505 -0.6803373570401628 4.309265697329647e-06 0.5885814530080533 4.7527616687025205e-07 -5.8220178336936e-06 -0.9999999999829391 0.36492532824597157
1633462542203470 1606417121354492 0.6575790450943236 0.7533855583007333 -1.0933517860689311e-06 -0.555701533039601 0.7533855582824592 -0.6575790450666636 8.068937846915262e-06 -0.041352580122913665 5.360056021275072e-06 -6.129679890032958e-06 -0.9999999999668484 0.3651999295807356
1633462542452602 1606417121562012 0.6794718451879252 0.7337015821100665 -3.250715554455234e-06 -0.18956343061422654 0.7337015821165075 -0.6794718451741736 4.450111911934423e-06 0.35914920220716484 1.0562844544286176e-06 -5.408780897397331e-06 -0.9999999999848147 0.36493424853925766
1633462542701926 1606417121769409 0.6977359570012203 0.7163550336842827 5.219901658371072e-06 0.1230135242348169 0.7163550336719002 -0.6977359570203386 4.27887851207057e-06 0.6871467551660513 6.707309239785881e-06 7.537754347332331e-07 -0.9999999999772219 0.364822177931989
1633462542950985 1606417122184326 0.6717711863069457 0.7407587145869211 -3.969495341744781e-06 -0.5170868181853153 0.7407587145966225 -0.6717711863049642 2.011535520009664e-06 0.014945183402125809 -1.176530128605006e-06 -4.291729869514011e-06 -0.9999999999900984 0.36508358147207615
1633462543199526 1606417122391602 0.6843091279879484 0.7291920305052783 2.104371056150862e-06 -0.19377020866067513 0.729192030507832 -0.6843091279879667 -8.24107817626408e-07 0.3707254506425672 8.391074695056083e-07 2.098435105419834e-06 -0.9999999999974463 0.3647481688488427
1633462543448272 1606417122599121 0.6921738524689345 0.7217308071254656 -2.967068733206506e-06 0.18825454141408862 0.721730807115789 -0.6921738524751373 -3.7662415183317126e-06 0.676393071256011 -4.771939926466404e-06 4.654689894859159e-07 -0.999999999988506 0.3647278181560531
1633462543697565 1606417123013672 0.6763080703017861 0.7366188930276281 -2.199753966457138e-05 -0.5626578355937476 0.7366188931960573 -0.6763080704757717 -6.478457591688614e-07 0.011535526990156364 -1.5354329031697707e-05 -1.576566000548119e-05 -0.9999999997578443 0.3644810260838407
1633462543946283 1606417123220947 0.6763265009949132 0.7366019711383311 1.3098411415265964e-05 -0.18758467370315174 0.736601971225666 -0.6763265010193724 -3.133983173187476e-06 0.33632419489099585 6.550304578500154e-06 1.1767911542082216e-05 -0.9999999999093049 0.36529890436587004
1633462544195108 1606417123428223 0.6724777933477959 0.7401172997967506 3.340333628228222e-07 0.20835134978378983 0.7401172997954688 -0.6724777933473584 1.6116510097432037e-06 0.7115362616195585 1.4174408122781718e-06 -8.3657564414296e-07 -0.9999999999986455 0.36501489606099913
1633462544443967 1606417123843140 0.6669169884613171 0.7451320221963723 1.9230867018760245e-06 -0.45839691449150094 0.7451320221935731 -0.6669169884640861 2.0436034805819634e-06 0.07264109153358435 2.80529358581781e-06 7.003960414349174e-08 -0.9999999999960627 0.3647249763628042
1633462544693244 1606417124050781 0.6675868878788923 0.7445318979956588 -1.903404501426635e-06 -0.08086441721287216 0.7445318979965322 -0.6675868878805451 -3.402170812053198e-07 0.5926551324262889 -1.5239903566821606e-06 -1.190020903654564e-06 -0.9999999999981306 0.3650206788555385
1633462544942552 1606417124465943 0.6760018576193749 0.7368999165417413 -3.873492888956798e-05 -0.7247602963946895 0.7368999168677255 -0.6760018583287166 -7.805561951530884e-06 -0.06462610368585435 -3.1936801862152084e-05 -2.3267191499549612e-05 -0.9999999992193392 0.36479867051341675
1633462545191638 1606417124673462 0.6759923686849781 0.7369086222020853 -2.891831623253975e-06 -0.2838629938274729 0.7369086222016722 -0.6759923686901397 -1.4118033714887073e-06 0.41644964894428615 -2.9952261861538322e-06 -1.1766473519185653e-06 -0.999999999994822 0.3650772984864262
1633462545440529 1606417124880860 0.6746044847086382 0.7381793746680992 5.48382868718407e-06 0.16974564316000643 0.7381793746854357 -0.6746044847085466 -2.145018351535066e-06 0.878917817205722 2.1160071203552737e-06 5.495088230903208e-06 -0.9999999999826633 0.3648925329796182
1633462545689664 1606417125295654 0.6836096303245627 0.7298478425793316 -3.778300583709567e-06 -0.4956627867528384 0.7298478425856924 -0.6836096303280458 4.780476770757754e-07 0.11156955334483254 -2.2339805995292255e-06 -3.084382525457023e-06 -0.9999999999927479 0.3651865723489358
1633462545938879 1606417125502930 0.6791275233011705 0.7340203042818124 1.1486297934041623e-06 -0.13084767072785455 0.7340203042602816 -0.6791275232673535 -8.880297793675012e-06 0.5306505077049578 -5.738252781867733e-06 6.8739722372171536e-06 -0.9999999999599105 0.3651766249413707
1633462546187910 1606417125917725 0.6829358712727205 0.7304783335082148 2.9149634532578838e-06 -0.918644923200555 0.7304783335086126 -0.6829358712468474 -6.576874538721865e-06 -0.24687073309753674 -2.8135312471283227e-06 6.620901188913003e-06 -0.9999999999741238 0.3653577860190846
1633462546436994 1606417126125000 0.6823901710032874 0.7309881356652053 -6.267145719919791e-06 -0.5890732670589249 0.7309881356893139 -0.6823901709991816 3.1039408794106824e-06 0.17672798576690826 -2.007694682833505e-06 -6.6993079133674545e-06 -0.9999999999755442 0.3650519227437732
1633462546686357 1606417126332276 0.679045593013052 0.7340960990309973 1.2208196848845176e-06 -0.18769782794867415 0.7340960990279765 -0.6790455930138942 2.18675242737819e-06 0.5542088584313882 2.4342786533649163e-06 -5.887056305300892e-07 -0.9999999999968638 0.3649360589770703
1633462546935287 1606417126539795 0.6765287176495103 0.7364162506351325 -6.845261225325092e-07 0.17314169993650458 0.7364162505977003 -0.6765287176051258 1.0754288008890466e-05 0.9061352681241237 7.456530873896733e-06 -7.779680836462347e-06 -0.9999999999419383 0.3648882554523089
1633462547184426 1606417126954834 0.6887194287866273 0.7250279638515866 7.0363270596356075e-06 -0.5198939342272003 0.725027963872258 -0.6887194288005588 -5.87798575628188e-07 0.17008513781462725 4.419884748913724e-06 5.506362180422812e-06 -0.9999999999750723 0.36494941903466616
1633462547433898 1606417127162354 0.6846220639944672 0.7288982298501706 -4.208244534855283e-06 -0.14760385022651037 0.7288982298106643 -0.6846220640032741 -7.952532361121145e-06 0.5092404628057242 -8.6776438201112e-06 2.3770971269816244e-06 -0.9999999999595239 0.3650717404421592
1633462547683236 1606417127577393 0.6947131266393504 0.7192869188289939 8.996452830604623e-06 -0.820572804115711 0.7192869188827681 -0.6947131266155004 -6.059342417537729e-06 -0.196362082459737 1.8915481367534734e-06 1.0680535553641979e-05 -0.9999999999411741 0.3649936924255272
1633462547932201 1606417127784668 0.6929109511611026 0.7210231714475178 1.1158360046683485e-06 -0.4394615731659355 0.7210231714375855 -0.6929109511583669 4.399897088192179e-06 0.18860131764718147 3.945602739893704e-06 -2.2441932614949947e-06 -0.9999999999896979 0.365001923619225
1633462548181342 1606417127992066 0.6932671005572462 0.720680738808306 3.594556275726144e-07 -0.04203447869664567 0.7206807388019308 -0.6932671005530538 3.889853993967258e-06 0.4981154110992837 3.052541610926707e-06 -2.437655052737699e-06 -0.9999999999923699 0.36499239686222174
1633462548430338 1606417128406616 0.7044614599131315 0.7097422429398812 -9.391058764728557e-06 -0.7407007951853029 0.7097422426473771 -0.7044614599177506 -2.2291011396086932e-05 -0.2478443036231056 -2.243651139318116e-05 9.037927322495724e-06 -0.9999999997074595 0.36498891370485853
1633462548679591 1606417128614014 0.7075004910537268 0.7067128519815304 2.7078417401605436e-06 -0.312922393575978 0.7067128519287942 -0.7075004910396021 1.0092459380249805e-05 0.07524914588716236 9.048270112924993e-06 -5.226753408694189e-06 -0.9999999999454049 0.36510620997513077
1633462548928467 1606417128821533 0.7098264174605025 0.7043766443310528 -7.614490894439661e-07 0.0363480273294792 0.7043766443301201 -0.709826417460845 -1.186475488481416e-06 0.38963691748782603 -1.3762223023933476e-06 3.0584469094201013e-07 -0.9999999999990062 0.36502408201946285
1633462549177605 1606417129236328 0.7155749279253969 0.6985359851297468 2.8005071633019143e-06 -0.5253313332123066 0.698535985134655 -0.7155749279246219 -1.447453597838295e-06 -0.40038038115616237 9.928742866343647e-07 2.992016534135575e-06 -0.999999999995031 0.36494606457925827
1633462549426880 1606417129443970 0.7071959903794455 0.7070175607181844 5.639988523162648e-06 -0.12954523890989256 0.7070175606943937 -0.707195990401926 5.8012318655098125e-06 -0.09633036827969581 8.09015007218879e-06 -1.1503698655890461e-07 -0.9999999999672681 0.3650841893004784
1633462549675472 1606417129651367 0.6964830603741651 0.717573234315599 -3.1864145589597055e-06 0.23403412270201282 0.717573234322642 -0.6964830603685906 2.7947422804014375e-06 0.21823602636667114 -2.1385150640060988e-07 -4.232976457367084e-06 -0.9999999999910181 0.36500998878854296
1633462549924692 1606417130066406 0.6802358673039015 0.7329932910427073 1.1142520173257849e-05 -0.4044736384130866 0.7329932910271286 -0.6802358673836928 6.200013525350463e-06 -0.4665946212892913 1.2124110193325335e-05 3.9499209544105396e-06 -0.999999999918702 0.364926084828742
1633462550173794 1606417130273682 0.6535989808166033 0.7568410481859087 -7.798599804182688e-06 -0.05748234642472724 0.7568410482025527 -0.6535989808428415 -1.1514472957129174e-06 -0.09942529683945976 -5.968619462219852e-06 -5.14971567135636e-06 -0.999999999968928 0.3650918233438603
1633462550422528 1606417130480957 0.622992011281619 0.7822281980778402 -3.955252978830161e-06 0.18150515658660843 0.7822281980781174 -0.622992011291122 -1.8357378408669735e-06 0.2865249380546555 -3.9000569118425735e-06 -1.950260400901577e-06 -0.999999999990493 0.3649243073126503
1633462550671837 1606417130895142 0.6189196483724319 0.7854543073032424 1.3395308747044369e-06 -0.4544740990229232 0.7854543073043128 -0.618919648372205 -6.276704666066942e-07 -0.20980132851183186 3.3605550639176746e-07 1.4406178797864726e-06 -0.9999999999989059 0.3648182268082235
1633462550920906 1606417131102173 0.5907979672586411 0.8068195348765373 -5.397347809938965e-06 -0.26726850634191 0.8068195348902941 -0.5907979672641072 6.8871161497626e-07 0.2801124060245629 -2.633076129864227e-06 -4.761575071800861e-06 -0.9999999999851972 0.3648713447915123
1633462551170221 1606417131516968 0.6196377378702578 0.7848879370826557 -5.799033000895862e-06 -0.7694565673198501 0.7848879370930234 -0.6196377378838317 -7.293765321695843e-07 0.027109165121703124 -4.165778532270587e-06 -4.099641824749147e-06 -0.9999999999829197 0.3649618045298461
1633462551419547 1606417131828369 0.63797114569622 0.7700602685442902 -8.54480154483755e-06 -0.809388223238863 0.7700602685879321 -0.6379711456191216 1.0206524386904893e-05 0.2052481073472083 2.4083020796303843e-06 -1.3091480229309078e-05 -0.9999999999114066 0.3649006341081743
1633462551668461 1606417132140015 0.6664216514155149 0.745575068313897 6.149109466422082e-06 -0.8183321471508953 0.7455750683010919 -0.6664216514421852 4.621524954411917e-06 0.34580395175299034 7.543593469094975e-06 1.5047384182379872e-06 -0.999999999970415 0.3653001198469888
1633462551917661 1606417132451416 0.7041927374994547 0.7100088650555636 -2.3117395121719046e-08 -0.7129181055038352 0.7100088650544637 -0.7041927374984204 -1.7375434639502125e-06 0.46367342111787246 -1.249950364575806e-06 1.2071519329273041e-06 -0.9999999999984902 0.36495803564811824
1633462552166484 1606417132762573 0.7484833482304067 0.6631535849435509 -1.424014855469046e-05 -0.5604708573936688 0.6631535847980522 -0.7484833483652269 -1.3926109036421051e-05 0.4836334830476491 -1.9893663203205943e-05 9.800551573001885e-07 -0.9999999998016408 0.3652242528961614
1633462552415707 1606417132762573 0.6487342349435131 0.7610150407616542 -1.2298712801495173e-05 0.17427349298574035 0.7610150406733175 -0.6487342350577273 -1.1726905945504222e-05 1.3072292704317008 -1.690294784756088e-05 -1.7518600660441856e-06 -0.9999999998556107 0.3652179726581416
1633462552664504 1606417133073364 0.6809859953704218 0.732296438634862 -8.747527976413709e-06 0.32528763711852104 0.7322964386567569 -0.6809859954023693 -9.699786391036503e-07 1.246911520674822 -6.66725594928117e-06 -5.745241715126765e-06 -0.99999999996127 0.36547421117450485
1633462552913518 1606417133384277 0.7120099752099265 0.7021693492991536 -1.052751049895932e-05 0.5925935345418827 0.7021693493748842 -0.7120099750814899 1.3688443796802928e-05 1.0706195178585212 2.115913185680249e-06 -1.713840372597739e-05 -0.999999999850899 0.3645759907550916
1633462553162436 1606417133695435 0.7460487116708957 0.6658913723863478 -2.977259258853281e-07 0.8286963116759954 0.6658913723777642 -0.7460487116634085 -4.763610056766842e-06 0.817219134711745 -3.3941648816418456e-06 3.3556320203657126e-06 -0.9999999999886097 0.3647644780789994
1633462553411502 1606417134006836 0.7708055382779564 0.6370705001365199 -4.505558462487534e-06 1.086322809430087 0.6370705001516366 -0.7708055382463752 7.051607545929692e-06 0.4565593614015575 1.019461730271398e-06 -8.30577653330606e-06 -0.9999999999649873 0.36489196831673687
1633462553660809 1606417134318237 0.7992282422412906 0.6010276339653811 4.2823401428339994e-06 1.241902815981644 0.6010276339738996 -0.7992282422457813 -9.59558007474429e-07 -0.0009122368481157765 2.8458463061645205e-06 3.3407106235538525e-06 -0.9999999999903704 0.3648450503394516
1633462553909936 1606417134318237 0.6645537846078514 0.7472404347762835 -1.7883285236216052e-06 1.9206760414246526 0.7472404347630026 -0.6645537845768581 8.014963008011884e-06 0.7080216436357469 4.8006639543724e-06 -6.6626853839414566e-06 -0.9999999999662811 0.3645805882607707
1633462554158769 1606417134629639 0.6932637067330929 0.7206840035194497 1.5282918583500344e-06 1.9608075711111406 0.7206840035183251 -0.6932637067347466 1.2899018463397217e-06 0.14121893142671768 1.989120905455078e-06 2.071733597043727e-07 -0.9999999999980003 0.3651925408285
1633462554407871 1606417134940674 0.7275370762188457 0.6860683659173347 -4.349412393763593e-06 1.8603062025421204 0.6860683659310604 -0.727537076201485 5.034379618676458e-06 -0.4644229666798699 2.895698222389792e-07 -6.646692082082466e-06 -0.9999999999778688 0.3648893065733225
1633462554656980 1606417135251343 0.761757339526083 0.6478624512058648 3.7163785723919964e-07 1.579288139199967 0.6478624511833885 -0.7617573395041942 7.912608792058067e-06 -1.1503178047447968 5.409379992833316e-06 -5.786717608992391e-06 -0.9999999999686262 0.36449646407689357
1633462554905844 1606417135251343 0.6101435537712634 0.7922908815795409 5.2552384160822817e-05 2.1944414979178504 0.792290882199452 -0.6101435550958136 1.2771911753126508e-05 -0.3470586060468248 4.2183567722891883e-05 3.384407518288166e-05 -0.9999999985375626 0.36370062471665543
1633462555155016 1606417135562134 0.6278457873473497 0.7783377591458093 -1.5913992252571003e-06 1.815242220034566 0.7783377589015329 -0.6278457870962844 2.6420678314384646e-05 -0.8922378880215351 1.9565058255120762e-05 -1.7826757685010333e-05 -0.9999999996497076 0.3648092779807732
1633462555404253 1606417135873901 0.628431725076962 0.7778647483668415 1.301727755118669e-05 1.3527781275498412 0.7778647483662332 -0.6284317251813085 6.264726004540522e-06 -1.2886932443292387 1.3053579705736141e-05 6.18872875658554e-06 -0.9999999998956518 0.3651675339864796
1633462555653759 1606417136185913 0.6160238828584271 0.7877274744839723 4.1177605844650566e-05 0.8840596187999757 0.7877274730893972 -0.6160238842248268 4.700229862571942e-05 -1.5790029020706318 6.23913906867407e-05 3.48219289718299e-06 -0.9999999980475943 0.3618315705957858
