1612893308342233 1606417097502930 0.6753832311680485 0.7374669135839439 -0.00020598651302954847 -1.4879387739449215 0.7374669423516363 -0.6753832048190707 0.00018865660597625238 -2.4084431577191054 8.173617124377686e-09 -0.00027932375205439163 -0.99999996098912 0.36484830649716876
1612893308592237 1606417097502930 0.6746997244602441 0.738092325514387 2.8887720802200126e-05 -1.4904260247589514 0.7380923260083532 -0.6746997244224462 -1.250278591843141e-05 -2.40317977880281 1.0262326930470281e-05 2.9757431254060504e-05 -0.99999999950459 0.3652109246922247
1612893308842234 1606417097502930 0.6749515477871939 0.7378620516491192 -2.966967272953651e-05 -1.4901214478743274 0.7378620522075033 -0.674951547615446 1.697384621299269e-05 -2.4083528785893207 -7.501234534932486e-06 -3.3348649381827506e-05 -0.9999999994157995 0.3647766631321866
1612893309092865 1606417097502930 0.6746816543219268 0.7381088427960902 -3.8885863242494554e-05 -1.483673977625771 0.7381088438002925 -0.6746816537561622 2.8162228606587025e-05 -2.4198947067530145 -5.448788552803511e-06 -4.77025385436718e-05 -0.9999999988473892 0.36477777071886064
1612893309342869 1606417097502930 0.6750411440350447 0.7377800850282707 -3.333180182433875e-08 -1.492661149884613 0.7377800850282632 -0.6750411440350431 -1.1968586553986255e-07 -2.4221410489660804 -1.1080218569068578e-07 5.6201344014621554e-08 -0.9999999999999922 0.3649937147222418
1612893309593498 1606417097502930 0.6772856684392938 0.735720136055587 6.880082226638842e-05 -1.4884106798835253 0.7357201391963826 -0.677285666753271 -4.8947911614794615e-05 -2.4366307347069402 1.0585846588966017e-05 8.376986957119957e-05 -0.9999999964352744 0.3653559313116756
1612893309843496 1606417097502930 0.6793949538522726 0.7337727827355182 -1.0526505164919732e-06 -1.4869421935448186 0.7337727827361935 -0.6793949538521687 5.081334987526133e-07 -2.445500416229255 -3.423109176929509e-07 -1.1176296336683273e-06 -0.9999999999993169 0.3649925635810705
1612893310093502 1606417097502930 0.6797119542410656 0.7334791471129142 -4.095020145381454e-06 -1.4830119516311706 0.733479147123931 -0.6797119542360237 2.7316741125820465e-06 -2.444544435576748 -7.798081473642638e-07 -4.8603634330917226e-06 -0.9999999999878844 0.36497992429302817
1612893310343513 1606417097502930 0.6779994812931174 0.7350623805977979 7.920248115458225e-07 -1.4712506672711854 0.7350623805981882 -0.67799948129303 -4.1493772315922973e-07 -2.423323819713343 2.3198730081351546e-07 8.635152045366778e-07 -0.9999999999996002 0.3650060092860101
1612893310592887 1606417097502930 0.676458040703344 0.7364811736709561 7.136430640468909e-07 -1.48465573212946 0.736481173671301 -0.6764580407030791 -5.999578278472546e-07 -2.4175492308477944 4.089194366038531e-08 9.314309781197458e-07 -0.9999999999995653 0.3650035514093148
1612893310842265 1606417097502930 0.6773758190616649 0.7356371386448931 -1.165459474825142e-06 -1.4832436543818976 0.7356371386457684 -0.6773758190613428 7.119710250719604e-07 -2.4162709652959284 -2.6570173865986006e-07 -1.3396272295212726e-06 -0.9999999999990674 0.3649920192965775
1612893311092265 1606417097502930 0.6781102119397057 0.7349602305345126 -4.5710522589857425e-07 -1.487702684355876 0.7349602305346467 -0.6781102119396594 2.7333136613997463e-07 -2.429898976569173 -1.0908003774201469e-07 -5.213029528267915e-07 -0.9999999999998582 0.3649968793454223
1612893311342271 1606417097502930 0.6779948171853336 0.735066682603239 9.800608599285748e-07 -1.4819331647963523 0.7350666826038799 -0.6779948171849663 -7.186942033230805e-07 -2.428927244998095 1.3618801971422635e-07 1.2076810300490988e-06 -0.9999999999992615 0.3650005472561102
1612893311592899 1606417097502930 0.6794742785661444 0.7336993285170044 -1.025573379465777e-05 -1.5025562842652254 0.7336993285871369 -0.6794742785270221 7.445322697473021e-06 -2.432477358875955 -1.5058790571587357e-06 -1.2583530267838317e-05 -0.9999999999196936 0.36494406098458115
1612893311842894 1606417097502930 0.6787615058850417 0.7343587802476073 -2.526344869082737e-06 -1.484562210560908 0.7343587802516142 -0.6787615058840162 1.3746425709624424e-06 -2.422553374527226 -7.053048060309264e-07 -2.7882979980684604e-06 -0.999999999995864 0.36498465387848555
1612893312092904 1606417097502930 0.678644839373096 0.7344665969216715 1.7404785357130642e-06 -1.4865228402087178 0.7344665969236439 -0.6786448393722799 -1.1133914760365304e-06 -2.4145735901270338 3.6341792785297907e-07 2.033920726553457e-06 -0.9999999999978656 0.3650092118597545
1612893312343528 1606417097502930 0.6797859958707276 0.7334105261183416 1.1514926705338893e-06 -1.4991280335356756 0.7334105261192017 -0.6797859958703928 -7.208678990802492e-07 -2.4262045810011186 2.5407648664951267e-07 1.3345527479831885e-06 -0.9999999999990772 0.36500499006998205
1612893312593538 1606417097502930 0.6775263389955072 0.7354985111495408 8.283669637613707e-06 -1.4852391986812998 0.7354985111954451 -0.6775263389678688 -6.208524103091375e-06 -2.4187665451415774 1.046044128529471e-06 1.0299065291809678e-05 -0.9999999999464175 0.365038704266589
1612893312843551 1606417097502930 0.6781564160830358 0.7349175976448076 1.364765259823881e-06 -1.4829013335506371 0.7349175976460713 -0.6781564160820449 -1.161432365392309e-06 -2.419562794218815 7.196723359422071e-08 1.7906228165338764e-06 -0.9999999999983943 0.3650022955578373
1612893313093543 1606417097502930 0.6765488926473183 0.7363977154656182 2.278532516467664e-05 -1.482357898723221 0.7363977158087146 -0.6765488924712433 -1.5877883734827207e-05 -2.4082017325468112 3.722949195995292e-06 2.7521226063545473e-05 -0.9999999996143609 0.3651276079960454
1612893313342913 1606417097502930 0.6763372647591027 0.736592084677901 7.136178903875975e-05 -1.4906855267853476 0.7365920877788092 -0.6763372642699135 -3.443849496903267e-05 -2.4095121641862347 2.289751436942121e-05 7.585656666529726e-05 -0.9999999968607426 0.36558572237121295
1612893313592297 1606417097502930 0.6768526657648911 0.7361185121510251 -7.014262058855614e-05 -1.491580915886905 0.7361185152057899 -0.6768526650893313 3.6567176851063745e-05 -2.4176040014996723 -2.055844386450067e-05 -7.63838728512589e-05 -0.9999999968714272 0.3643541153719298
1612893313842297 1606417097502930 0.6768265226192329 0.7361425528859897 1.068269084575592e-05 -1.4811101031347151 0.7361425529595866 -0.676826522591697 -6.560386901065322e-06 -2.418953535218543 2.4009485357795597e-06 1.230422716493014e-05 -0.9999999999214207 0.36506225664005937
1612893314092307 1606417097502930 0.6775847075371715 0.7354447387726941 -1.8105115351589402e-05 -1.4883954916803206 0.7354447389881934 -0.6775847074351766 1.2208183672616412e-05 -2.412567767309126 -3.2893048365831366e-06 -2.1587390397422447e-05 -0.9999999997615825 0.36488055044813966
1612893314342931 1606417097502930 0.6781925223178937 0.7348842779965828 -2.509979605323686e-05 -1.4872997634789993 0.7348842784107719 -0.6781925221231715 1.689248980026344e-05 -2.4205227378546086 -4.6084688196799935e-06 -2.990180577664376e-05 -0.999999999542322 0.3648494646966373
1612893314592934 1606417097502930 0.6745768256216018 0.7382046504054574 -2.1412725097652437e-05 -1.4859723681318238 0.7382046507081292 -0.6745768254646567 1.4945923612303461e-05 -2.40536999864065 -3.41137780570696e-06 -2.588914695773452e-05 -0.9999999996590573 0.3648793273164559
1612893314842934 1606417097502930 0.6762544764829681 0.7366680842988844 0.00012890548520015923 -1.4858024168981017 0.7366680953410151 -0.6762544703431467 -9.301621776500749e-05 -2.412654690139029 1.8650831668641557e-05 0.0001578631919101592 -0.9999999873656795 0.3657624648955868
1612893315093567 1606417097502930 0.6712942836780247 0.7411908520650978 0.0003248394795819258 -1.4835134575505131 0.7411909208906403 -0.6712942520289248 -0.0002144450437946057 -2.4169351797614747 5.9118170744023635e-05 0.0003847238050745069 -0.999999924246315 0.36684731840411944
1612893315343564 1606417097502930 0.6699640962143715 0.7423935006367393 6.735131973364621e-07 -1.4914447068120011 0.7423935006370295 -0.6699640962142664 -4.0454892286926546e-07 -2.417838843146548 1.508951695138338e-07 7.710450737787372e-07 -0.9999999999996914 0.3650037007403985
1612893315594200 1606417097502930 0.6727210151047975 0.7398962331574817 -4.5371241738567044e-07 -1.4963823754196692 0.7398962331576117 -0.6727210151045657 5.704878080299309e-07 -2.4330696518920134 1.1687990223411639e-07 -7.194792458816914e-07 -0.9999999999997343 0.36500131418870757
1612893315843573 1606417097502930 0.672737181966638 0.7398815337312015 6.9005057567328e-06 -1.4894679279044432 0.7398815337624643 -0.6727371819512235 -4.700582348011386e-06 -2.434527765285496 1.1643527197435172e-06 8.267813305413023e-06 -0.9999999999651438 0.3650361211760733
1612893316092951 1606417097502930 0.6739602608493686 0.738767599993196 7.808378435357845e-07 -1.4974059037792564 0.7387675999936048 -0.6739602608490965 -6.102288165656468e-07 -2.4263607209510467 7.543639844917044e-08 9.881276720412913e-07 -0.999999999999509 0.3650033620431304
1612893316342327 1606417097502930 0.6740803037757258 0.7386580466284108 -0.00018497889382563184 -1.5020332908566236 0.7386580689229421 -0.6740802939822896 0.00012035051268469919 -2.4318814700580393 -3.579275252001191e-05 -0.0002177620626543234 -0.9999999756492812 0.3640182363142293
1612893316591748 1606417097502930 0.6731323654569445 0.7395220202846066 -9.642495431884272e-06 -1.5033443744634924 0.7395220203455207 -0.6731323654278882 6.480792334315865e-06 -2.4333459535188453 -1.6979871185698138e-06 -1.149326877696712e-05 -0.9999999999325108 0.36494309569739874
1612893316841714 1606417097502930 0.6723226402010586 0.7402582437741092 1.4194216896006863e-06 -1.50483641878782 0.7402582437753606 -0.6723226402007658 -7.453914136761443e-07 -2.4382930237990057 4.0252719909746305e-07 1.5518821303429388e-06 -0.9999999999987148 0.36501090924102914
1612893317092341 1606417097502930 0.6735617338519331 0.7391309699198837 3.6768564623353457e-07 -1.5162776854098274 0.7391309699199734 -0.6735617338518829 -2.651387934465222e-07 -2.431504218804048 5.1686687825878175e-08 4.503551937504881e-07 -0.9999999999998973 0.36500154683536445
1612893317342340 1606417097502930 0.671062605516863 0.7414006875348981 2.040778351291515e-06 -1.5018971714262899 0.741400687537691 -0.671062605514877 -1.6398684935874818e-06 -2.4215458440278557 1.5369040908310796e-07 2.613488896765558e-06 -0.9999999999965731 0.36501180842189823
1612893317592342 1606417097502930 0.6730398807735741 0.7396061917593645 1.992119349668325e-06 -1.5072967842502156 0.7396061917619259 -0.6730398807725668 -1.2393155843040335e-06 -2.4404369180926926 4.2417028988939387e-07 2.307492618839103e-06 -0.9999999999972478 0.3650124035386858
1612893317842973 1606417097502930 0.6738302512970488 0.738886181422385 -5.783137682465585e-05 -1.5012324546461269 0.7388861836238044 -0.673830250188795 3.980981140849499e-05 -2.4383125771020526 -9.55361157973122e-06 -6.955586054099902e-05 -0.9999999975353554 0.3646860994471904
1612893318092973 1606417097502930 0.6727876584601846 0.7398356339056116 -3.783661489209323e-05 -1.4912837464460829 0.7398356348470683 -0.672787657985915 2.601400674711498e-05 -2.430126881867008 -6.209918347176018e-06 -4.549477868561316e-05 -0.999999998945831 0.3647940881857778
1612893318343597 1606417097502930 0.6741121354469539 0.7386290195009798 -1.99658293908413e-05 -1.5003206704730343 0.7386290197634515 -0.6741121353147461 1.3752883754878866e-05 -2.42392306949589 -3.3009288408053484e-06 -2.4018326828222915e-05 -0.999999999706112 0.3648847052898984
1612893318593605 1606417097502930 0.6759003144797561 0.736993056188393 4.552424249427635e-06 -1.5066689484038576 0.7369930562021242 -0.6759003144723971 -3.2300007506624026e-06 -2.4325382953595756 6.964968570768691e-07 5.538263583844532e-06 -0.9999999999844212 0.365026304745035
1612893318843614 1606417097502930 0.6749489398014824 0.7378644378646523 -3.147461012718182e-08 -1.5035222370198835 0.7378644378646529 -0.6749489398014821 2.149488780841115e-08 -2.430017026362199 -5.383441426277319e-09 -3.773194724585679e-08 -0.9999999999999992 0.36500079483832787
1612893319094236 1606417097502930 0.6743166524078102 0.7384423147994568 -1.8999483090593427e-06 -1.5019159362297065 0.738442314801833 -0.6743166524066209 1.3055591523901695e-06 -2.423232760196241 -3.170866609112076e-07 -2.283362504500626e-06 -0.9999999999973429 0.3649900018204844
1612893319343618 1606417097502930 0.6758579491399275 0.7370318970009753 -0.00012406442101752839 -1.501843962019379 0.7370319071812075 -0.6758579438100198 8.712169456533334e-05 -2.423746717399042 -1.963845667341505e-05 -0.00015032132665006707 -0.9999999885089148 0.3642530635213825
1612893319592993 1606417097502930 0.6767979602398027 0.7361687501384353 0.0003038738589074703 -1.4963488045985887 0.7361688108403406 -0.6767979312647583 -0.00020539261934436628 -2.433949603407332 5.445757120349305e-05 0.00036271176317714506 -0.9999999327372726 0.3666770750781268
1612893319842374 1606417097502930 0.6783382752906093 0.7347497424645938 1.5114229907266445e-05 -1.4914191544046682 0.7347497426162791 -0.678338275209498 -1.0750832064041172e-05 -2.4434921360157276 2.353389556075237e-06 1.839787741442689e-05 -0.9999999998279898 0.36508519302306336
1612893320092379 1606417097502930 0.6764827778414968 0.7364584518403514 1.1092628022625513e-06 -1.49291150821606 0.7364584518411575 -0.6764827778411279 -7.364677783577527e-07 -2.4306357716487232 2.0801926195028568e-07 1.3151337345305345e-06 -0.9999999999991136 0.36500349905713303
1612893320342380 1606417097502930 0.6771993692165187 0.7357995748416916 -2.7062837554907248e-08 -1.489188785413145 0.7357995748416903 -0.6771993692165191 -4.45943568678549e-08 -2.427022894584383 -5.1139445344984295e-08 1.0286445974594916e-08 -0.9999999999999987 0.3650009506929119
1612893320592385 1606417097502930 0.6782836703539263 0.7348001510240828 2.430343295790997e-05 -1.4913596986517679 0.7348001514169832 -0.6782836701384481 -1.748030008096702e-05 -2.4348494148098547 3.6400945642053664e-06 2.9714768315164806e-05 -0.9999999995518911 0.3651391503515985
1612893320843018 1606417097502930 0.6793949267151381 0.7337728078004425 -9.531648717928689e-06 -1.4834110028122514 0.7337728078598276 -0.6793949266895439 6.203156518437852e-06 -2.4286973080252827 -1.9240462061836946e-06 -1.1208457711509633e-05 -0.9999999999353343 0.3649423196296742
1612893321093014 1606417097502930 0.6805528983490803 0.732698950833427 8.528375347996984e-07 -1.4861713551471112 0.7326989508339072 -0.6805528983488498 -5.808918822788925e-07 -2.4282594665955504 1.5478218343490035e-07 1.0202008210895861e-06 -0.9999999999994676 0.3650036629574705
1612893321343016 1606417097502930 0.679865765399635 0.7333365810054976 1.0959366641019978e-06 -1.4725714224719635 0.7333365810062833 -0.6798657653992957 -7.143786607447048e-07 -2.4040255920838702 2.2120981435451727e-07 1.2893720412214826e-06 -0.9999999999991442 0.36500674034406394
1612893321593647 1606417097502930 0.6779567821799094 0.735101762683682 -2.682051968552647e-07 -1.4016890279017828 0.7351017626837099 -0.6779567821799324 7.179635355798642e-09 -2.3047053911773814 -1.7655376961806214e-07 -2.0202559545182823e-07 -0.999999999999964 0.3649959321355898
1612893321843642 1606417097502930 0.6745623710870537 0.7382178591158206 -5.759534714969242e-07 -1.2919950246218144 0.738217859116035 -0.6745623710869704 3.575386093291034e-07 -2.1721901151537346 -1.2457515263827528e-07 -6.663612307416284e-07 -0.9999999999997702 0.36499977115277665
1612893322093646 1606417097502930 0.6722446259637731 0.7403290909175096 -2.9233186892465636e-06 -1.1094545607379533 0.740329090923275 -0.6722446259590402 2.5243975633366313e-06 -2.002236269239712 -9.630032563201351e-08 -3.861230563429401e-06 -0.9999999999925409 0.36500337609335154
1612893322343031 1606417097502930 0.6708480842375604 0.7415948003318079 -2.938604744972449e-07 -0.9118274732661094 0.7415948003318644 -0.6708480842375336 1.9644850862389393e-07 -1.8007529531077953 -5.145054382107477e-08 -3.497125055710957e-07 -0.9999999999999375 0.36499694520973414
1612893322591783 1606417097502930 0.6695853784315936 0.742735094764666 -8.696916671534073e-08 -0.6772469235190703 0.7427350947646479 -0.6695853784315974 -1.7119859626726313e-07 -1.5604529213737504 -1.85388488028702e-07 5.0037024586539076e-08 -0.9999999999999816 0.36500019476834233
1612893322841782 1606417097502930 0.6725428939107145 0.7400581435590157 2.578817689556951e-06 -0.39933206023326523 0.7400581435634932 -0.6725428939073347 -2.1375817145424467e-06 -1.242421488686397 1.524307564237283e-07 3.346090424183747e-06 -0.9999999999943903 0.3650049810597333
1612893323091787 1606417097502930 0.6731250209449005 0.7395287054483194 -5.705769261972786e-07 -0.059835097688811636 0.7395287054484864 -0.6731250209449443 1.3990124624486383e-07 -0.9033371664910584 -2.8060861787054683e-07 -5.161290448970897e-07 -0.9999999999998275 0.36499915408906447
1612893323341787 1606417097502930 0.6787960590381089 0.7343268415596764 -1.9461535778885686e-06 0.3021519290786761 0.7343268415622213 -0.6787960590365031 1.4934110003126655e-06 -0.5330774990722134 -2.2438959594001935e-07 -2.442834311576867e-06 -0.9999999999969911 0.3649889161540376
1612893323591794 1606417097502930 0.6835499393092941 0.7299037473766429 -6.345044722305179e-06 0.721395411888758 0.7299037474041543 -0.683549939287142 5.512031218829363e-06 -0.10567494407686383 -3.139026924251479e-07 -8.399020525340471e-06 -0.9999999999646789 0.36496666870659605
1612893323842416 1606417104969727 0.6630724613518361 0.7485552157054947 -6.433018466335877e-06 0.39213590986992025 0.7485552157266439 -0.6630724612858032 9.863588338406998e-06 -0.40694393502470255 3.117883108309153e-06 -1.135574332312497e-05 -0.9999999999306629 0.36518005669637293
1612893324092426 1606417104969727 0.6639904036462908 0.7477410940660453 -1.0724493686663106e-05 0.84390117158436 0.7477410940926154 -0.6639904033668734 2.112677884292779e-05 0.0878232443470372 8.676399837169975e-06 -2.20471230544671e-05 -0.9999999997193222 0.36525956216473604
1612893324343052 1606417105591919 0.6442266882855998 0.7648346056275876 1.1812133323441572e-05 0.4535376560051497 0.7648346057158038 -0.644226688249484 -7.1497430965480455e-06 -0.2375471636197124 2.1413205905304884e-06 1.3640383650248456e-05 -0.9999999999046774 0.3649660300961114
1612893324593060 1606417106006592 0.6379809237475916 0.7700521674428648 1.8846251197616024e-05 0.1819205978055172 0.7700521676612514 -0.6379809234084249 -2.125104269640531e-05 -0.4281025875947486 -4.340862746935882e-06 2.807035643700217e-05 -0.999999999596606 0.3649988828884954
1612893324843683 1606417106006592 0.6452381601607219 0.763981489656839 -1.1772392985816725e-05 0.7223849242011426 0.7639814896984554 -0.6452381602173369 -1.3931192638827086e-06 0.19759267984415033 -8.660314521995283e-06 -8.09499661988969e-06 -0.999999999929735 0.3651585733405098
1612893325093687 1606417106421387 0.6409149851048801 0.7676118689463989 -2.2914913058196875e-05 0.34236010182534393 0.7676118692884261 -0.6409149848165433 1.9225081512905034e-05 -0.1095521575958016 7.0889596001135e-08 -2.9911402078601115e-05 -0.9999999995526515 0.3653364328065517
1612893325343691 1606417106732422 0.64137745725222 0.767225493143851 1.8211839931624803e-06 0.042379115086966644 0.7672254931459995 -0.6413774572499642 -1.7069342491353344e-06 -0.30492136653754753 -1.4153711233778558e-07 2.4920479356652685e-06 -0.9999999999968848 0.36489114067740974
1612893325593691 1606417106732422 0.6494149388763805 0.7604342424727804 6.595545134975388e-06 0.5362476639908382 0.7604342424977671 -0.6494149388756133 -2.54870919119077e-06 0.29496853136267104 2.3451197975895755e-06 6.670648192170777e-06 -0.9999999999750014 0.3648645983949304
1612893325843072 1606417107043579 0.6478333144089105 0.7617821188672806 1.097759513244305e-05 0.2316302956561476 0.761782118946313 -0.6478333143474764 -8.927192501933848e-06 0.04709625230067091 3.110762185553196e-07 1.4145868387789793e-05 -0.9999999998998989 0.3648352505137298
1612893326092447 1606417107354736 0.6475513110004665 0.7620218496737643 1.567857132278864e-05 -0.15842252850971622 0.7620218498309451 -0.6475513109275026 -1.003807039857508e-05 -0.2861684998560769 2.503450441258859e-06 1.8447579568568886e-05 -0.9999999998267097 0.36472717619820827
1612893326341830 1606417107354736 0.6463627345823516 0.7630302846818511 2.454251857004655e-06 0.39591672474603434 0.7630302846498213 -0.6463627345172975 -1.178982232598354e-05 0.3474580617211087 -7.40965454423943e-06 9.493170291894205e-06 -0.9999999999274883 0.3642471391378885
1612893326591205 1606417107665772 0.646777774292547 0.7626785102746831 2.5511459119859003e-05 0.0025409001836868865 0.7626785107004613 -0.6467777739813001 -2.0099401080060553e-05 0.024462736459572802 1.1708634674008385e-06 3.2456887542432075e-05 -0.9999999994725898 0.3648812202191276
1612893326841828 1606417107976807 0.6494393579564014 0.7604133877934884 -2.4641979216644055e-06 -0.4098315642567704 0.7604133877784001 -0.6494393579596518 -4.979683805272822e-06 -0.2983738358738988 -5.386965348627092e-06 1.3601935635499e-06 -0.9999999999845652 0.3649890814804755
1612893327091831 1606417107976807 0.6450117220280152 0.7641726756527973 1.538065838823472e-05 0.21697676043948044 0.7641726758056073 -0.6450117218499412 -1.525575226531846e-05 0.39926596012435306 -1.7373240774997177e-06 2.1593617915626925e-05 -0.9999999997653487 0.36487721981237214
1612893327342467 1606417108287964 0.6494570075092231 0.7603983136078688 -7.996231825656068e-06 -0.1715528423079784 0.7603983135680467 -0.6494570075577005 -7.844306801815969e-06 0.07451530486447779 -1.1158006456726923e-05 -9.857811736341504e-07 -0.9999999999372635 0.36507153630613765
1612893327592465 1606417108495361 0.6492836155156577 0.7605463736861701 1.000986590730102e-05 -0.26399881893676813 0.7605463737134953 -0.6492836155590248 1.5225853078951872e-06 0.046781987054531696 7.657238662083856e-06 6.6243775235001335e-06 -0.9999999999487421 0.3648732302534639
1612893327843095 1606417108702881 0.649581034761526 0.7602923643456002 6.225495789411278e-07 -0.3285611910715934 0.7602923643412305 -0.6495810347545008 -4.019846781998097e-06 0.025571043468296875 -2.6518624145119075e-06 3.0845359235190155e-06 -0.9999999999917266 0.36501809592141754
1612893328093094 1606417108910401 0.6483639411613776 0.7613305456886372 2.7555232222805097e-06 -0.4462081627482154 0.7613305456890498 -0.6483639411657817 1.1197925376186496e-06 -0.029970498017434146 2.6391141600890003e-06 1.3718308955010842e-06 -0.9999999999955765 0.36496110815529464
1612893328343101 1606417109117676 0.6473242168990951 0.7622147716424762 1.050935886874022e-05 -0.5978681212583503 0.7622147717111905 -0.6473242168775661 -5.793883020696854e-06 -0.14863798212514162 2.3867792760435743e-06 1.1760909360119092e-05 -0.9999999999279922 0.3649222179244476
1612893328593103 1606417109117676 0.641065507917675 0.7674861655639754 1.5186346669950897e-05 0.012829329248173304 0.7674861657017572 -0.6410655078945402 -6.985392549058898e-06 0.5786225229642985 4.374250898588512e-06 1.6133405199169014e-05 -0.9999999998602895 0.3648509798223553
1612893328843739 1606417109325195 0.6387903487374799 0.7693808483970452 2.2003570883410548e-05 -0.14403702306547103 0.7693808485480902 -0.638790348930186 2.3531815500361217e-06 0.5209612965349402 1.586616153968756e-05 1.542593637434182e-05 -0.9999999997551527 0.36499622579345337
1612893329093732 1606417109532715 0.6417100061351074 0.7669473697899128 1.6971617824066064e-06 -0.2828232132807464 0.7669473697901392 -0.6417100061367468 6.552780180113547e-07 0.4212754128252818 1.5916494501945956e-06 8.811353041648595e-07 -0.9999999999983451 0.3650262058803692
1612893329343732 1606417109739990 0.6442765042755129 0.7647926423960547 1.3410853497218654e-05 -0.4582402860621057 0.7647926424554609 -0.6442765043437363 1.036675036210994e-06 0.30633727224936425 9.433139251682792e-06 9.588616715299775e-06 -0.9999999999095371 0.36506251294293696
1612893329593742 1606417109947388 0.6488908622263082 0.7608814946161584 8.622330641849342e-06 -0.6663919667921967 0.7608814946625017 -0.6488908621533901 -9.922354079871725e-06 0.14411769929737808 -1.954784038437957e-06 1.2999096720418279e-05 -0.9999999999136011 0.3649301886989299
1612893329843120 1606417110154785 0.653442273788395 0.7569763502442688 1.2584382036572407e-06 -0.9028389825346331 0.7569763502368525 -0.653442273772326 -5.814823561444777e-06 -0.01228478035957437 -3.5793671956491174e-06 4.752259488061269e-06 -0.999999999982302 0.3649561748993239
1612893330092497 1606417110154785 0.6522152234150292 0.7580338398360644 -3.6797567823664663e-06 -0.2706117080863907 0.758033839844176 -0.6522152234137789 1.6952732399693258e-06 0.6855372886993298 -1.11491890825174e-06 -3.895063178377322e-06 -0.9999999999917927 0.36504970518890434
1612893330342499 1606417110362061 0.6580463797374921 0.7529773981457522 -7.064998039169396e-07 -0.5045240911040602 0.7529773981403878 -0.6580463797358741 -3.272207206317515e-06 0.43779188023482 -2.928807706651856e-06 1.6212857217244732e-06 -0.9999999999943967 0.3649924589335039
1612893330592501 1606417110569336 0.6639097481186139 0.7478127080483127 6.2444461869632835e-06 -0.7791828353525131 0.7478127080533851 -0.6639097481394023 1.9502680826251123e-06 0.19142210993094955 5.6041839515324114e-06 3.3748742218596945e-06 -0.9999999999786017 0.3649401078977173
1612893330843130 1606417110569336 0.6613658431160039 0.7500634781688307 1.6768982951113607e-05 -0.16973010825997886 0.750063478350399 -0.6613658428569962 -1.8746226187307392e-05 0.8742317525986815 -2.9704270732669706e-06 2.49759153682669e-05 -0.9999999996836901 0.3646104497436141
1612893331093132 1606417110776978 0.6666129243043155 0.745404057644119 -1.611554079615554e-06 -0.5001841656538756 0.7454040576230904 -0.6666129242992928 -6.375210216088689e-06 0.5731541978738642 -5.826390341072737e-06 3.0485385751703137e-06 -0.9999999999783797 0.3649399128504177
1612893331343757 1606417110984375 0.6682554608149709 0.7439318779596422 -7.132777329574274e-06 -0.8814994932999461 0.7439318779637479 -0.6682554608434603 -2.5867349658942117e-06 0.22496240038711118 -6.690872002415075e-06 -3.5777006672395765e-06 -0.9999999999712161 0.3649821990179137
1612893331593760 1606417110984375 0.6629299334500941 0.7486814426464569 2.7877223027133018e-05 -0.2887794834768685 0.748681443013084 -0.6629299336068515 -4.508579911076242e-06 0.8620946832925734 1.5105155498375527e-05 2.3860032143502468e-05 -0.9999999996012666 0.36504006594368527
1612893331843764 1606417111192017 0.6650446070590943 0.7468036358505725 -1.0317254907127415e-05 -0.6279942284376803 0.7468036359201526 -0.6650446069647569 1.1313603040277643e-05 0.5384878481746113 1.5876051503800979e-06 -1.5229014165667807e-05 -0.9999999998827783 0.365010522478677
1612893332093767 1606417111399414 0.6678509285468607 0.7442950605947788 4.216176142996936e-06 -0.9707197849366981 0.744295060563722 -0.6678509285584528 6.965866074336612e-06 0.21762776860198055 8.000436863942118e-06 -1.5140810481761861e-06 -0.9999999999668503 0.3650239350382579
1612893332343153 1606417111399414 0.664860544729745 0.7469675057945359 -3.67861655468437e-05 -0.30658435264603523 0.7469675063548097 -0.6648605451138851 2.3259721692490476e-06 0.9197799048475799 -2.272024444826182e-05 -2.9024517470289483e-05 -0.999999999320684 0.3652277722115284
1612893332592575 1606417111606934 0.6692150969650058 0.7430687410969131 -1.7978079554067263e-06 -0.5953410112482744 0.743068741053718 -0.6692150968954501 1.2669705544869802e-05 0.6248622688140558 8.2113419241997e-06 -9.814653118786661e-06 -0.9999999999181233 0.36506897955777523
1612893332842534 1606417111814331 0.6703543166698764 0.7420411646991578 -4.294839011117408e-06 -0.8151385283659802 0.7420411647115863 -0.6703543166588549 3.8441240668129086e-06 0.40213414283401094 -2.6565570671401393e-08 -5.763872504048043e-06 -0.9999999999833885 0.3650818355983301
1612893333092530 1606417112021729 0.6723188138875317 0.7402617189186952 9.310571103565061e-07 -1.0927023406612142 0.7402617189191061 -0.6723188138859769 -1.5327162894595686e-06 0.1747106963000007 -5.086439829538869e-07 1.7196999346760822e-06 -0.999999999998392 0.3650005931113485
1612893333343166 1606417112021729 0.6679230693601267 0.7442303227900233 -7.801947010066713e-06 -0.35653398593888197 0.7442303228002716 -0.6679230693910573 -2.0731450547631994e-06 1.017767342273047 -6.753997807472013e-06 -4.421744133556493e-06 -0.9999999999674158 0.3651049779879523
1612893333593165 1606417112229004 0.6708771366639995 0.7415685183963334 -5.426396247958279e-06 -0.5538362477762944 0.7415685184149745 -0.6708771366581749 3.1006077998458433e-06 0.7001903537292253 -1.3411320449401203e-06 -6.10417150859601e-06 -0.9999999999804702 0.3651057579125132
1612893333843794 1606417112436279 0.675777332827374 0.7371058244323366 -5.395512762530714e-06 -0.874637748617298 0.7371058244473198 -0.6757773328312195 1.3512258771311896e-06 0.5148783214990822 -2.6501687597568e-06 -4.890191702425363e-06 -0.9999999999845313 0.36497300533588684
1612893334093793 1606417112643555 0.6774493579801385 0.7355694170214795 -1.0929065535104397e-05 -1.1100838569507698 0.7355694170404904 -0.677449358041287 -2.937135407594739e-06 0.22817094973002391 -9.564355410203836e-06 -6.049325868264832e-06 -0.9999999999359643 0.36481971926882667
1612893334343177 1606417112643555 0.678675972590313 0.7344378287044303 9.90052531463349e-07 -0.2644024062326076 0.7344378287007651 -0.678675972590323 2.5199652706449703e-06 1.057641397173988 2.5226826864838287e-06 -9.831078494389587e-07 -0.9999999999963348 0.365076155062999
1612893334593176 1606417112851074 0.6794742743268396 0.7336993325013885 4.415582984914206e-06 -0.5080932452970117 0.7336993325131113 -0.6794742743255137 -2.0241703363210314e-06 0.8767824558321737 1.5151426197675326e-06 4.615081959063113e-06 -0.9999999999882027 0.3650646376133854
1612893334842551 1606417113058594 0.6792767809812459 0.733882180477776 1.1862107647182787e-06 -0.7082840130972247 0.7338821804692713 -0.6792767809798077 3.980425825450351e-06 0.602645545107339 3.726929013824671e-06 -1.8332718991348514e-06 -0.9999999999913746 0.3650459903846948
1612893335092560 1606417113266113 0.6817978880547709 0.7315405934260863 4.281223088905024e-06 -0.864318889600721 0.73154059342158 -0.6817978880671571 2.8341462219511985e-06 0.40538216880815175 4.992221869411077e-06 1.199573570460564e-06 -0.9999999999868193 0.364959486445746
1612893335343185 1606417113473633 0.6835600021869306 0.7298943234567314 -5.563539246955209e-07 -1.036853461698033 0.7298943234525154 -0.6835600021799297 4.004364410492674e-06 0.2712973516998716 2.542461562287583e-06 -3.143302916652264e-06 -0.9999999999918278 0.3650532499700569
1612893335593190 1606417113681030 0.6843427873119612 0.7291604414456109 -9.455325760881835e-06 -1.2285014049782068 0.7291604415036192 -0.6843427872123322 1.1881459422043438e-05 0.12975884385479572 2.192806211987425e-06 -1.5025440564546842e-05 -0.9999999998847139 0.3650918207009766
1612893335843194 1606417113681030 0.6847819074332862 0.7287480629326298 -5.332504021933413e-06 -0.27857439492544983 0.7287480629485447 -0.6847819074345596 1.869663745015129e-06 1.1238788966204583 -2.2890884430218796e-06 -5.166363882208035e-06 -0.9999999999840343 0.36498622911575906
1612893336093191 1606417113888428 0.6844127674814916 0.7290947558104879 2.76122491779655e-05 -0.41188927973350165 0.7290947563045795 -0.684412767300123 -1.7035818586595872e-05 0.9844845174399943 6.477449878831518e-06 3.179147783052382e-05 -0.9999999994736722 0.36500823116032
1612893336343198 1606417114095703 0.6843030480272816 0.7291977356331617 2.8504507782179226e-05 -0.5183034542874522 0.7291977361498742 -0.6843030478780759 -1.6221578870666678e-05 0.8477640693325009 7.676982972707516e-06 3.188589840977253e-05 -0.9999999994621767 0.3649830908388432
1612893336593826 1606417114302979 0.6847154875522794 0.7288104697363911 -1.7695497569173417e-05 -0.6496066913069312 0.7288104699494857 -0.6847154872959494 1.8802813311117e-05 0.6935965121718027 1.5873059606171699e-06 -2.5771241382997636e-05 -0.9999999996666618 0.3649822708848881
1612893336843837 1606417114510376 0.6879371400293841 0.725770274512202 2.6720645340052682e-06 -0.7138396915943895 0.725770274516653 -0.687937140028459 -1.3971416394128188e-06 0.6160558059054143 8.242085623241729e-07 2.9004506339983532e-06 -0.9999999999954541 0.3650087608792546
1612893337093212 1606417114717529 0.6897430303748143 0.7240542464200463 1.717359156449845e-05 -0.7884105271999277 0.7240542466187065 -0.6897430302642379 -1.2640779961936572e-05 0.5170241430227551 2.6927546767099413e-06 2.115350177917042e-05 -0.9999999997726392 0.36500370742526295
1612893337343212 1606417114924927 0.690592521025377 0.7232440596985431 4.364626247276453e-06 -0.8743705707474907 0.7232440597117115 -0.6905925210131962 -4.101950102739966e-06 0.40859274455916317 4.746719840039689e-08 5.9894660687626364e-06 -0.999999999982062 0.3649714915024641
1612893337592968 1606417115132446 0.6918464431248134 0.7220446654533966 -1.5175722191737966e-05 -0.904664646380108 0.7220446656119514 -0.6918464430047563 1.2940542020438159e-05 0.33843521292416695 -1.1556200844466377e-06 -1.9910417224256182e-05 -0.9999999998011199 0.36507630309338446
1612893337842586 1606417115339844 0.6928246847476002 0.7211060621852027 5.7346356736076215e-05 -0.9763104492124329 0.721106063854797 -0.6928246852428809 -1.3943103603306564e-05 0.23450162292983784 2.967651502141115e-05 5.101293194061494e-05 -0.9999999982584926 0.36540808136590547
1612893338092597 1606417115547363 0.6932695995782839 0.7206783345875074 -1.9005472965712976e-05 -1.0222849000834677 0.7206783347697153 -0.6932695996347418 4.505602064002573e-06 0.11166105546399924 -9.928826841987064e-06 -1.6820429547173528e-05 -0.9999999998092458 0.36486678019094626
1612893338343224 1606417115754761 0.6953187014975873 0.7187015398002315 6.399285200998477e-06 -1.113238372334098 0.7187015398260812 -0.6953187014916039 -3.4807063108061884e-06 -0.030894523850735617 1.947953691259527e-06 7.019376320052411e-06 -0.9999999999734669 0.36502625942597317
1612893338593224 1606417115754761 0.6967856962525358 0.7172793687719776 2.5227122243205424e-05 -0.034988908692358135 0.7172793692105804 -0.6967856956850778 -2.8248884037410917e-05 1.0594081664159958 -2.6844437884966367e-06 3.7778312661884735e-05 -0.9999999992827965 0.3651991742603249
1612893338843230 1606417115962158 0.6947614844694678 0.7192402099607177 -8.826651349792527e-06 -0.12551588767434244 0.719240210013747 -0.6947614843942831 1.0300435985919914e-05 0.9474527652331381 1.276070347184509e-06 -1.3504828766773184e-05 -0.9999999999079956 0.36495022110609165
1612893339093854 1606417116169678 0.6944698064199872 0.7195218467665251 -1.0677913898002555e-06 -0.2207863777682164 0.7195218467658139 -0.6944698064208051 -1.013695047690607e-06 0.793913684194373 -1.470924612541528e-06 -6.43186292109749e-08 -0.9999999999989161 0.36502109138788996
1612893339343863 1606417116377197 0.6934268270886734 0.720527053952292 1.015530200757966e-06 -0.2828559939702806 0.7205270539529655 -0.6934268270874608 -1.3200472405046507e-06 0.6828078121261568 -2.469338643550288e-07 1.6470731533390222e-06 -0.9999999999986131 0.36498286438955696
1612893339594485 1606417116584717 0.6906844159651215 0.7231563022026877 -1.1485617936497074e-05 -0.35076385304773766 0.7231563022928703 -0.6906844159038098 9.283392806575436e-06 0.5905457633295014 -1.2195933018630869e-06 -1.4717791735257384e-05 -0.9999999998909496 0.36486684200344216
1612893339844492 1606417116791992 0.6870547995372747 0.726605603086855 2.20726406453879e-07 -0.41271627461842786 0.7266056030868283 -0.6870547995370623 -6.158637564954601e-07 0.48492886165483806 -2.9583891926835886e-07 5.835131934385645e-07 -0.999999999999786 0.3650427057251946
1612893340093864 1606417116999512 0.6843161792007303 0.7291854132027087 -7.808609682033766e-06 -0.5016371612231856 0.7291854132441761 -0.6843161791507887 8.297670832028323e-06 0.37999708955385114 7.069825921819405e-07 -1.1372154677869832e-05 -0.9999999999350871 0.3647232331926314
1612893340342628 1606417117206787 0.676709661509127 0.7362499805888824 -1.0370076708807642e-05 -0.585694517278392 0.7362499806579794 -0.6767096614844323 6.262240656171481e-06 0.28545237161468673 -2.4069565376304163e-06 -1.1872687530981346e-05 -0.9999999999266229 0.3648136196110141
1612893340592043 1606417117414307 0.6686331850377747 0.7435924043235933 -1.0147127076727631e-05 -0.6943437772671242 0.7435924043920564 -0.6686331849944802 7.68395440282166e-06 0.188414272550323 -1.070975766746706e-06 -1.2683073526670999e-05 -0.9999999999189964 0.3648328122424182
1612893340841375 1606417117621826 0.655954082603388 0.7548007958527718 -1.0021748218124928e-05 -0.8244597431073238 0.7548007959157865 -0.6559540825830426 5.65683616621186e-06 0.11550090696731533 -2.3040222180277744e-06 -1.12750483093283e-05 -0.9999999999337824 0.3649077971960217
1612893341091380 1606417117829102 0.6370859563647198 0.7707927634622422 1.2472401187464988e-06 -0.9045626259444413 0.7707927634632514 -0.6370859563638728 -1.0388803255213814e-06 0.06959561203292375 -6.162273148163731e-09 1.6232197235605038e-06 -0.9999999999986826 0.3649930267525655
1612893341342008 1606417118036621 0.6243682533263364 0.7811301327147017 -2.7924471396367783e-06 -1.0590511483677776 0.7811301327194914 -0.624368253319618 2.9503157174385506e-06 0.06801856014146598 5.610651648494172e-07 -4.023348076046001e-06 -0.9999999999917489 0.36503813337970903
1612893341592012 1606417118036621 0.6349682501120009 0.7725382329278726 -4.341522862978321e-06 -0.037111817424920604 0.772538232939379 -0.6349682500938765 4.907922106237984e-06 1.2091584757674936 1.0348282962505318e-06 -6.4703671123006756e-06 -0.9999999999785317 0.3650410452553872
1612893341842017 1606417118244019 0.6322013708213419 0.7748041213986373 1.4133906852068028e-05 -0.2839896514891388 0.7748041214140757 -0.6322013709357694 5.5822421197373995e-06 1.2378783390648376 1.3260619489543878e-05 7.4219081602937485e-06 -0.9999999998845356 0.3652078452358268
1612893342092018 1606417118451172 0.6378802421411304 0.7701355700246388 2.1754602942491086e-05 -0.4190744030865038 0.7701355702913387 -0.6378802421429518 -7.755591404705811e-06 1.2341689215505964 7.903974585321054e-06 2.170113206670996e-05 -0.999999999733294 0.36528159315184594
1612893342342646 1606417118658692 0.6439259762509677 0.7650877963858465 3.058027444535656e-05 -0.6088586367869431 0.7650877968505795 -0.643925974831449 -4.5300774974924515e-05 1.2595333099135744 -1.4967637067263129e-05 5.256694055302025e-05 -0.9999999985063432 0.3655401099099203
1612893342592647 1606417118865967 0.651848910685296 0.758348862712239 8.118611892565594e-06 -0.7667187043969728 0.7583488626539525 -0.6518489103851192 -2.33592589680193e-05 1.1306475720398725 -1.242235915616187e-05 2.1383447607727313e-05 -0.9999999996942166 0.36522750901754836
1612893342842657 1606417119073242 0.6611028349982022 0.7502953028866992 5.2878568614239865e-06 -0.87012347973244 0.7502953029050786 -0.6611028349873619 -3.83597949219614e-06 1.0398233960760994 6.176997671289382e-07 6.503431082832118e-06 -0.999999999978662 0.36498617238484016
1612893343092658 1606417119280518 0.6665704952772635 0.7454419996419565 3.0078068525336605e-07 -0.9895562540689876 0.7454419996411842 -0.6665704952758612 -1.7639776710403513e-06 1.002650646901591 -1.1144515120828379e-06 1.4000300253089935e-06 -0.999999999998399 0.3650249170351924
1612893343342660 1606417119488037 0.6738659737856141 0.738853604828538 -3.2103100484725373e-06 -1.0371235787835098 0.7388536048301707 -0.6738659737578592 6.730504801819671e-06 0.9396188032584959 2.80953902825542e-06 -6.9074073242679835e-06 -0.9999999999721971 0.36490476541234323
1612893343592663 1606417119695313 0.6761567102968097 0.7367578320545027 -5.604555696466022e-06 -1.0925012317466136 0.7367578320737787 -0.676156710293279 2.789654054916169e-06 0.852430543027943 -1.7342584686920136e-06 -6.015443613289879e-06 -0.9999999999804033 0.3649456846979326
