1638109091394316 1606417097502930 0.6038039847570302 0.7971328274671088 -5.805420054863906e-05 -4.836434773109889 0.7971328295749844 -0.6038039828654217 4.789674283849889e-05 -3.154096694463524 3.126708531974475e-06 -7.519715333465074e-05 -0.9999999971678059 0.36512867423939355
1638109091643730 1606417097502930 0.6034513681521324 0.797399803091554 1.7587951567542996e-05 -4.842540242840461 0.797399803285224 -0.6034513679861314 -1.4171037994274853e-05 -3.1565370887584407 -6.865094727285437e-07 2.257616138587943e-05 -0.9999999997449228 0.3646485711898583
1638109091893278 1606417097502930 0.6034895154761368 0.797370932874961 -1.0998081991172343e-05 -4.835614141193783 0.7973709329277681 -0.6034895155061483 7.218009667399215e-07 -3.1564471536723886 -6.061684062136487e-06 -9.20515021338471e-06 -0.9999999999392606 0.364910837341581
1638109092142502 1606417097502930 0.6033770098384796 0.7974560698718839 2.5046557107800854e-05 -4.840191071532361 0.7974560702629577 -0.6033770096139124 -1.6571037177136526e-05 -3.1589616439514963 1.8978425478445585e-06 2.9972111866599616e-05 -0.9999999995490354 0.3647443713498847
1638109092391826 1606417097502930 0.6033625000568236 0.7974670485525833 1.5739308469112196e-06 -4.841448670639951 0.7974670485541296 -0.6033625000553849 -1.3217163377614878e-06 -3.1608055357945286 -1.0437437619150551e-07 2.0526320610277287e-06 -0.9999999999978879 0.36499649105831783
1638109092641039 1606417097502930 0.6032534963602256 0.797549508797241 1.2284482388116424e-05 -4.835828701306614 0.7975495088910811 -0.6032534963094535 -7.904505698755573e-06 -3.1596443192985753 1.1064223136531525e-06 1.4565903595364495e-05 -0.9999999998933051 0.3650215732956783
1638109092890268 1606417097502930 0.6031251086417889 0.7976466030048373 -6.7185916584711e-06 -4.836346943541434 0.79764660284896 -0.6031251083001303 2.656944235454864e-05 -3.1565732743162207 1.7140874116160573e-05 -2.138375961889998e-05 -0.9999999996244626 0.3646176770770514
1638109093139126 1606417097502930 0.6032487408714301 0.7975531058212223 -6.035064152548771e-06 -4.837366528784719 0.797553105841876 -0.6032487408702029 2.226647397624812e-06 -3.1580788024121933 -1.8647753035473699e-06 -6.1565063977883095e-06 -0.99999999997931 0.36493066057577617
1638109093388459 1606417097502930 0.603076058004699 0.7976836836743706 9.521378646057079e-05 -4.833706692677255 0.7976836880167445 -0.6030760596143202 -1.4019115119069277e-05 -3.1559232537926354 4.623833576946278e-05 8.440507701644085e-05 -0.9999999953688996 0.36550747972841624
1638109093637853 1606417097502930 0.6030809740778467 0.7976799726133684 -1.1477649531708403e-06 -4.833066306339322 0.7976799725675178 -0.6030809740263672 1.168581197250287e-05 -3.1616164325877207 8.629342968260191e-06 -7.96303998360909e-06 -0.9999999999310623 0.36477961143467574
1638109093887253 1606417097502930 0.6030156441616945 0.7977293605629341 -1.4020508943910146e-05 -4.838908031502201 0.7977293606777037 -0.6030156441430238 5.99850929640772e-06 -3.1608134084425514 -3.669399246662671e-06 -1.480176658355163e-05 -0.9999999998837216 0.36487859133624123
1638109094136790 1606417097502930 0.603186192262851 0.7976004117505182 2.5363606230237415e-05 -4.838949891588818 0.7976004120635151 -0.6031861923680595 -4.135101377593412e-06 -3.1590190334205284 1.2000818505314255e-05 2.27242588351748e-05 -0.9999999996697942 0.3649465894097915
1638109094386051 1606417097502930 0.6031494445715966 0.7976282012720252 -7.279708012689736e-06 -4.8360126024331676 0.7976282013028274 -0.6031494445671189 3.0427011766081753e-06 -3.1529205072945725 -1.9638075779539827e-06 -7.641703932822995e-06 -0.9999999999688739 0.36495069044333334
1638109094635180 1606417097502930 0.6031637540552467 0.7976173805408648 7.587939628221385e-06 -4.83326610580297 0.7976173805740429 -0.6031637540514683 -3.0344809664916854e-06 -3.143636473770108 2.156415391874881e-06 7.882561461556638e-06 -0.9999999999666076 0.3650396193632238
1638109094884238 1606417097502930 0.603309980676119 0.7975067778593697 8.055688919787582e-05 -4.819757359989574 0.7975067819043221 -0.6033099783576695 -5.324608931941503e-05 -3.127322338006943 6.136657951778983e-06 9.636856258258102e-05 -0.9999999953377208 0.36589263457707466
1638109095133440 1606417097502930 0.6036328130748431 0.7972624580094311 -5.707646736780995e-06 -4.800427958497988 0.7972624580270082 -0.6036328130763682 1.645906636622184e-06 -3.1064425591329083 -2.1331032849970645e-06 -5.544015720026272e-06 -0.9999999999823569 0.36522262815515927
1638109095382439 1606417097502930 0.6037819473859383 0.7971495216818908 -9.881423300562428e-06 -4.797206456620978 0.7971495217385127 -0.6037819473782651 4.078758885034843e-06 -3.091578042503407 -2.7148443090151987e-06 -1.033965284064008e-05 -0.9999999999428606 0.3649516583589997
1638109095631470 1606417097502930 0.6037077929933741 0.7972056827930397 2.453239018378115e-06 -4.790160146914737 0.7972056827950801 -0.6037077929827835 -3.9436512541193576e-06 -3.083771511840549 -1.662861677289833e-06 4.336549081655924e-06 -0.9999999999892146 0.3650041220384599
1638109095880931 1606417097502930 0.6037303952542407 0.7971885659882025 1.0406598219862625e-05 -4.789967615185915 0.7971885660405602 -0.6037303952725904 -1.6318360498412418e-06 -3.0794432153799414 4.9818986162087764e-06 9.281210135592584e-06 -0.9999999999445199 0.36508418124539843
1638109096130372 1606417097502930 0.6035416442053281 0.7973314766591924 -6.547266538841697e-06 -4.788467334295501 0.7973314766856715 -0.6035416441764274 5.9604437202589065e-06 -3.0782573162037017 8.009013813024326e-07 -8.81771770076803e-06 -0.9999999999608032 0.3649988338735461
1638109096379705 1606417097502930 0.6034341170169889 0.7974128580114743 1.7388642822031868e-05 -4.787262031072743 0.7974128582007489 -0.6034341168927084 -1.2267646635829316e-05 -3.079482832889082 7.105211603224413e-07 2.126864388846898e-05 -0.99999999977357 0.3650493627104871
1638109096629270 1606417097502930 0.6035708985124096 0.7973093317353805 1.0339731592772672e-06 -4.78694328083131 0.7973093317360497 -0.6035708985119784 -7.23049856305436e-07 -3.0793806189972055 4.758171103989332e-08 1.2608083000930954e-06 -0.9999999999992041 0.3650022716827625
1638109096878528 1606417097502930 0.6036028400344576 0.7972851506874983 1.2515113359844012e-07 -4.792181087921464 0.7972851506874664 -0.603602840034368 -4.181198865293117e-07 -3.0822225855244336 -2.578191970628473e-07 3.52159491392931e-07 -0.9999999999999047 0.3650188002145796
1638109097127822 1606417097502930 0.6036392039358531 0.797257619264881 4.990653823163418e-07 -4.792942183530895 0.7972576192650109 -0.6036392039358759 -1.209011686921824e-07 -3.079774668355891 2.0486605217506136e-07 4.7086436378632114e-07 -0.9999999999998681 0.36500185326616136
1638109097376951 1606417097502930 0.6037426247597129 0.7971793041924167 -4.473563264791129e-06 -4.794077393175602 0.797179304204643 -0.6037426247550336 2.4838904145791408e-06 -3.0858466172578227 -7.207747951066717e-07 -5.065862569243834e-06 -0.9999999999869088 0.36497505646579914
1638109097626129 1606417097502930 0.6036605538571022 0.7972414534051129 -2.634208364498705e-05 -4.787967826001165 0.7972414534536282 -0.6036605542638867 -1.1199519906246446e-05 -3.0850835994149017 -2.4830398341038507e-05 -1.4240292662556362e-05 -0.9999999995903327 0.36488067991804146
1638109097875276 1606417097502930 0.6037599546303918 0.7971661789951606 1.5982127712704853e-05 -4.776132225258802 0.7971661791407442 -0.6037599546194241 -6.046784017847195e-06 -3.06176542052757 4.829076991817473e-06 1.639121772751493e-05 -0.999999999854004 0.3652153394474631
1638109098124308 1606417097502930 0.6040478046475631 0.7969480846986766 -1.9025104602381873e-07 -4.749021650667602 0.7969480846986964 -0.6040478046475231 2.301752485794867e-07 -3.0351791540133584 6.85169968177284e-08 -2.906570603286029e-07 -0.9999999999999554 0.3649942231846351
1638109098373735 1606417097502930 0.6043734027361348 0.7967011891199695 -7.296874641333385e-05 -4.7150960126303145 0.7967011923678636 -0.6043734015345735 4.002023450667513e-05 -2.999123653275575 -1.2216201055184887e-05 -8.232145258000487e-05 -0.9999999965369715 0.36468203468369015
1638109098623048 1606417097502930 0.6052499614509815 0.7960354792143465 -1.925718785968987e-07 -4.669043377976258 0.796035479214306 -0.6052499614508186 5.465986619912788e-07 -2.9612509649910668 3.185578057381518e-07 -4.841228667603804e-07 -0.999999999999832 0.3650100581800447
1638109098872281 1606417097502930 0.6061785306463662 0.7953286044069025 -2.1733616915186995e-07 -4.620228067233358 0.79532860440693 -0.606178530646321 2.4200788175261056e-07 -2.901970619979736 6.073127117685772e-08 -3.1955365426362873e-07 -0.9999999999999472 0.36500341565595334
1638109099121532 1606417097502930 0.6079418644767519 0.7939815422419173 3.7809089918792125e-07 -4.555709925077833 0.793981542241969 -0.6079418644768015 2.1246330293274464e-08 -2.836561535244248 2.4672648028669956e-07 2.872806615924549e-07 -0.9999999999999283 0.3650056115248128
1638109099370869 1606417097502930 0.6098845388876957 0.7924902833663474 -3.670646201732415e-07 -4.474708179409137 0.7924902833656399 -0.6098845388863652 1.696827572779284e-06 -2.7456714811537606 1.120852327357329e-06 -1.3257640466480534e-06 -0.999999999998493 0.3650096119941215
1638109099620188 1606417097502930 0.6136407807961536 0.7895853292380707 6.001964524733025e-07 -4.401581236554687 0.789585329238188 -0.6136407807954876 -9.961908185348215e-07 -2.650588814254637 -4.182726357094269e-07 1.0852096252389693e-06 -0.9999999999993237 0.3650047902913734
1638109099869074 1606417097502930 0.6182415020556158 0.7859881965654384 5.398415029769937e-07 -4.309289539516372 0.7859881965655214 -0.61824150205574 8.575664129222242e-08 -2.5751212324876724 4.011561295044126e-07 3.712907346315303e-07 -0.9999999999998506 0.3650065803814508
1638109100118051 1606417097502930 0.6293721683924945 0.7771040301373734 1.283522118395111e-06 -4.158010902181207 0.7771040301384273 -0.6293721683918386 -9.138830306226311e-07 -2.4388173111424933 9.763091266199394e-08 1.572602755613211e-06 -0.9999999999987587 0.36500885692927276
1638109100367294 1606417097502930 0.6415499431222069 0.7670812671965794 -6.699787506258496e-07 -4.02456244930003 0.7670812671967355 -0.6415499431223691 -3.630510266993166e-08 -2.322928539824872 -4.576737935179419e-07 -4.906366124709253e-07 -0.999999999999775 0.36499057701175763
1638109100616471 1606417097502930 0.6540907913448905 0.7564160473457437 3.4984980828141205e-07 -3.8695984386852342 0.7564160473458245 -0.6540907913448116 -3.2134706948862124e-07 -2.1736136930986216 -1.4238542178068357e-08 4.7482216812203377e-07 -0.9999999999998872 0.36499905613384476
1638109100865842 1606417097502930 0.6676867030184659 0.7444423863647058 -6.470263285290677e-07 -3.737480010813183 0.7444423863649846 -0.6676867030181405 6.620355119939122e-07 -2.0371780660512706 6.083642034528862e-08 -9.237061323334484e-07 -0.9999999999995716 0.3649969834802307
1638109101115173 1606417097502930 0.6801020414216716 0.7331174601400915 5.381711591221004e-05 -3.567640850313013 0.7331174620604952 -0.6801020404367619 -3.768550349638498e-05 -1.865261382297349 8.973229734923871e-06 6.50842552927248e-05 -0.9999999978417604 0.3653244261350786
1638109101364247 1606417097502930 0.6937070219613958 0.7202572926988319 -2.579199212710424e-07 -3.380300773101758 0.7202572926987785 -0.6937070219614437 -2.7751027598485574e-07 -1.7140235914138329 -3.787996605655769e-07 6.742122889361124e-09 -0.9999999999999283 0.36499636700950294
1638109101613257 1606417097502930 0.7058834769327974 0.7083279727591081 -2.1685793976582373e-06 -3.159775899923136 0.7083279727622288 -0.7058834769315855 1.4116868705513532e-06 -1.517057257261924 -5.30827066031728e-07 -2.5325518850367082e-06 -0.9999999999966522 0.36498423888674597
1638109101862467 1606417097502930 0.7191956013714136 0.6948076618379734 4.8708097268918655e-06 -2.9333289774215947 0.6948076618544711 -0.719195601362167 -3.754950381987509e-06 -1.3221028608590448 8.940966354243576e-07 6.08481971575949e-06 -0.9999999999810878 0.365026519241903
1638109102111597 1606417097502930 0.7327379526414978 0.6805109055998448 -1.1085611111788225e-05 -2.660542057242554 0.6805109056872437 -0.7327379525886695 9.019863818895321e-06 -1.0838467256106006 -1.984732293457762e-06 -1.4153075805510452e-05 -0.9999999998978757 0.3649329729191605
1638109102360579 1606417097502930 0.7461254432977305 0.6658053941417106 1.7951887193761747e-07 -2.3667333937794184 0.6658053941416493 -0.7461254432977442 3.057661168063327e-07 -0.8438258825369582 3.3752432781943285e-07 -1.0861524616101848e-07 -0.9999999999999372 0.36500421806486666
1638109102609660 1606417097502930 0.757359043600237 0.6529986822966708 4.599708375980904e-07 -2.060640259272168 0.6529986822968192 -0.757359043600177 -3.295205948798004e-07 -0.6039948200460394 1.3318655940084032e-07 5.49925753430036e-07 -0.9999999999998399 0.36500500690834453
1638109102858605 1606417097502930 0.7687453709555822 0.6395549660652532 4.483643049327918e-06 -1.7275924377361465 0.6395549660787301 -0.7687453709525516 -2.742988937108747e-06 -0.33336204457561697 1.692487642580692e-06 4.9761962262956615e-06 -0.9999999999861865 0.3650242076182055
1638109103107777 1606417097502930 0.779368892023839 0.6265653438781598 9.180331986070911e-07 -1.3409427600792074 0.6265653438787097 -0.7793688920237668 -5.1602211221425e-07 -0.09963853672528725 3.921649446503112e-07 9.773793686313628e-07 -0.9999999999994454 0.3650034594189318
1638109103356836 1606417097502930 0.7911238425947322 0.6116560026955009 7.012318001670495e-06 -0.9511927942538528 0.6116560027343713 -0.7911238425648986 -6.9875786551772205e-06 0.14967182904927812 1.2736175340196258e-06 9.817166474898861e-06 -0.9999999999510005 0.36503404329309536
1638109103605985 1606417097502930 0.8026130691417677 0.5965000094098836 -4.615905622489348e-06 -0.5436982870013581 0.5965000094263572 -0.802613069132554 4.055064406242851e-06 0.40694193974821735 -1.285940222007973e-06 -6.008035435974772e-06 -0.999999999981125 0.3649714571679797
1638109103855127 1606417097502930 0.8140271227546809 0.5808268618307709 -1.4057575510635829e-07 -0.09344614417516953 0.5808268618307442 -0.8140271227546898 -1.914630801322591e-07 0.6909464995187516 -2.256393774474664e-07 7.420596554573272e-08 -0.9999999999999718 0.36499218552965584
1638109104104130 1606417104969727 0.8074599957518992 0.5899223296065992 -1.721428261265169e-05 -0.4661728607461115 0.5899223298554112 -0.8074599954872627 2.0739794975712293e-05 0.21831123695168034 -1.6649763930890532e-06 -2.690164446856882e-05 -0.9999999996367647 0.36539128897339035
1638109104353491 1606417104969727 0.8157132376279824 0.5784564905509977 -5.002363245379297e-05 -0.0055709990514044875 0.5784564927084307 -0.8157132349483122 6.616711092872144e-05 0.5469542348628923 -2.530144275016439e-06 -8.29098832617288e-05 -0.9999999965597748 0.3659314290186453
1638109104602603 1606417105591919 0.8099734150319432 0.5864665948316542 9.618802361989475e-06 -0.44239413627961505 0.5864665944667401 -0.8099734136720124 -5.218770968650355e-05 -0.04170663752778788 -2.2815374207278707e-05 4.791176370145052e-05 -0.9999999985919608 0.3654284701973787
1638109104851654 1606417105591919 0.8164031579469353 0.5774823615704139 7.59854914449437e-05 0.02223778913774426 0.5774823664214283 -0.8164031536501275 -8.477558219440552e-05 0.33097735579722526 1.3078391438145543e-05 0.00011309133443337144 -0.9999999935196529 0.36494860746116503
1638109105100670 1606417106006592 0.8117700645541541 0.5839771910972895 5.0757561569978414e-05 -0.26920530878769894 0.5839771933031153 -0.8117700614636983 -7.083435057803221e-05 -0.12490800587542625 -1.6217620835075756e-07 8.714246368573228e-05 -0.9999999962030823 0.36495545271719965
1638109105349907 1606417106006592 0.8151818934696325 0.579205040511381 4.0124054721007176e-05 0.17328162643942782 0.579205041714759 -0.815181889493755 -8.18416861225602e-05 0.24180092109568732 -1.4694714384482968e-05 8.995591544638135e-05 -0.9999999958459993 0.36527047477103775
1638109105598977 1606417106421387 0.8049356622668894 0.5933620977070416 2.4902389345321733e-05 -0.2740097826417837 0.5933620977857583 -0.8049356625791738 4.8965571065435706e-06 -0.33828542231457187 2.2950252663710885e-05 1.0834720544410321e-05 -0.9999999996779474 0.3657736444294931
1638109105848218 1606417106421387 0.8002672672804205 0.5996434776430578 -2.5379780027290906e-05 0.14191328709351184 0.5996434781800476 -0.8002672665887728 3.327363092764085e-05 0.03224092356930916 -3.5829142580147263e-07 -4.1846617265876215e-05 -0.9999999991243661 0.36613626598628773
1638109106097341 1606417106732422 0.7936568961871829 0.608365622881699 5.895346601707191e-06 -0.2742870460437673 0.6083656229102073 -0.7936568961540038 -7.261810301235998e-06 -0.40960526978096984 2.6104673850222664e-07 9.349912031977365e-06 -0.9999999999562555 0.36467304584021404
1638109106346514 1606417106732422 0.7891150854873118 0.6142453759325559 2.5082398409437985e-06 0.13976812855564266 0.614245375919439 -0.7891150854258348 -1.0928421232436098e-05 -0.06513864581953663 -4.7334423119016235e-06 1.0164456779049106e-05 -0.9999999999371392 0.36433427104363814
1638109106595554 1606417107043579 0.782787377362306 0.6222892532486921 8.448605551909237e-05 -0.28938493541899973 0.622289258726747 -0.7827873737274077 -7.752889326457036e-05 -0.5845864837077651 1.7889220421531323e-05 0.00011326340388984507 -0.9999999934256886 0.3641571872145366
1638109106844826 1606417107043579 0.7807841584809474 0.6248008329709154 0.00013033999698464275 0.11970399771296021 0.6248008455288402 -0.7807841522158808 -0.0001052589213813745 -0.22760634367095595 3.600154228869145e-05 0.00016362103867523464 -0.9999999859660222 0.3638350568933504
1638109107094045 1606417107043579 0.7766583718997965 0.6299220153714058 0.0001670713904052853 0.5422711974085433 0.6299220364502035 -0.7766583587644554 -0.0001475133778181715 0.12732297290971306 3.6835467619115944e-05 0.00021980945032587412 -0.9999999751634766 0.3634224641367786
1638109107343071 1606417107354736 0.7693371202401283 0.6388430130664218 -9.01705675057532e-06 0.06984737852987664 0.6388430129814858 -0.7693371202889817 -1.0707924148544998e-05 -0.4399540159332584 -1.3777839000682358e-05 2.4775198254232334e-06 -0.9999999999020165 0.36418677013906653
1638109107592050 1606417107354736 0.7586320444326673 0.6515193149280805 -5.865170026777398e-05 0.48966337082561046 0.6515193172488501 -0.7586320438050282 3.699004785582731e-05 -0.02893425975027188 -2.039532860855028e-05 -6.627455134232478e-05 -0.9999999975958572 0.36416819571634035
1638109107841252 1606417107665772 0.7547682248690945 0.6559915593679768 2.7755933649414438e-05 -0.022290000420544846 0.6559915599517466 -0.7547682243263005 -2.8703014868252594e-05 -0.5785372858528123 2.1203612730951477e-06 3.987178179300976e-05 -0.9999999992028725 0.3647290858484084
1638109108090577 1606417107665772 0.7473683985379465 0.664409870141854 3.64606050854084e-05 0.45844036638950564 0.6644098708994963 -0.7473683986230266 -1.3979740894439793e-05 -0.1462378607679742 1.7961226203176612e-05 3.467280248188921e-05 -0.9999999992375955 0.3645589802777667
1638109108339766 1606417107976807 0.739717798219196 0.6729172140446114 4.521779601541854e-05 -0.09707155239417532 0.6729172155626267 -0.7397177964194476 -5.1616506755639826e-05 -0.6716406519131531 -1.2852274972475821e-06 6.860948211746924e-05 -0.9999999976455436 0.3648875225015098
1638109108588864 1606417107976807 0.7256905195631359 0.6880212682760308 6.496532642050934e-05 0.3712168251725483 0.6880212713209437 -0.7256905170633804 -6.048687335806492e-05 -0.15200379640335004 5.528465999410787e-06 8.859227702938487e-05 -0.9999999960604222 0.36473343948444986
1638109108837959 1606417108287964 0.7198549807037448 0.6941244892216877 1.4940152718287898e-05 -0.16176952331072758 0.6941244879819093 -0.7198549777172165 -7.901938850109083e-05 -0.6496892773536477 -4.4094549379716376e-05 6.72528262404774e-05 -0.9999999967663641 0.36495685293669455
1638109109086998 1606417108287964 0.7084807598617634 0.7057301275281442 -3.045244278142198e-06 0.35242884161308985 0.705730124877588 -0.7084807575621276 -8.371931606535611e-05 -0.08964018413083949 -6.12407405763761e-05 5.716440403626676e-05 -0.9999999964909013 0.3653131741989743
1638109109336117 1606417108495361 0.7040450334467269 0.710155328639937 9.368354788407972e-06 0.18833874223052158 0.7101553270953646 -0.7040450309056202 -7.654832362967818e-05 -0.2456682912959314 -4.776545628742423e-05 6.054645412911972e-05 -0.999999997026294 0.36513699134775757
1638109109585232 1606417108702881 0.7026733006687192 0.7115126366808179 -1.937275962890034e-05 0.05217345456958769 0.7115126349519897 -0.7026733004781418 -5.570724821484377e-05 -0.3583022073858589 -5.324913200726652e-05 2.53600327243888e-05 -0.9999999982606993 0.36552961172032633
1638109109834578 1606417108910401 0.6992288284188871 0.7148979264659542 -1.571926129093468e-05 -0.12019874974321453 0.7148979260481771 -0.6992288285659765 -2.5273166627330444e-05 -0.5313140156590387 -2.905909507542494e-05 6.434059395350706e-06 -0.999999999557086 0.3650842677817108
1638109110083533 1606417108910401 0.69286734873485 0.7210650709749598 -2.194268788105858e-05 0.4969054568802277 0.7210650704515128 -0.6928673490741784 -2.7679258176713712e-05 0.1197050633538943 -3.5161918245358945e-05 3.3559484449886724e-06 -0.9999999993761886 0.3649739712783494
1638109110332912 1606417109117676 0.6889472699651138 0.7248114641935393 -2.420123939924039e-05 0.34167901934826167 0.7248114645862488 -0.6889472697569694 1.741322134792996e-05 -0.06284522657752273 -4.0520753473133244e-06 -2.9538127082654456e-05 -0.9999999995555399 0.36501584180970553
1638109110582010 1606417109325195 0.6850507432193063 0.7284953529067277 -3.5276131878255916e-06 0.18080813956946323 0.7284953529150128 -0.6850507432150935 2.4788926703407846e-06 -0.19911512228243258 -6.107322453961641e-07 -4.2680170803809655e-06 -0.9999999999907055 0.3649805657779139
1638109110831214 1606417109532715 0.6826284907983605 0.7307655872717271 -3.771734719907888e-06 0.02330697478490464 0.7307655872804748 -0.6826284907968256 1.8805832997530444e-06 -0.36764138499373866 -1.20042802007666e-06 -4.0399936773816266e-06 -0.9999999999911187 0.36499603357108074
1638109111080251 1606417109739990 0.6787379410619817 0.7343805603115572 1.972583289401969e-06 -0.1693283510975231 0.7343805602698353 -0.678737940988997 -1.2815829667240983e-05 -0.5389440465317422 -8.07282905158969e-06 1.0147216662571642e-05 -0.9999999999159317 0.36493235985979877
1638109111329265 1606417109739990 0.6749216853726713 0.7378893674159961 8.52055856715103e-06 0.4977941304963176 0.7378893674647733 -0.6749216853150144 -8.856831716736066e-06 0.1824708287392291 -7.846522048036041e-07 1.226489736085588e-05 -0.9999999999244783 0.36499764576474014
1638109111578283 1606417109947388 0.6746036873161807 0.7381801034055832 2.9004134726847458e-08 0.3438180828857091 0.738180103403406 -0.6746036873140946 -2.455610219273213e-06 0.03292605755535346 -1.79311630934883e-06 1.6779739837010358e-06 -0.9999999999969845 0.364994014752653
1638109111827384 1606417110154785 0.6795728704441633 0.7336080109132995 9.19667138845311e-06 0.19596072768076192 0.7336080109698809 -0.6795728703684225 -1.0222735822285918e-05 -0.08994777286464971 -1.2496725193898569e-06 1.3693845731339376e-05 -0.9999999999054584 0.3648579204949824
1638109112076392 1606417110362061 0.6831288279232481 0.7302978873751316 1.2652844140213913e-05 0.07307397667546947 0.73029788747343 -0.6831288277137123 -1.7401160258598213e-05 -0.2619518071098833 -4.064507989972436e-06 2.112757955804246e-05 -0.9999999997685526 0.36475356351402527
1638109112325547 1606417110569336 0.6835634985862773 0.7298910489476178 8.432109325315543e-06 -0.0413113899832927 0.7298910489962044 -0.6835634985339387 -8.469244002417924e-06 -0.413072487519278 -4.1774323828398397e-07 1.1943787181352207e-05 -0.9999999999285857 0.3648156332492936
1638109112574767 1606417110776978 0.682967614587061 0.7304486548882725 1.2800827442596504e-06 -0.1723546324672124 0.7304486548462479 -0.682967614526623 -1.20659345900343e-05 -0.5174409699494622 -7.939290632998597e-06 9.175677283335453e-06 -0.9999999999263873 0.3648593682991494
1638109112823808 1606417110776978 0.6759252885466845 0.7369701515234672 8.427617500050348e-06 0.6522934061803767 0.7369701513891438 -0.6759252880805956 -2.998486879985517e-05 0.3092471471645641 -1.6401513516248988e-05 2.647843364037958e-05 -0.9999999995149415 0.36468133522677676
1638109113073365 1606417110984375 0.6768103806095614 0.7361573939144713 9.415952323540316e-06 0.5179146410406195 0.7361573939128085 -0.6768103803314607 -2.162293791842157e-05 0.20744293076125198 -9.545071353499993e-06 2.1566251766120406e-05 -0.9999999997218942 0.364870971862206
1638109113322474 1606417111192017 0.675035841259138 0.7377849367861063 -8.459011450618807e-06 0.43257000626015596 0.7377849363661492 -0.6750358411947359 -2.789585119913194e-05 0.11738461474241609 -2.629127472373171e-05 1.2589768157002626e-05 -0.9999999995751333 0.36490327329677663
1638109113571873 1606417111399414 0.6741308992544199 0.7386118943348076 -1.4901000779355535e-05 0.3177684061995639 0.7386118943482723 -0.6741308993806817 -5.649393344548213e-06 0.020037379805681797 -1.4217934177086669e-05 -7.197625797706547e-06 -0.9999999998730222 0.3650387757912847
1638109113821521 1606417111606934 0.6757838309137887 0.7370998668482608 -1.312348712213328e-05 0.19246255529592993 0.7370998666009085 -0.675783831032466 -1.9402891277236115e-05 -0.12990257963086882 -2.317050898077073e-05 3.438839591063559e-06 -0.9999999997256509 0.3650375187113154
1638109114071080 1606417111814331 0.6743534276167523 0.7384087312529385 -1.6596054755610106e-05 0.13046461615433108 0.7384087314149076 -0.6743534276072338 7.00485088771723e-06 -0.1658456713758667 -6.0191633525741765e-06 -1.6978416944620884e-05 -0.9999999998377516 0.3652012489720774
1638109114320301 1606417112021729 0.6770173240687459 0.7359670800483326 -6.258145042672546e-07 -0.015573633736186998 0.7359670800481588 -0.6770173240671667 1.6690788532198826e-06 -0.2333319415914906 8.046998289314218e-07 -1.5905741722204623e-06 -0.9999999999984113 0.3650107160027907
1638109114569774 1606417112229004 0.6780113046923009 0.7350514748524034 -5.587143803645017e-06 -0.13802381544566145 0.7350514748651203 -0.6780113047014495 3.396283910554958e-07 -0.33859511949024557 -3.538502310108939e-06 -4.337110181673226e-06 -0.9999999999843342 0.3649862463414049
1638109114819626 1606417112436279 0.6768789929781477 0.7360943068742745 -1.6019862190580965e-05 -0.25588768801955203 0.7360943070304533 -0.6768789929539696 7.709896529027654e-06 -0.452664565697933 -5.168297245203552e-06 -1.701079635639495e-05 -0.9999999998419608 0.36495392011953687
1638109115068659 1606417112643555 0.6824555533318464 0.730927094394969 -2.025628200875619e-05 -0.42910856160911415 0.7309270946350098 -0.6824555533240776 8.367558956479046e-06 -0.5640750587710331 -7.707936591320612e-06 -2.051635243440201e-05 -0.9999999997598334 0.3648749558194121
1638109115317450 1606417112643555 0.6843339752388619 0.7291687118107625 -7.380761069150885e-06 0.5411999302390521 0.7291687118464639 -0.684333975180697 9.056450692910295e-06 0.3557065511875491 1.5527749230123628e-06 -1.1579456945447513e-05 -0.9999999999317525 0.36502780675523355
1638109115566517 1606417112851074 0.6869032366971286 0.7267488860806166 2.390943689559414e-07 0.43227312545314306 0.726748886080176 -0.6869032366962595 -1.375434733623968e-06 0.22007234507087464 -8.35360964624257e-07 1.118552136696232e-06 -0.9999999999990256 0.3650091131259995
1638109115815909 1606417113058594 0.6879858539454484 0.7257240966444487 -1.8028223592676286e-05 0.33865542771462415 0.7257240968263444 -0.6879858539606791 6.3283235337473945e-06 0.05615996064034076 -7.810545923981173e-06 -1.743731335454783e-05 -0.9999999998174678 0.36514877054182027
1638109116065629 1606417113266113 0.6898623553702187 0.7239405572553512 1.4433682376867504e-05 0.25758244195155405 0.7239405572656962 -0.6898623554888034 5.453335204569958e-06 -0.07647985550567561 1.3905144649748635e-05 6.687077394442546e-06 -0.999999999880965 0.36492096214420683
1638109116314899 1606417113473633 0.6893534440043634 0.7244251715658668 6.749322621900245e-06 0.15033010937559316 0.7244251715574644 -0.6893534440342455 4.065544107163436e-06 -0.1708586726668433 7.597851281628663e-06 2.086782366237412e-06 -0.999999999968959 0.3650687840414052
1638109116563831 1606417113681030 0.688873362806232 0.7248817063018725 4.346705641886755e-05 0.04747825382821648 0.7248817074809017 -0.6888733625597611 -2.2795750053208976e-05 -0.3254294145959892 1.3419075120808874e-05 4.721185907281644e-05 -0.9999999987954844 0.36513990091441445
1638109116813198 1606417113888428 0.6904203095397956 0.7234084570388566 -2.1542963684332317e-05 -0.033223369605064154 0.7234084573452174 -0.6904203094078739 1.4248312316552843e-05 -0.4794849301399319 -4.566350024163702e-06 -2.5421686325484244e-05 -0.9999999996664432 0.36494234481965454
1638109117062358 1606417114095703 0.6891922095403008 0.7245785650649583 -3.69029777353986e-05 -0.12213052647994439 0.7245785660014462 -0.6891922084907913 3.809644566716061e-05 -0.6285256955931927 2.17062321023543e-06 -5.2994880253562526e-05 -0.9999999985934155 0.3648139638926247
1638109117311927 1606417114302979 0.6889589061220831 0.7248004037405211 -2.0423172824124322e-05 -0.23249878272090216 0.7248004040219297 -0.6889589059603202 1.5233909132137725e-05 -0.7491194284477657 -3.02918331562054e-06 -2.529826128591935e-05 -0.999999999675411 0.36491086359142516
1638109117561185 1606417114302979 0.6875011450096402 0.7261832902413561 -6.77431731310635e-05 0.7856588406009091 0.726183293286593 -0.6875011435665519 4.6374421821191e-05 0.259620898789028 -1.2897178775252155e-05 -8.107642866304723e-05 -0.9999999966301377 0.364634850249415
1638109117810939 1606417114510376 0.6876217621687888 0.726069081837462 2.4414347491899035e-05 0.6800098480276918 0.726069082242136 -0.6876217619089294 -1.9125579012775057e-05 0.16026883849882723 2.9013450448147927e-06 3.087766722017755e-05 -0.9999999995190759 0.3651224668332161
1638109118060237 1606417114717529 0.6855521307190492 0.7280235408704759 3.0744001016382728e-06 0.5865027366392336 0.7280235408764272 -0.6855521307072824 -4.11342716108093e-06 0.0573537424837693 -8.870102665960966e-07 5.058204402890898e-06 -0.9999999999868139 0.36496859241125357
1638109118309454 1606417114924927 0.6845090895045547 0.7290043253512085 3.056229250284951e-06 0.4871793666212931 0.7290043253568482 -0.6845090895038994 -1.4194541367666542e-06 -0.05668280629206521 1.0572284960848063e-06 3.199633601484323e-06 -0.9999999999943223 0.36499872717609144
1638109118559313 1606417115132446 0.68571237458942 0.7278726107748738 -4.2698638333607e-05 0.3723622676983454 0.7278726119884378 -0.6857123739789557 2.989547919302582e-05 -0.15256347382212201 -7.51888416679594e-06 -5.1578869439055344e-05 -0.9999999986415433 0.3650572520689715
1638109118808819 1606417115339844 0.687897166806732 0.7258081619144435 1.4538990848369152e-06 0.28857710459795555 0.725808161813591 -0.6878971666747534 -1.8168334313206485e-05 -0.2259192526894357 -1.218659227179796e-05 1.3553197521849964e-05 -0.9999999998338989 0.3647393042373435
1638109119058321 1606417115547363 0.6876162259352135 0.7260743252359972 8.256533721225898e-06 0.2157434178353683 0.7260743252822708 -0.6876162258746603 -9.178735341348931e-06 -0.3193727991156216 -9.871175132913577e-07 1.2306304505058445e-05 -0.9999999999237902 0.36507981911836446
1638109119307603 1606417115754761 0.6871057352111066 0.7265574342486063 5.815971355298147e-05 0.12159682204803642 0.7265574365731546 -0.6871057332459167 -5.201252870241642e-05 -0.3945647276616892 2.171783223380113e-06 7.799447916497163e-05 -0.9999999969560723 0.3655397006838443
1638109119556838 1606417115962158 0.6854054330453558 0.7281616526264062 8.687893912102192e-07 0.0725016100039226 0.7281616526093212 -0.685405433020002 -7.771203591789964e-06 -0.4839457402055656 -5.063219481397e-06 5.959044281974298e-06 -0.9999999999694268 0.36508577749031185
1638109119806287 1606417116169678 0.6826050563219143 0.7307874772507706 1.3478729279483283e-05 0.04890314494943548 0.7307874773683958 -0.682605056120731 -1.686463070540569e-05 -0.5429124778564116 -3.123812171703682e-06 2.1361968760749284e-05 -0.9999999997669541 0.3650951582712699
1638109120055798 1606417116377197 0.6844739585895109 0.7290373102957751 1.462778378366946e-05 0.004394829702606523 0.7290373104422324 -0.6844739584334802 -1.4629570997368042e-05 -0.5907694676479573 -6.531660211831469e-07 2.0677760520365527e-05 -0.9999999997860018 0.3649719970327037
1638109120305156 1606417116584717 0.6849301864005762 0.728608701292577 -1.2746834393585686e-05 0.02307870250172309 0.7286087014037423 -0.6849301863122489 1.1022074939922258e-05 -0.597872126194011 -6.999119485621499e-07 -1.6836806297603512e-05 -0.999999999858016 0.3648794168676017
1638109120554549 1606417116791992 0.6863231800142741 0.727296701887185 1.8929535760212445e-06 0.03971661192030656 0.7272967018896325 -0.6863231800124796 -1.576824403847629e-06 -0.5942306369821669 1.523587295369698e-07 2.458950031837762e-06 -0.9999999999969652 0.36503526471474296
1638109120803799 1606417116999512 0.6903962443770666 0.7234314243576315 -2.5290109377431427e-06 0.06738822584617275 0.7234314243620487 -0.6903962443725048 2.510777867312137e-06 -0.5974491470219657 7.035595540023683e-08 -3.562997594968127e-06 -0.9999999999936501 0.36491815931217814
1638109121053070 1606417117206787 0.692611655964466 0.7213106778527101 6.503048573365007e-06 0.12383507776901184 0.721310677881628 -0.6926116559453902 -5.1957942521958825e-06 -0.5603315842451514 7.56305367055322e-07 8.289386035796604e-06 -0.999999999965357 0.36517936031407294
1638109121302805 1606417117414307 0.695309502197405 0.7187104395928379 -1.3369081538107179e-05 0.18721781594107906 0.7187104397063978 -0.6953095021685731 7.456092098075504e-06 -0.5256958327342749 -3.936878199250981e-06 -1.4792790155741566e-05 -0.9999999998828372 0.3648594119621641
1638109121552191 1606417117621826 0.6987527639936939 0.7153632462039758 -2.82161090473372e-05 0.3362580872532708 0.7153632467562819 -0.6987527635805804 2.4151154861617094e-05 -0.4906884182926104 -2.4392356329312284e-06 -3.7060453592044365e-05 -0.9999999993102865 0.36461017605194856
1638109121801491 1606417117829102 0.702060156410823 0.7121176424974651 -5.35993588302025e-06 0.4856260873116485 0.7121176425169025 -0.7020601564010196 3.848466229373781e-06 -0.4179462263245981 -1.0224367258375793e-06 -6.518759707979506e-06 -0.9999999999782302 0.3649721072830177
1638109122051360 1606417118036621 0.7026753224387515 0.7115106402857853 -4.1735335045659337e-07 0.6649922157631274 0.7115106402857867 -0.7026753224381692 9.95155646801377e-07 -0.3109188835914681 4.1479993133600066e-07 -9.962226645994661e-07 -0.9999999999994177 0.36500477083020466
1638109122300844 1606417118244019 0.6989771787750603 0.7151439739810767 5.888645423070214e-06 0.8097534047583153 0.7151439739995982 -0.6989771787787121 -1.7550165940762143e-06 -0.19992182724562657 2.8609392231490135e-06 5.437945836947641e-06 -0.9999999999811219 0.36514196998948184
1638109122550675 1606417118451172 0.6958617572434678 0.7181757546981498 1.3200073294736366e-05 0.9958124235890656 0.7181757547120793 -0.6958617567040475 -3.0082520944693976e-05 -0.03208459816918775 -1.2419110991153459e-05 3.0413248487522268e-05 -0.9999999994604 0.36520622087566446
1638109122800312 1606417118865967 0.6594886866423939 0.7517144883704662 1.3003243997644325e-05 0.11663867860293527 0.7517144875742993 -0.6594886848960568 -6.0575935253452356e-05 -0.9614539136850399 -3.696031589313999e-05 4.9723870880815675e-05 -0.9999999980807358 0.3657570629597612
1638109123049233 1606417119073242 0.650850589873837 0.7592058414139087 5.323812092564259e-06 0.3295342311038203 0.7592058414301797 -0.6508505898733963 -2.0519948788348486e-06 -0.7414629111690849 1.9071197422534663e-06 5.377411316647161e-06 -0.9999999999837231 0.36490727536902284
1638109123298540 1606417119280518 0.6409977875708807 0.7675427260624632 1.5180118929509233e-06 0.4874621697718063 0.7675427260627022 -0.6409977875721596 5.458182894763178e-07 -0.47186515809271806 1.391981122726062e-06 8.152706705392941e-07 -0.9999999999986988 0.3649449111220525
1638109123548028 1606417119488037 0.630183999451996 0.7764458299344705 4.06491806123836e-06 0.5901603913750385 0.776445829944636 -0.6301839994371833 -4.405366606966832e-06 -0.08692954954154028 -8.588822100944145e-07 5.932380225132541e-06 -0.9999999999820346 0.36504853221267175
1638109123797394 1606417119695313 0.6329689385660824 0.7741771906394701 1.7566171564545564e-05 0.7355132371231304 0.774177190802073 -0.6329689381522543 -2.4097390759295265e-05 0.2549724549729334 -7.536809317145143e-06 2.885222920604597e-05 -0.9999999995553727 0.365391413178185
1638109124047140 1606417120110352 0.6055496594885057 0.7958075206296117 2.6777922395506857e-06 -0.21781478279400626 0.7958075206276853 -0.6055496594666557 -6.057990025385771e-06 -0.4523233701356363 -3.1994578433116595e-06 5.799420999957054e-06 -0.9999999999780651 0.36509150900873505
1638109124296459 1606417120317871 0.6191583733647813 0.7852661387638222 -2.7751178812001817e-06 -0.08951076729986068 0.7852661387488233 -0.6191583733200613 9.307801637122071e-06 -0.06075756616836242 5.590863978854622e-06 -7.942209424367702e-06 -0.9999999999528317 0.3646991981002158
1638109124545901 1606417120525147 0.6323557144062439 0.7746781592247505 -9.0767147408545e-06 0.009764816259706936 0.774678159273494 -0.6323557143988514 4.026791991871042e-06 0.271252969294079 -2.620244626498172e-06 -9.577897594459317e-06 -0.9999999999506991 0.36466544134148593
1638109124795234 1606417120732544 0.6396732890882176 0.7686469171413479 -7.930474722139782e-07 0.13561859642752958 0.7686469171360105 -0.6396732890870844 -3.206842977755436e-06 0.5931068041789056 -2.972221253554776e-06 1.4417583005072684e-06 -0.9999999999945436 0.36494840281757124
1638109125045368 1606417120939819 0.6452870732616887 0.7639401760702105 -2.1717399053870845e-05 0.21293679029666945 0.7639401762445861 -0.6452870734205746 -4.0782585793715167e-07 0.9400393425553507 -1.4325511435465554e-05 -1.6327628906482964e-05 -0.9999999997640941 0.3646860574559183
1638109125294789 1606417121354492 0.6058563989473589 0.7955740213587311 -1.9952483129424608e-05 -0.7734451090114296 0.7955740215896319 -0.6058563989168066 8.229516666773972e-06 0.24193774326429718 -5.541149909805073e-06 -2.0859582576737995e-05 -0.9999999997670868 0.364662357397965
1638109125544256 1606417121562012 0.6095094117816254 0.7927788323020238 2.814671106164379e-06 -0.7617283328617069 0.7927788322871192 -0.6095094117373266 -9.249635299568426e-06 0.5381175533644783 -5.617346541846585e-06 7.869151443434233e-06 -0.9999999999532609 0.3650165795097488
1638109125793982 1606417121769409 0.6106778892576333 0.7918791041414757 6.334769036673786e-07 -0.7197826581758106 0.7918791041353931 -0.6106778892493517 -4.488811944666748e-06 0.7944094319750482 -3.167746042975378e-06 3.2428553266028882e-06 -0.9999999999897247 0.3650345804965144
1638109126043417 1606417121976807 0.6159676791200555 0.7877714251100914 -7.995873139070967e-06 -0.6993126855215953 0.7877714251394589 -0.6159676791337118 9.168999058128486e-07 1.0584291370407082 -4.202891874626249e-06 -6.863701084953865e-06 -0.9999999999676127 0.3649575329398248
1638109126292901 1606417122184326 0.6203240281379976 0.7843456509067199 4.777891583188615e-06 -0.7185000885151854 0.7843456509141187 -0.6203240281468476 4.922443590685311e-07 1.2623600494538187 3.3499306751437642e-06 3.4421674801598834e-06 -0.9999999999884647 0.36505499009388265
1638109126541740 1606417122391602 0.6251082281386996 0.7805380856219392 3.3763096081556295e-06 -0.7280766854389569 0.7805380856270286 -0.6251082281413795 -3.227714911221556e-07 1.4990428430862242 1.858623475032901e-06 2.8371053529366624e-06 -0.9999999999942482 0.36508267916429343
