1625007198553314 1606417097502930 0.9996927076355099 -0.023337977754769684 -0.008356380745667722 -3.5075259707709 0.02324938312523092 0.9996740634769087 -0.010546705662298211 -2.79364147139958 0.008599795878095482 0.010349184042658208 0.9999094648519469 -0.0766814765217411
1625007198657012 1606417097502930 0.9996914414545883 -0.023461733370871943 -0.00815897996976026 -3.511498479093142 0.023371925509610234 0.9996670482203406 -0.010933700419794164 -2.7932794065712536 0.008412786986846565 0.010739635660985026 0.9999069382902509 -0.07572033800698777
1625007198760681 1606417097502930 0.999693829207473 -0.023460769035447106 -0.007863851806254955 -3.508385764867636 0.023374616582977053 0.999667636415543 -0.010874006043114616 -2.7951376882979906 0.008116350692530463 0.010686862219206008 0.9999099538595183 -0.06510855126412163
1625007198864318 1606417097502930 0.9996884765972285 -0.02358991352711071 -0.008152652510765641 -3.509043466757777 0.023499598462785796 0.9996633088054728 -0.011001722803578282 -2.7925255873341195 0.008409437274020135 0.010806711449020396 0.9999062437810818 -0.07035916264363308
1625007198968032 1606417097502930 0.9996956532507194 -0.02327981439506431 -0.008164013584895522 -3.506563076324198 0.023191726285807138 0.999673522807781 -0.010723415194360372 -2.78995779636329 0.008410987336050195 0.010530813989326784 0.9999091744997419 -0.07041962817783452
1625007199071777 1606417097502930 0.9996942782417334 -0.023292838633631654 -0.008294198188654926 -3.5031017295600027 0.023204388891917452 0.999674489875708 -0.01060521722366735 -2.7889113149806017 0.008538523956618057 0.01040951317767151 0.9999093637145552 -0.07464173455178442
1625007199175414 1606417097502930 0.9996987286480746 -0.023180796672174556 -0.008068618811942273 -3.508837738547388 0.02309249157149339 0.9996742305405452 -0.01087058557093665 -2.7952568554840904 0.00831797913616212 0.010680986062993275 0.9999083596809324 -0.06801586627942278
1625007199279037 1606417097502930 0.9996957337980767 -0.023315041841611196 -0.008052866217346216 -3.5011231800401816 0.023229770606271353 0.9996747486910977 -0.01052495089945118 -2.790045685652654 0.008295636682651672 0.010334682277640568 0.9999121845213459 -0.07221233679643117
1625007199382736 1606417097502930 0.9996942068766552 -0.023353500159086577 -0.0081306071138819 -3.5097289545191557 0.02326572050701987 0.9996717500247336 -0.010728394858563865 -2.7929404204484523 0.008378483813315383 0.010535949756504093 0.9999093932810706 -0.06960331517805701
1625007199486480 1606417097502930 0.999694130823752 -0.023382553172929477 -0.008056116193545463 -3.507654894756285 0.02329472233801915 0.9996699901302545 -0.010828977266437648 -2.7932583921970444 0.008306666732412116 0.010638000026206365 0.9999089119731054 -0.07026547798734481
1625007199590194 1606417097502930 0.9996892609646838 -0.0235464946127852 -0.008181937900019741 -3.5032885523076662 0.023457751937515287 0.9996667292501178 -0.01077795476307989 -2.787971534516635 0.008432994153187214 0.01058267576216366 0.9999084416001925 -0.07359397725815027
1625007199693939 1606417097502930 0.9996912234076384 -0.023541426570770584 -0.007953557771078186 -3.5075129779154586 0.02345517264743398 0.999666883001479 -0.010769304093209324 -2.7914546922546664 0.008204433087296185 0.010579426713483716 0.999910377487968 -0.0721943170243793
1625007199797668 1606417097502930 0.9996916631501033 -0.023514568111931956 -0.00797770137039192 -3.5066869487117405 0.023426515716430743 0.9996655170262192 -0.010956844187758254 -2.793596284942473 0.008232678424040126 0.010766576042378054 0.9999081477047231 -0.06423403740649654
1625007199901382 1606417097502930 0.9996918977274732 -0.023536532298042458 -0.007882973416930178 -3.508746849929491 0.02345158736742874 0.9996677091099478 -0.010700206413052847 -2.7923005604590814 0.008132199730495565 0.010512041415314774 0.999911678256048 -0.06874217885594075
1625007200005111 1606417097502930 0.9996920902150693 -0.02358262616250679 -0.007719100282465291 -3.5107710839194937 0.0234975673166458 0.9996641380703671 -0.01093047989317787 -2.7980192897814704 0.007974277151629208 0.010745734212929603 0.9999104660419024 -0.0662515865007668
1625007200108825 1606417097502930 0.9996886437703618 -0.023679268011914247 -0.007868150193023957 -3.5088127155404876 0.02359387107494477 0.999663561683623 -0.010774631974105567 -2.794895281917483 0.008120638444046495 0.010585637104042206 0.9999109957983076 -0.07078841383014109
1625007200212539 1606417097502930 0.9996913202055945 -0.023607584090841696 -0.007742498527936781 -3.505674164304188 0.023522795948581386 0.9996642573908355 -0.010865107935785278 -2.7956336266596993 0.007996397990511796 0.010679628883472795 0.999910997612332 -0.07186047481630489
1625007200316253 1606417097502930 0.9996961983893581 -0.023380028016326986 -0.007802898197885991 -3.5079400308332715 0.023294424395340515 0.9996693666657459 -0.010887017344598342 -2.7929957530891056 0.008054857070150922 0.01070194582903489 0.9999102897925655 -0.06853591846943197
1625007200419967 1606417097502930 0.9996989206765441 -0.023238361391534578 -0.007876964037916028 -3.507829346632496 0.023153081081277355 0.9996741314251342 -0.010750153501822759 -2.796008275532337 0.00812421313494241 0.01056454086581162 0.9999111898749974 -0.0694413302856386
1625007200523681 1606417097502930 0.9996885789379653 -0.023657068252186265 -0.00794281229594291 -3.508999263614096 0.02356936253916322 0.9996621255698754 -0.01095992039576575 -2.7891682746461472 0.008199408207587707 0.010769300223108614 0.9999083917428387 -0.06784634844261235
1625007200627380 1606417097502930 0.9996939332888783 -0.023448500378015047 -0.007887178196240598 -3.504188920562341 0.02336231471664958 0.9996682119704134 -0.010847498855596537 -2.7927223476633625 0.008138918905925654 0.010659916058027248 0.9999100580495622 -0.06811302767148447
1625007200731109 1606417097502930 0.9996947901258857 -0.023417790917085766 -0.007869794672698053 -3.5085850000929075 0.023332052889454797 0.9996692676229164 -0.010815298548394534 -2.7960801943372426 0.00812046227689285 0.010628379146929776 0.9999105438233558 -0.06497733572116496
1625007200834838 1606417097502930 0.9996947037180232 -0.02336619646426433 -0.008032448281360707 -3.5050498668533048 0.02327936616636025 0.9996713224979784 -0.010738626099316754 -2.792177610424879 0.008280729043498926 0.01054835733191737 0.9999100767989623 -0.07495217137357942
1625007200938552 1606417097502930 0.9996922512597143 -0.02343224640447734 -0.008144483052336327 -3.504484786313241 0.023344212230176336 0.9996697838583016 -0.010741089354164344 -2.7916826401270756 0.008393481464947184 0.010547657256543953 0.9999091440702482 -0.07008265998655097
1625007201042159 1606417097502930 0.9996943259168816 -0.023382949709519554 -0.008030715842296185 -3.507364581472706 0.023296394108660287 0.9996712585396067 -0.010707608315506188 -2.794989811242956 0.00827845127977439 0.010517248555891695 0.9999104233516233 -0.07191036499728523
1625007201145782 1606417097502930 0.9996988651723469 -0.023219301932585697 -0.007939961923772923 -3.5096339337723954 0.023134359385202037 0.9996758746971051 -0.010627651145931387 -2.7936842716808052 0.008184155021982692 0.010440764857362514 0.9999120011459858 -0.07241230851502956
1625007201249496 1606417097502930 0.9996976421668562 -0.023261186185431704 -0.007971290218070843 -3.5067992417589484 0.023175781626411446 0.9996747418001596 -0.010643954023503342 -2.79424855102496 0.008216288486835649 0.010455994859230608 0.9999115784783199 -0.07458445050564938
1625007201353240 1606417097502930 0.9996960663495449 -0.023285160604531483 -0.008097914875631365 -3.505900957974962 0.023199691531852522 0.999675783861368 -0.010492925161829352 -2.7932999667605727 0.008339618848525344 0.010301866881592094 0.999912157289937 -0.07401434704515042
1625007201456878 1606417097502930 0.9996954718047254 -0.02345178546145512 -0.007679675531099872 -3.507040852760588 0.023368892175253165 0.9996695264843249 -0.010711335190929117 -2.7941241373479944 0.007928337536613565 0.010528607777903733 0.9999131411688542 -0.06960523861924489
1625007201560501 1606417097502930 0.9996980192541045 -0.023278992793414856 -0.007871391135614704 -3.5065417772058525 0.02319465661515249 0.9996743356124632 -0.010640988053321894 -2.7925436955636207 0.008116539188031433 0.010455200465315005 0.9999124014506668 -0.07214554873359345
1625007201664138 1606417097502930 0.9996990457675791 -0.023309834933058347 -0.007646534590972702 -3.509644837017465 0.023225336823225882 0.9996701853784715 -0.010959206143031048 -2.7939541314948735 0.007899469938234377 0.010778314582128455 0.9999107091683057 -0.06987643320108579
1625007201767867 1606417097502930 0.9996961550808058 -0.023364080492620298 -0.007856033595477312 -3.508812534901728 0.02328145560263102 0.9996743398973358 -0.010449305255099255 -2.7885089577498046 0.00809761360782411 0.01026323038939957 0.9999145437265291 -0.06942428795804712
1625007201871597 1606417097502930 0.9996982832497157 -0.023329838400687992 -0.007685122785924446 -3.509460885484929 0.0232459722660029 0.9996711451144953 -0.010827114266854464 -2.792285068643543 0.007935190321924341 0.010645199393956738 0.9999118523572056 -0.06717106260995181
1625007201975341 1606417097502930 0.9996966775411636 -0.02343463228260971 -0.007574359867553974 -3.5064234526582143 0.02335231109627499 0.9996691756904108 -0.010780016019599487 -2.794935501677416 0.007824479796582694 0.010599867390628199 0.9999132063970424 -0.06763777786479812
1625007202079070 1606417097502930 0.999695612364992 -0.023451574578869178 -0.007662001854658663 -3.5060747347932644 0.023368878488597485 0.9996695418317303 -0.010709932613657821 -2.7902114547892123 0.007910634666966697 0.010527620252254016 0.9999132917763373 -0.0676692786054112
1625007202182784 1606417097502930 0.9996972330010011 -0.023280782609455496 -0.007965393631143187 -3.5073965759774737 0.023196976691108352 0.9996762267372566 -0.01045667123031426 -2.7966269468276144 0.008206254139371334 0.010268732244926306 0.9999136015331938 -0.07240886316600971
1625007202286498 1606417097502930 0.9996952339720904 -0.023372028582401873 -0.00794905389945399 -3.5077317100383434 0.023286213043388484 0.9996713399054512 -0.010722148021880889 -2.7967180522693895 0.00819703971266167 0.01053377691279801 0.9999109200743338 -0.06635828829426271
1625007202390197 1606417097502930 0.9996899571403013 -0.023572708472674404 -0.008019788809589803 -3.5087946591415875 0.0234843887322592 0.9996644069391138 -0.010934211878660817 -2.793217951447655 0.008274846413091185 0.010742481966362384 0.9999080587724266 -0.06439003130505096
1625007202493987 1606417097502930 0.9996798620585576 -0.023783038814557227 -0.008633681937281831 -3.505654408579447 0.023688168120585964 0.9996596531458724 -0.010929252848688233 -2.7887643344454283 0.00889067433548955 0.010721237870925814 0.9999030007797635 -0.0718867116244806
1625007202597686 1606417097502930 0.9996847050070121 -0.023219759525696423 -0.009556848176955256 -3.503861708832555 0.023114248113868564 0.9996722391065433 -0.011006629743290067 -2.7904695988432975 0.009809287111663843 0.010782260048069522 0.9998937547332802 -0.07337379882715318
1625007202701400 1606417097502930 0.9996896235178457 -0.02291812704528662 -0.009768115885338723 -3.4950090131398657 0.02280427060392707 0.999672507960707 -0.011612152007212325 -2.7759783917372847 0.010031045680095472 0.01138579311035687 0.9998848642907905 -0.07010916975740271
1625007202805129 1606417097502930 0.9997000390301736 -0.022386274654106874 -0.009934116701841954 -3.489846371369119 0.02226355799228668 0.9996765147420398 -0.012296335356423915 -2.7725528122938092 0.01020617230204317 0.012071478152424542 0.9998750489246929 -0.06904886943197025
1625007202908843 1606417097502930 0.9997199644590297 -0.021453664798122586 -0.009986637734081582 -3.4758325047193983 0.02133274668060458 0.9996996777695211 -0.012061019486027311 -2.759198227531698 0.010242391593916248 0.011844599558912339 0.9998773919214928 -0.06457836084313168
1625007203012557 1606417097502930 0.9997439479106602 -0.020406937753836597 -0.009777295739804407 -3.459986082378671 0.020297889334006867 0.9997320726055137 -0.011125587487132771 -2.7370339489676736 0.010001715305734153 0.010924280290274773 0.9998903068792512 -0.06291010948889973
1625007203116195 1606417097502930 0.9997715495316177 -0.019053522906566048 -0.009685660352401738 -3.4420202540790803 0.018956763694177464 0.9997704393168418 -0.009985478602327359 -2.7207456943026904 0.009873695450854848 0.009799588640519191 0.9999032344185215 -0.06663883437826648
1625007203219894 1606417097502930 0.9998041860813568 -0.017105302939190294 -0.009949779395533213 -3.4218484306693653 0.017003542614271068 0.9998031591247015 -0.010223626914982903 -2.7030412941716904 0.010122699107743431 0.010052443488556924 0.9998982344932328 -0.07467863528731017
1625007203323623 1606417097502930 0.9998382932960433 -0.014804887523730898 -0.010207965944807192 -3.3985792166151203 0.014697398614706527 0.9998365844580969 -0.01052572361372512 -2.682107769637651 0.010362129958704532 0.01037399098909344 0.999892497508446 -0.07189264754410142
1625007203427261 1606417097502930 0.9998656722468665 -0.01160322928913248 -0.011575946477534958 -3.3739936444989755 0.011474527430846631 0.9998722967956749 -0.011123188627614144 -2.659666596278811 0.01170353310012305 0.010988865959259072 0.9998711277649257 -0.07511687708941471
1625007203530990 1606417097502930 0.999885570337544 -0.0076392875999661365 -0.013057086972008112 -3.3342438011535074 0.007471102684374519 0.9998891206918461 -0.012881341204687542 -2.619603344041031 0.013154043481344668 0.012782316359606308 0.9998317776149019 -0.07047535119985174
1625007203634689 1606417097502930 0.99988504381447 -0.003919803252930662 -0.014646989556183635 -3.293362370047698 0.0037179357060710154 0.9998980826903283 -0.013784091945281981 -2.5786341915012203 0.01469952770282627 0.013728050813162923 0.9997977117928336 -0.067131318218369
1625007203738387 1606417097502930 0.9998674940798784 0.002160512254165562 -0.01613463583998424 -3.2412528403188743 -0.0023843165225426706 0.9999010374492591 -0.013864715903354244 -2.525756975395058 0.01610308422662056 0.01390134882520369 0.9997736959828616 -0.07265729385323554
1625007203842117 1606417097502930 0.9998088087529898 0.009371654095190756 -0.01716152801798838 -3.1658257723933563 -0.009602254432635078 0.9998640512800303 -0.013404315430519708 -2.4548919719676974 0.017033574322585895 0.013566542001188491 0.9997628750278378 -0.07715362775696165
1625007203945770 1606417097502930 0.999714238209117 0.016808532937974904 -0.01699750413745627 -3.0745442943547445 -0.01703770746609958 0.9997646599393505 -0.01342912004264721 -2.3717287455813048 0.016767780137199383 0.013714881016371005 0.9997653442623315 -0.07516432505688256
1625007204049499 1606417097502930 0.9995313856547703 0.025651374487083697 -0.016703774496894114 -2.97428752522494 -0.025884143992156435 0.9995687060248409 -0.013871302393194215 -2.28146806695797 0.016340752287243257 0.014297165006163981 0.999764257656511 -0.07157537947334579
1625007204153259 1606417097502930 0.9992164239795314 0.03586051708885347 -0.016749966213179056 -2.858340354648896 -0.03610166352696133 0.9992454709295733 -0.01432336279602893 -2.175479066445671 0.01622368468038948 0.014916840996692342 0.9997571104573709 -0.07356286111422798
1625007204256957 1606417097502930 0.9988028739086443 0.04576868718794529 -0.017264018923468134 -2.7225542314666886 -0.04601518663032019 0.9988403510384233 -0.014161770414798033 -2.0602187673830588 0.016595833081671472 0.014939224042654077 0.9997506678714098 -0.07217105823347686
1625007204360656 1606417097502930 0.9982673865897569 0.05619456143057212 -0.01744695220798339 -2.568696726021005 -0.056437510178793705 0.9983113177299018 -0.013759372866189994 -1.925388199323186 0.016644287925310104 0.014720195735039607 0.9997531112814716 -0.06876529516695754
1625007204464370 1606417097502930 0.9976117066535322 0.06699347854781608 -0.016815367505806745 -2.395538246231807 -0.06721986386130961 0.9976498171819828 -0.013279012903401423 -1.7743313765206772 0.015886241051900302 0.014377625439722671 0.9997704292646172 -0.06912108584219134
1625007204568069 1606417097502930 0.9968362976162028 0.07795047518330045 -0.015528012686231203 -2.2064284936166763 -0.0781390200665478 0.9968710998063355 -0.011929120605140509 -1.617637840782487 0.014549546464607923 0.013104724112699214 0.9998082700716199 -0.07359408202028037
1625007204671691 1606417097502930 0.9959811668274023 0.08839566361354256 -0.014412563405339123 -2.0038053121516928 -0.0885473074025811 0.9960192778370933 -0.010245610430493983 -1.461947746696593 0.013449523461607825 0.01148062871370851 0.9998436405173533 -0.06795083841244387
1625007204775360 1606417097502930 0.9949633579838767 0.09928093053741799 -0.013827982699502446 -1.7853419735055562 -0.09940913252628426 0.9950067236530074 -0.008913150966124044 -1.2706081065682304 0.012874029838596368 0.010242886380195146 0.9998646621589934 -0.06924082813083486
1625007204879104 1606417097502930 0.993787349035539 0.11041238773965532 -0.013993196025528993 -1.5470862714918021 -0.11051896156253103 0.9938487679442696 -0.007084179222950613 -1.0843485576558785 0.013124939486363703 0.008586681183731957 0.9998769948697334 -0.06432420530961112
1625007204982818 1606417097502930 0.9925682182166834 0.12089726803838523 -0.013863000089389545 -1.2960438541003712 -0.1209802111418575 0.992640737199606 -0.0053061632428822786 -0.8742915503197978 0.013119477988670379 0.006943877673412958 0.9998898248608004 -0.06086092093017394
1625007205086440 1606417097502930 0.9914415628639789 0.12994430359770723 -0.01257399669171759 -1.0362441865401875 -0.12999416386277224 0.9915095001302157 -0.003229321540860297 -0.6785600038597441 0.012047605235696831 0.004836229781803133 0.9999157294940323 -0.060801256799173094
1625007205190093 1606417097502930 0.9904793286196407 0.137295313960908 -0.010034756899237912 -0.7666531815225922 -0.1373203937390266 0.9905249528820494 -0.0018512660094994198 -0.4695117764569285 0.009685506956779446 0.0032116174826569465 0.9999479368787835 -0.056753788623606985
1625007205293624 1606417097502930 0.9895664458672349 0.14391551480019743 -0.006824501296695208 -0.4795397392529949 -0.14393067267292267 0.9895861690369291 -0.0017819986532141218 -0.26375104591544063 0.006496974840219091 0.0027456611360857394 0.9999751250220434 -0.05783827957479337
1625007205397170 1606417097502930 0.9890597033213718 0.14738110858909853 -0.0063017538315883895 -0.1861386852482025 -0.1473938168791319 0.9890765915999429 -0.0015995934816765013 -0.04468163114695481 0.005997167340214557 0.0025109330046866585 0.9999788643763124 -0.058413164294442425
1625007205500793 1606417097502930 0.9888308749397106 0.14897332149474427 -0.00452219562333693 0.11737339373442088 -0.14898955447149398 0.9888326016448541 -0.0034926475803696588 0.1748179066670184 0.003951383152504157 0.0041273976738976864 0.9999836754465663 -0.06093291514574235
1625007205604339 1606417104969727 0.9927184097214087 0.12034648667565635 0.005184799850422744 -0.35019451295844434 -0.12032601852249467 0.9927259852331777 -0.004094815478963171 -0.3836192628495259 -0.005639882196213471 0.003441132387533849 0.9999781749301854 -0.056411404935783394
1625007205707885 1606417104969727 0.9928627718892068 0.11921875431008408 0.0032256505852949684 -0.040457644097424146 -0.11921697240186366 0.9928679499858328 -0.0007398558837801334 -0.12488604738185419 -0.003290849780818323 0.00035002306676253683 0.9999945238807925 -0.05648174065308076
1625007205811538 1606417104969727 0.9930932140320663 0.11732802455224153 -5.3875733660828326e-05 0.2788788936756143 -0.11732689124456279 0.9930854412915254 0.003963191916684399 0.14671757137823782 0.000518496685242305 -0.003929497926013295 0.9999921450727685 -0.05772168250300082
1625007205915176 1606417105591919 0.9962366300035265 0.08666209305102701 -0.0015028877861449448 -0.2670449008235214 -0.08665303108998589 0.9962244338651652 0.005303732404133066 -0.4425861476665556 0.00195684608503547 -0.005153542714664944 0.9999848057600114 -0.0503209705193481
1625007206018905 1606417105591919 0.99645814851073 0.08406970253854211 -0.0018556363099423597 0.04955096219423198 -0.08406203366732698 0.9964529578661727 0.0038829447503316776 -0.16831726798822694 0.002175492299895053 -0.0037132033747159826 0.9999907396340983 -0.05395934564754447
1625007206122695 1606417105591919 0.9966720696352128 0.0815093584499006 -0.0010050366226304563 0.3888253822494881 -0.0815073277150896 0.9966708957303236 0.0019186290223003654 0.11555472370006756 0.0011580769716273522 -0.0018303261091477969 0.99999765437928 -0.05942515801863262
1625007206226516 1606417106006592 0.9979456070279324 0.06390684351197921 0.004525568522570789 -0.02671045961586673 -0.06389507815609229 0.9979529735589311 -0.0026984359877257405 -0.36071416638915427 -0.0046887530905284315 0.0024037307853412002 0.9999861187400392 -0.0622714711054189
1625007206330322 1606417106006592 0.9980863996621335 0.061757909465048576 0.003082114931710648 0.30508294729846736 -0.061761974337271985 0.9980901348227557 0.0012414910072770264 -0.04417889102388118 -0.0029995566184945243 -0.0014294727929796895 0.999994479618576 -0.06835980129377969
1625007206434219 1606417106421387 0.9989072803173892 0.045514482937940616 0.0106149506015934 -0.26244520043273933 -0.04551577485358009 0.9989636128768014 -0.00011996696208551395 -0.6570911035179214 -0.010609409637701787 -0.00036331182983841885 0.9999436526283139 -0.07141223448091875
1625007206538116 1606417106421387 0.9990688995579136 0.042498933110765365 0.007427962375485855 0.07741095630491189 -0.042507535658276946 0.9990956417210997 0.0010040471254965017 -0.3240516347632649 -0.007378573904573215 -0.0013188566323154472 0.9999719082375855 -0.0897086668956718
1625007206641998 1606417106421387 0.9991970120268523 0.03983286605659369 0.004321335764976549 0.4172037152611807 -0.03982629136823084 0.9992053422951901 -0.0015970125455396556 -0.001662160560135769 -0.004381515369023235 0.0014236273863935344 0.9999893877477579 -0.07260796762151477
1625007206745864 1606417106732422 0.9995880906872453 0.02788273402461415 0.006797212958699797 -0.011910245512178055 -0.027858479402690987 0.9996052597600322 -0.003637277816478181 -0.4766886823494976 -0.006895947075140459 0.0034464195706591615 0.9999702836115081 -0.058741250975145834
1625007206849685 1606417106732422 0.9996707335740327 0.025474520596387246 0.0030778629607763576 0.33725300164587857 -0.025457442276861548 0.9996609629219522 -0.005466063221494993 -0.1272300405533109 -0.003216064791221459 0.005385908911721854 0.9999803242626594 -0.05521701098395115
1625007206953521 1606417107043579 0.9998599734711981 0.016495250651946528 0.0028178290526428844 -0.13977920492735407 -0.01647842982107866 0.999846862059389 -0.005891840552038692 -0.631342627359382 -0.0029145849228054575 0.005844582139753106 0.9999786727997451 -0.048158909934387664
1625007207057327 1606417107043579 0.9999022069684008 0.013671661260123967 0.0029431586052032902 0.22497212812185727 -0.01364641853798156 0.999871326178739 -0.008432458189734544 -0.263888779738594 -0.0030580656096923574 0.008391469979915337 0.9999601149377425 -0.06591082451865911
1625007207161071 1606417107043579 0.9999296279449322 0.011371640471473921 0.003380082153226485 0.6029424021061337 -0.01134409606123652 0.9999031735956836 -0.008059461663108019 0.11176825864429145 -0.003471404172444064 0.008020550525569051 0.9999618093319057 -0.07076582740982452
1625007207264724 1606417107354736 0.9999555977238203 0.007897132224894448 0.005141778669445488 0.08425105975785348 -0.007835795068569415 0.9998991787301847 -0.011841988634123871 -0.4127150885356662 -0.005234778018828615 0.011801172898905952 0.9999166612359772 -0.06511520705920781
1625007207368347 1606417107354736 0.9999858449240688 0.004042639310860451 0.0034593385732026804 0.4664936548875676 -0.00400110695776286 0.9999208333093244 -0.011929721772281004 -0.011722195691465952 -0.0035072922710123592 0.011915711722502368 0.9999228543818128 -0.07385094966172931
1625007207471969 1606417107665772 0.9999872639089532 0.0030169303036739746 0.004046004930046473 -0.07226223910491154 -0.0029972873578806847 0.9999837360491938 -0.0048522067202869355 -0.5446243974391286 -0.004060577895506409 0.00484001788270279 0.9999800427678793 -0.062258140647307086
1625007207575530 1606417107665772 0.9999939056971512 -0.00259203848337249 0.002338783770150164 0.3376325986582862 0.0026114937956341847 0.9999616929072109 -0.008354209882779127 -0.13664345405710326 -0.0023170397446237645 0.008360266688980449 0.9999623679257691 -0.08286029413496458
1625007207679092 1606417107976807 0.9999901202610396 -0.002500624087484529 0.00367508693099449 -0.21138347299799506 0.002532818352766739 0.9999582319954544 -0.0087817481279271 -0.7139028463524435 -0.0036529735790397856 0.008790969694155184 0.9999546862912676 -0.043991662231030175
1625007207782623 1606417107976807 0.9999577634148693 -0.008516349111575991 0.003455891868619453 0.20859447379028656 0.008551980320469856 0.9999090360429351 -0.010429922183411459 -0.27608853734440475 -0.0033667526484918438 0.010459036378342015 0.9999396349453504 -0.04369013243567087
1625007207886077 1606417107976807 0.9998823630745496 -0.014763329652108555 0.004159821450918137 0.6394982187200071 0.014800856956351157 0.999848687646517 -0.009139827643940383 0.17492353049532225 -0.0040242577300643925 0.009200321384955662 0.9999495784469014 -0.043403168483691926
1625007207989654 1606417108287964 0.9998944169636929 -0.014527685519759548 -0.00031824949527656655 0.04391854986760792 0.014523166267713312 0.9998307591785351 -0.011292946758912365 -0.42968984792405046 0.0004822560135743573 0.011287132424944984 0.9999361819990111 -0.04982453513718597
1625007208093200 1606417108287964 0.9997470367317554 -0.02247716569763952 0.000799732918356031 0.4829566932315843 0.022478132414021232 0.9997465891663225 -0.0012210724580825338 0.04847242461137181 -0.0007720840093996067 0.0012387400740346633 0.9999989347040883 -0.03534381775836299
1625007208196746 1606417108495361 0.9997056864339651 -0.024067256320270097 0.0030508505821664742 0.2132705931322517 0.02407102820366813 0.9997095237548356 -0.001205702933454821 -0.208745824764473 -0.003020946420992503 0.0012787851891305527 0.9999946192811047 -0.04895010309932708
1625007208300384 1606417108702881 0.9996940005824895 -0.02412912047027273 0.005448921835956935 -0.06545326564929663 0.02410226713712123 0.9996972866400947 0.0049412354476067195 -0.4581770145155577 -0.0055665000398949695 -0.004808392062727702 0.9999729463555886 -0.03537706344405869
1625007208404113 1606417108702881 0.9995701917732684 -0.029315956939631946 -7.994704781337725e-05 0.37948961970394474 0.02931549872765031 0.9995640989667164 -0.00349479551203887 0.015702246134534224 0.00018236547355598377 0.0034909497325908037 0.9999938899877332 -0.04408010230447861
1625007208507934 1606417108910401 0.9996028652934382 -0.028121740278303928 0.0018109183674675784 0.08107617259689393 0.02812546202577547 0.9996022709087385 -0.0020635853253474184 -0.2654352470475447 -0.001752166501985479 0.002113698719766046 0.9999962310880334 -0.03843076028839313
1625007208611831 1606417108910401 0.9994862201501553 -0.031969714483967265 0.0022875948580237753 0.534527909675008 0.03195955303283808 0.9994797028945447 0.0043486177389670325 0.24699016491633755 -0.0024254286965499678 -0.004273272997605873 0.9999879281438981 -0.04626755100333991
1625007208715713 1606417109117676 0.9995089802090488 -0.03133110922303341 0.00040010097169608934 0.21785160331253645 0.03133164245855295 0.9995080569206071 -0.0014043988421513474 -0.061976502370515954 -0.0003559027712750676 0.0014162450751148005 0.9999989337909839 -0.05593097405479197
1625007208819595 1606417109325195 0.9994791450623401 -0.0321330686727247 0.0029840388056316253 -0.12418572789087869 0.0321152365553001 0.9994670937754349 0.005842948360957012 -0.36926030062193405 -0.003170200453704478 -0.005744071920306845 0.9999784775018199 -0.030995518789253374
1625007208923461 1606417109325195 0.9993431093841977 -0.036073941835392996 0.0034670522416203635 0.34214798117236583 0.03605973987017211 0.999341327697591 0.004075036266996944 0.14630190641838436 -0.003611771211602492 -0.003947338411956167 0.9999856867116532 -0.03775089618834286
1625007209027343 1606417109532715 0.9993507066515789 -0.03596872524760619 0.002101409888068646 -0.02605708356018156 0.03596628925540325 0.9993523002707432 0.0011857424833325448 -0.19485251555338245 -0.002142698451045708 -0.0011093926727442514 0.999997089041386 -0.027574314464045995
1625007209131225 1606417109532715 0.9991909147067796 -0.0401618378055174 0.0021313741994341663 0.4444819182902693 0.040161570051771504 0.9991931845107386 0.00016829358672369534 0.3237688505439797 -0.002136413553445587 -8.25580886404302e-05 0.9999977144580334 -0.0394481231294117
1625007209235031 1606417109739990 0.9991732848247898 -0.04064756513113991 0.0007227349550190923 0.06916690926443012 0.04064822454585433 0.9991730936375038 -0.0009223863591823317 -0.02609510082681136 -0.0006846445612739235 0.0009510017011184174 0.9999993134285589 -0.03991144861894001
1625007209338851 1606417109947388 0.9992079065992482 -0.03979365031673573 -0.00015744358729012108 -0.33443552622174344 0.0397938989651867 0.9992055384871705 0.002176572116361747 -0.38833953564484547 7.070475473175671e-05 -0.0021811133621525863 0.9999976188698346 -0.02540052835254674
1625007209442581 1606417109947388 0.999036037481274 -0.04384907948863848 0.0020625339219876387 0.12920429050841917 0.043841876601624225 0.999032640253019 0.003416660591212494 0.1389133081576569 -0.0022103561315395567 -0.003322941700761497 0.9999920361604012 -0.02907180364289367
1625007209546218 1606417110154785 0.9992305450290466 -0.0391965781910114 0.0013950424853387219 -0.2861615781425977 0.039190553464683586 0.9992232957441554 0.0041116621682246455 -0.2546763729023888 -0.001555122037571653 -0.004053825942214197 0.9999905740009145 -0.029413352185450072
1625007209649871 1606417110154785 0.9990594282954555 -0.043361285419582944 -0.000240135762983225 0.16690794275077334 0.04336190820662177 0.9990508584626014 0.004138493238525047 0.2584850656313535 6.0457453633126235e-05 -0.0041450134337877925 0.99999140756735 -0.036039414434981445
1625007209753417 1606417110362061 0.9992970398524446 -0.03747171273726979 0.0011388112850055179 -0.2529424104794444 0.037468875211762655 0.9992948686150972 0.002418461156714113 -0.1473414088298205 -0.0012286321551548721 -0.0023740910969696125 0.9999964270708624 -0.03213118659329979
1625007209856964 1606417110362061 0.999127257315579 -0.04175979174014522 -0.0009184156650811498 0.20537585564305036 0.041760550821500486 0.999127308353174 0.0008234697882486742 0.3701461649081073 0.0008832262445383824 -0.0008611046550700981 0.9999992392047976 -0.037114186123316156
1625007209960479 1606417110569336 0.99934364921989 -0.03620876208286895 -0.0010937626639115669 -0.23262866147057126 0.03621032868564349 0.9993431417262323 0.0014481663188122486 -0.05556201234723897 0.0010406079071596168 -0.0014868213192801715 0.9999983532474181 -0.04506151151371667
1625007210064041 1606417110569336 0.9992058763015316 -0.039840609433491415 -0.0005853280465566415 0.23352891082895386 0.039841810826064666 0.9992035589053567 0.002208616181046346 0.46513524716827076 0.0004968692525878562 -0.0022301827958932747 0.9999973896994145 -0.045683890267581954
1625007210167602 1606417110776978 0.9994049805186164 -0.03449162973591893 -0.00011134275803935976 -0.22124868417598698 0.034491665478462386 0.9994049287125204 0.00033687105778023164 0.03621272893718215 9.965726936705504e-05 -0.00034051101010112116 0.9999999370603383 -0.04897962575977379
1625007210271163 1606417110776978 0.9992745804342488 -0.038065800975511495 0.0011435464635562791 0.2522715664181162 0.038062361247993344 0.9992711793161223 0.0028925505801963626 0.5631385003669294 -0.0012528202779352265 -0.00284692618880446 0.9999951627146136 -0.041312787905388844
1625007210374816 1606417110984375 0.9994430778627701 -0.03301978833504861 -0.004819511901301616 -0.22856102717110532 0.03302422062029657 0.9994541961803629 0.0008429675867147751 0.12188896301539555 0.004789046781999776 -0.0010016587437132653 0.9999880307837095 -0.035803184538741414
1625007210478454 1606417110984375 0.9993407985360757 -0.03611826249500647 -0.0036659923739784266 0.2557896698031631 0.03610572205494863 0.9993420855171979 -0.003431173777843342 0.6454143382543266 0.003787508499667418 0.00329654864134822 0.9999873936937507 -0.04184336179897655
1625007210582092 1606417111192017 0.9994942283979424 -0.03179207620943729 0.0007424917243487241 -0.2052094256810566 0.031791224711296105 0.9994938905002263 0.001131763466158588 0.196309713042085 -0.0007780970525989579 -0.0011075863310796396 0.9999990839083284 -0.06438604805826366
1625007210685836 1606417111399414 0.9995928935396297 -0.026103659236689253 -0.011517211641311214 -0.6896009140081831 0.026013812423418742 0.9996305004864322 -0.007883150696881268 -0.2863790143161433 0.011718735116688783 0.007580334832009682 0.9999026001421838 -0.05741175025583138
1625007210789626 1606417111399414 0.9995794468493232 -0.02841567161930477 -0.005786108129849735 -0.18393573914385355 0.028442786430125253 0.9995845640998035 0.004659089821180054 0.2645568963677884 0.005651313206394057 -0.004821703464064635 0.9999724065366744 -0.036571042632012364
1625007210893432 1606417111606934 0.9997531940241603 -0.022062431461404703 -0.0026077118257185087 -0.6550143567966754 0.022061343565518785 0.9997565198110834 -0.00044521880112358326 -0.20790292378873942 0.002616899508829817 0.0003875792919550012 0.9999965008035044 -0.04467759216000723
1625007210997238 1606417111606934 0.9996601562335458 -0.025263803420156827 -0.006427462978200373 -0.15599413207576845 0.025258684833080306 0.9996805644451772 -0.0008763079028990614 0.3254938147737726 0.006447548688577805 0.000713660833476515 0.9999789596807142 -0.04010381739390166
1625007211101058 1606417111814331 0.9998018589950781 -0.01988970071103667 -0.0008015984511193994 -0.6284544448152873 0.019896550748358385 0.9997549022807063 0.009708894812435117 -0.13684889794294436 0.0006082949691115757 -0.009722920126501096 0.9999525462747942 -0.019798345827885654
1625007211204879 1606417111814331 0.9997391766046915 -0.021239690161562828 -0.008393707647977965 -0.13558406587551364 0.021288537269003704 0.9997567021159222 0.005773626218170596 0.4017802542242034 0.008269035444666553 -0.005950810079452958 0.999948104109515 -0.060165412208061486
1625007211308685 1606417112021729 0.9998461375264887 -0.01531814303681833 -0.008547266915864424 -0.6285834510726465 0.015265149825465101 0.9998640644835073 -0.006231192485578611 -0.09334229540833146 0.008641555336486365 0.006099758428807318 0.9999440566694103 -0.057555724766503356
1625007211412490 1606417112021729 0.9997662914260961 -0.017947729855915116 -0.012051619210492713 -0.1256968941795441 0.01811520515352963 0.999738804820252 0.01393418398345524 0.4823596030168089 0.011798384415722714 -0.014149244999586688 0.9998302840938162 -0.04962192670831313
1625007211516281 1606417112229004 0.9998418687007764 -0.009169420355757739 -0.015236775503494839 -0.6268875764980815 0.009299634389625479 0.9999206534349172 0.008497272443140526 -0.022873240849981602 0.015157651454753299 -0.008637625199849269 0.9998478069352774 -0.007192570907136178
1625007211620071 1606417112229004 0.9999301863177965 -0.01096630222149611 -0.0044003080016397494 -0.08378438360310454 0.010972979395448924 0.9999386757206091 0.0014961703670191705 0.509561471334981 0.0043836306994930905 -0.0015443504028888027 0.9999891993235345 -0.03468079162662378
1625007211723785 1606417112436279 0.9999601403889755 -0.007404787077227481 -0.004988663755645096 -0.5864666617738684 0.007420626003234995 0.9999674612092391 0.003163990666039182 0.005956558731754349 0.004965072753351559 -0.003200883558581296 0.9999825510462662 -0.015214962482388942
1625007211827438 1606417112436279 0.9998233807932394 -0.008699334254040967 -0.016659195874306237 -0.063138981835772 0.008687441258440159 0.9999619544557831 -0.0007861360042524556 0.5636723942901264 0.0166654009259659 0.0006412713719626654 0.9998609169194508 -0.07900790205267012
1625007211931075 1606417112643555 0.9999803199624608 -0.0058925471716210175 -0.00215350413750984 -0.5504319591168563 0.005888690389573406 0.9999810542275918 -0.0017929070906671444 0.03364386360611643 0.002164028127311844 0.001780190487065842 0.99999607394434 -0.03735299638136877
1625007212034713 1606417112643555 0.999977790505481 -0.00665847199833873 0.00028853230208543656 -0.006266299899399276 0.006658108654610608 0.999977062681947 0.0012424586892497312 0.6061635182306345 -0.0002967985603190547 -0.0012405100154498623 0.9999991865224273 -0.059882840713930276
1625007212138366 1606417112851074 0.9999703286103384 -0.006218749613783163 -0.004546323419895356 -0.5246864829464853 0.00620600802328166 0.9999767905641903 -0.0028113700969423223 0.08687158269774303 0.004563701108988172 0.002783072160058131 0.9999857134687173 -0.06043332210028235
1625007212241989 1606417112851074 0.9999834004889556 -0.005699876432028647 0.0008427097189320942 0.02829806053655921 0.005699724327949736 0.9999837397360356 0.0001827856225239737 0.6454180020776314 -0.0008437378717096735 -0.0001779793752852174 0.9999996282148038 -0.057089526477044725
1625007212345641 1606417113058594 0.9999825896452682 -0.0052977299743132865 -0.0025989359222248847 -0.5070333033234732 0.005284950792100428 0.999974031508973 -0.004899551742953211 0.10683453426040683 0.0026248249339042395 0.004885731191547626 0.9999846198441206 -0.042261675335522705
1625007212449279 1606417113058594 0.9999809424629404 -0.005300046436996708 -0.0031661053615839652 0.042623410451920245 0.005276352031192042 0.9999583590475024 -0.007445823308061486 0.6842724067083289 0.0032054367312282653 0.007428975922535695 0.9999672672103346 -0.03837734488678278
1625007212552902 1606417113266113 0.9999868528828141 -0.00511237457830607 0.0003971047238565895 -0.4803274562414965 0.005114212831116344 0.9999755220303915 -0.004774952526406358 0.14584045153602473 -0.00037268365762972694 0.004776920627609317 0.9999885210022207 -0.04719563219591006
1625007212656539 1606417113266113 0.9999836324410105 -0.005712520869027526 0.00031931155431374743 0.08258458020049798 0.005714377159443493 0.9999647546492584 -0.006151045227743269 0.7263229675233008 -0.00028416232583552606 0.006152769216786637 0.9999810311614604 -0.04856989903279144
1625007212760208 1606417113473633 0.9999814697133119 -0.005796245912325789 -0.0018611200375450363 -0.4497892778134586 0.00578670609073 0.999970297637678 -0.0050909605674229015 0.19351631764736393 0.0018905732172578395 0.0050800964757958976 0.9999853090684417 -0.04782453763510736
1625007212863860 1606417113473633 0.9999779010252525 -0.006586380211698546 -0.0009039144333563972 0.12025260231856565 0.0065848647617526394 0.9999769260654319 -0.001669400270987303 0.7941860594678226 0.0009148888814021152 0.0016634112246492999 0.9999981980190926 -0.04724869423724485
1625007212967605 1606417113681030 0.9999698217964613 -0.007742219788890116 -0.0006430657505626728 -0.41742011400627765 0.007741313282535723 0.999969055012687 -0.001400389289106584 0.2609639821393028 0.0006538879725659848 0.0013953688544340967 0.9999988126874348 -0.041611536080561055
1625007213071350 1606417113681030 0.999975689152849 -0.00697265496853489 -5.648398063001929e-05 0.14937462655835268 0.006972656450742394 0.9999756903975007 2.6086916926419385e-05 0.8591599946915316 5.630071245585585e-05 -2.648012612321436e-05 0.9999999980645163 -0.0413184129839161
1625007213175079 1606417113888428 0.9999752318390113 -0.007036713399771599 0.00014274981845595528 -0.3742167276950504 0.007036600386068807 0.999974940702714 0.0007773198030139642 0.31208018488257816 -0.00014821601791926344 -0.0007762960768025513 0.9999996876981578 -0.04258624794136247
