1633462520725830 1606417097502930 0.9977055777147197 -0.06681159134149309 -0.010944928680456335 -2.249064333676302 0.06688065964313744 0.9977425146212981 0.006070575535558594 -0.4476721387480684 0.010514635852076393 -0.006788651121646177 0.9999216752570409 -0.04762066248675223
1633462520830322 1606417097502930 0.9977058850024217 -0.06682571439692082 -0.01083009378264489 -2.2481717663867795 0.06689480794060426 0.9977410927140481 0.006147892714784913 -0.44669142824177027 0.010394792282167388 -0.006858265785457882 0.9999224532351632 -0.048388511739247984
1633462520933838 1606417097502930 0.997697737519495 -0.06694972394617929 -0.010814759196418163 -2.2535380387721924 0.06701717565779068 0.9977337842441242 0.005999495746962932 -0.44274354911898794 0.0103885860346326 -0.006710457949750825 0.9999235205926031 -0.0465557307454216
1633462521037598 1606417097502930 0.9977161912199753 -0.06667283084258907 -0.010822911318431268 -2.2470156321124515 0.0667392879961439 0.9977530066222583 0.005899594772288975 -0.44490129019474167 0.010405249624054992 -0.006608434621372182 0.9999240268000947 -0.04387684260992524
1633462521141358 1606417097502930 0.9976918553051801 -0.06704094812018029 -0.010792272111112196 -2.2495926026166138 0.06710951494105963 0.9977268373775497 0.006121354869140263 -0.44650306537116746 0.010357358087307535 -0.00683149004284735 0.9999230249760459 -0.0443017805167489
1633462521245117 1606417097502930 0.9976988963715396 -0.06692376263233807 -0.010868402762486563 -2.249145181248301 0.06699276441809705 0.9977347311315049 0.006113576206319724 -0.44532798222398834 0.010434639385168677 -0.006827612579781521 0.9999222479809929 -0.047307258989706856
1633462521348877 1606417097502930 0.9976763404900706 -0.06724757714795163 -0.010939972510767669 -2.247373765175181 0.06731797014949013 0.9977123188237004 0.006198368079796626 -0.4451447871351566 0.01049812010592458 -0.006920421925762623 0.9999209454924981 -0.04708934204561301
1633462521452637 1606417097502930 0.9977090831978006 -0.06683392825202501 -0.010479090775097243 -2.244852081616376 0.06689808186383069 0.9977423960640796 0.005895569838028302 -0.45018369585808843 0.01006140904693647 -0.006583094650544083 0.9999277128436898 -0.04518275754736092
1633462521556397 1606417097502930 0.9977027181255642 -0.06694337289314559 -0.010386100086918806 -2.2440786815974514 0.06700725922963457 0.9977348669736592 0.0059297925809093 -0.4435161372134805 0.009965613872651968 -0.006612114276788365 0.9999284806849599 -0.04390470284877021
1633462521660034 1606417097502930 0.9977029406349246 -0.06689838084183929 -0.010651239065466035 -2.245841605098919 0.06696414813375559 0.997737687583896 0.005942191845269909 -0.44325560389377605 0.01022961962195836 -0.006641793428415742 0.9999256179648788 -0.044786173105325615
1633462521763672 1606417097502930 0.9977025457729286 -0.0669216814197639 -0.010541286384241356 -2.2501030310969545 0.066986019626736 0.9977366288085526 0.005873049699814679 -0.44952706492226824 0.010124393179322426 -0.006565675453567213 0.9999271916337655 -0.04540887673995934
1633462521867554 1606417097502930 0.9977137983347296 -0.0667393720862379 -0.010631689916782636 -2.2495703394691775 0.06680414963573698 0.9977489077942698 0.005858548561989747 -0.4488883441742499 0.010216761150090488 -0.006555395742578124 0.9999263195747278 -0.04624222213748321
1633462521971314 1606417097502930 0.9977222371181717 -0.06660251313120169 -0.01069779458508067 -2.2465261600170887 0.06666750246611479 0.9977581711595047 0.005837465531950943 -0.44964675504132656 0.010285022085882481 -0.006537364416506567 0.999925737836155 -0.044690134180507525
1633462522075073 1606417097502930 0.9976995385931647 -0.06695168890885929 -0.010634944649735885 -2.2510712660181222 0.06701728010139019 0.9977341607881351 0.0059353659257937235 -0.449173153317357 0.010213464802085723 -0.006634436909985293 0.9999258319413616 -0.04370973996120786
1633462522178833 1606417097502930 0.9977026211266715 -0.06689140940360101 -0.010724698104594378 -2.249251233221569 0.06695746305488294 0.9977382525224678 0.005922634475633176 -0.44741600518958596 0.010304268178228554 -0.006627126517412754 0.9999249488093762 -0.043763143232362765
1633462522282471 1606417097502930 0.9976963296825063 -0.06698323327857866 -0.010736861835225589 -2.2493190847192697 0.06704977411693998 0.9977318204711099 0.005961729173480688 -0.44343765607836144 0.010313172809012422 -0.006667899475704573 0.9999245859479572 -0.047694845111667133
1633462522386231 1606417097502930 0.9977174863694445 -0.06669670606455307 -0.010553046822676599 -2.2474755823987924 0.06676246350401278 0.9977508198821186 0.00600623808230884 -0.4409296348192884 0.010128714823627868 -0.006697076165357737 0.9999262764358468 -0.043594384658271576
1633462522489990 1606417097502930 0.9977095679431868 -0.06674667898405207 -0.010977198353168724 -2.2486389884876616 0.06681636826024506 0.9977465881654024 0.006108906716904952 -0.444437225805879 0.010544712968888648 -0.006828371208744303 0.9999210880739738 -0.04138701757922519
1633462522593628 1606417097502930 0.9976863531804513 -0.06713605378632931 -0.010709386721755747 -2.2483907078712355 0.067204406345439 0.9977202414927154 0.006155281304739791 -0.4441899191471334 0.010271730609501092 -0.006860758134669652 0.9999237078638068 -0.04640759851225544
1633462522697388 1606417097502930 0.9977044167202164 -0.0668757870263929 -0.010654856687867814 -2.2464837957118116 0.06694225926595816 0.9977387574133311 0.006008817199489352 -0.449099710182124 0.010228919092833936 -0.006708283638020823 0.9999251812734913 -0.04594869992500843
1633462522801026 1606417097502930 0.9976890130187369 -0.06709359411425787 -0.010727671461940144 -2.2496543262509063 0.06716114515271127 0.9977237051711914 0.0060653710283636786 -0.44692866730488395 0.010296304576913773 -0.006771836735071433 0.9999240612863025 -0.04250618867061052
1633462522904785 1606417097502930 0.9977053598588891 -0.06687562430199578 -0.010567203392033831 -2.2474878654876744 0.06694061696864942 0.9977393930993822 0.0059209173274677816 -0.44505231035970994 0.010147350056388003 -0.006614706067577145 0.9999266357840824 -0.045269659097902
1633462523008301 1606417097502930 0.9977150418419264 -0.06674236490271579 -0.010495332963804347 -2.2489893628500406 0.06680608538540508 0.9977488734610894 0.005842299810050133 -0.4465936898704219 0.010081777735418875 -0.0065301025095508385 0.9999278551570152 -0.04423190705262802
1633462523112061 1606417097502930 0.9977203325988862 -0.06664453353737054 -0.010613391202605163 -2.2471831906300275 0.06671092513359714 0.9977541300221241 0.006028971394806078 -0.4478049238331287 0.010187756919600027 -0.006723256491170661 0.9999255009404958 -0.045073287953233
1633462523215576 1606417097502930 0.9976935529925629 -0.06702091243518012 -0.010759722017664647 -2.2481045615156727 0.06709191556588204 0.9977264062635341 0.006379115504459243 -0.4497947582381894 0.010307724639417884 -0.007086292773699599 0.9999217645733508 -0.043381061243800915
1633462523319336 1606417097502930 0.9976955916581113 -0.06698303032830667 -0.010806481317884108 -2.248260451538504 0.06705522783235524 0.9977283354507549 0.006462589533794933 -0.449075577352668 0.010349048786607489 -0.007172328155383863 0.9999207243067043 -0.04545093420774324
1633462523423096 1606417097502930 0.997690197778453 -0.06709053161002634 -0.010636250727616444 -2.248292473162384 0.0671593413740776 0.9977226904600571 0.00624946492193097 -0.4486705734222737 0.010192748768451903 -0.006949353487511571 0.9999239042840455 -0.04485279693758547
1633462523526734 1606417097502930 0.997711023288672 -0.06680506612941463 -0.010478413629031132 -2.2516485542215947 0.06686944365587813 0.9977441808746275 0.005918364675949491 -0.4497473258556109 0.010059399479585944 -0.0066055033667918265 0.9999275852817452 -0.04482951915256345
1633462523630371 1606417097502930 0.9977058107614848 -0.06688218198024067 -0.010482791173903576 -2.247595665440765 0.06694738752295018 0.9977384812246836 0.005997532140730904 -0.44654831753931146 0.010057956108754897 -0.0066855681500625624 0.9999270676891517 -0.040439676964112194
1633462523735718 1606417097502930 0.9976921111270056 -0.0670670672522563 -0.010604710726168101 -2.249748193790437 0.06713326052714368 0.9977258938864775 0.006013817746653998 -0.44545713872055376 0.010177265369393212 -0.006711867331572115 0.9999256842918501 -0.04076904936049577
1633462523841065 1606417097502930 0.9977165289063479 -0.06669128662828992 -0.01067708946283791 -2.25064245014941 0.06675647875881278 0.9977520305350244 0.005870103186974816 -0.44481672347659695 0.01026160295754756 -0.006569463871947803 0.9999257680693988 -0.04162336047246128
1633462523944824 1606417097502930 0.9976856605735388 -0.06713257421289633 -0.010795377249407597 -2.248174822573781 0.06720041109695926 0.9977211632827214 0.006048561038670495 -0.4445991071647198 0.010364720874521848 -0.006760016404477201 0.9999234344385598 -0.043679303302639194
1633462524048462 1606417097502930 0.9976898358126906 -0.06701259395764989 -0.011149160128859638 -2.247250921670385 0.06708409599955698 0.9977282629930704 0.006167438140628572 -0.4457012298216889 0.010710536141297937 -0.0069011216742921044 0.9999188261730063 -0.045893054300623515
1633462524152222 1606417097502930 0.9977055468019652 -0.06672871456036959 -0.011442051309864027 -2.249346699363498 0.06680140166137172 0.9977476920700639 0.006092266360099886 -0.44432290927724866 0.01100975118397065 -0.006842633005431661 0.9999159783463911 -0.04559213621836063
1633462524255982 1606417097502930 0.9977639637255986 -0.06580633333253025 -0.011687565545296567 -2.242551942458067 0.06587908416282198 0.9978098598398056 0.0059523004629293925 -0.44963087884597674 0.011270269070236831 -0.006708957017380265 0.9999139817658436 -0.04731769466020798
1633462524359741 1606417097502930 0.9977839238480892 -0.06536781121799744 -0.012421375581793416 -2.2380628707366457 0.06543812099950895 0.9978423382886742 0.005340434730449572 -0.4391050653579429 0.012045481925989613 -0.006141431398690638 0.999908590414917 -0.04419332805992106
1633462524466553 1606417097502930 0.9978479040147131 -0.06436151140451472 -0.012536199888157299 -2.2326048055961425 0.06442659154427317 0.997910623350865 0.004858200277996778 -0.4344207518456568 0.012197325932217156 -0.005655409594381822 0.9999096167066419 -0.04581701618810071
1633462524573242 1606417097502930 0.9979395014652299 -0.06299407878770703 -0.012185953285727849 -2.225793939354813 0.06305958164743046 0.9979968986433285 0.0050674910176965494 -0.42272452830087776 0.011842321657717656 -0.0058254905760397446 0.9999129077461216 -0.04892144844204405
1633462524677002 1606417097502930 0.9980331268870944 -0.06157714858394778 -0.011752974632192832 -2.2114641970758684 0.0616588904468666 0.9980746319681543 0.006723857149023252 -0.41192048569161016 0.011316309879809014 -0.007435307550436379 0.9999083244639655 -0.04622413644018978
1633462524780640 1606417097502930 0.9981234492218193 -0.06013024659461793 -0.011572966882954536 -2.200779773644316 0.060215158506373254 0.998159928985478 0.007133782883119283 -0.39802790935800353 0.01112271567810193 -0.007817264012527247 0.9999075835192486 -0.04704532789379446
1633462524884277 1606417097502930 0.9982778333644958 -0.057510898401876606 -0.011569960352672725 -2.1852129654177808 0.05759419145558755 0.9983155411326756 0.006999246246255212 -0.3850652163102477 0.011147938290579074 -0.007653554889564544 0.9999085691049069 -0.05060949324822652
1633462524988037 1606417097502930 0.9983855208223303 -0.0556789928133755 -0.011233947484197362 -2.170277883894815 0.05576143583132757 0.9984184201981965 0.007163831895844998 -0.37020087079833053 0.01081730515509269 -0.007778687080172044 0.9999112350286353 -0.04671256460535264
1633462525091553 1606417097502930 0.9985235502530859 -0.05318240399586196 -0.011061261214677062 -2.154929688513242 0.053262107346034177 0.9985557489668042 0.007040179746990572 -0.35210751986223693 0.010670872293207543 -0.007618931357566549 0.999914038490045 -0.04310143649942926
1633462525195313 1606417097502930 0.9986996858364517 -0.04983823059013021 -0.010727920874196658 -2.135937960298752 0.049912984970592045 0.9987303058661311 0.006816896679218915 -0.34008102754053915 0.010374557627362918 -0.0073434951252585555 0.9999192175537893 -0.04504414955456133
1633462525299072 1606417097502930 0.9988559432798578 -0.046628705646889236 -0.010609825100662433 -2.114155372885849 0.046703129365121304 0.9988851318941815 0.006878298678729 -0.3231714687202387 0.010277270380584591 -0.007365941549103576 0.9999200571138774 -0.044947060573676395
1633462525404419 1606417097502930 0.9990393585031764 -0.04248339840252381 -0.01074807081293308 -2.0959201866441766 0.042554278671896 0.9990733091748302 0.006454166532899774 -0.30425552441756887 0.010463915746125693 -0.006905342793244245 0.9999214082657527 -0.042750425728443384
1633462525509766 1606417097502930 0.9992313191189665 -0.03767444265648341 -0.010835463384595928 -2.0647876027031815 0.037730486457330466 0.9992753668924905 0.005015128915322027 -0.27907925879574935 0.01063866946233332 -0.00542010118608819 0.9999287180670451 -0.04218691628285971
1633462525613403 1606417097502930 0.9994534569954726 -0.031043181318748482 -0.011362578839142568 -2.029216657063765 0.031083916281783173 0.9995109064029479 0.0034260961181050275 -0.2501167509774337 0.011250664551551435 -0.0037774170586114494 0.9999295743538712 -0.04635093351294414
1633462525717163 1606417097502930 0.9996792112484092 -0.022241024240754057 -0.012116577195979366 -1.983209915966257 0.022270305390271385 0.9997493700189934 0.002287061196265191 -0.20321059675069797 0.012062673834933724 -0.0025561674071927576 0.99992397606425 -0.04179502392638752
1633462525820801 1606417097502930 0.999843448654098 -0.011533622769005204 -0.013418410254853725 -1.9261663355680136 0.011567913343921205 0.9999300123510388 0.0024806823626630013 -0.15252732257407906 0.013388859877256605 -0.002635517015535864 0.9999068919060656 -0.043928358000199605
1633462525924561 1606417097502930 0.9998904480930466 0.000660212423208197 -0.014787019182639005 -1.8605982016288114 -0.0006056641838281436 0.999992997062593 0.0036931018310945355 -0.08715715497940592 0.014789353861745274 -0.003683741276833634 0.9998838457853781 -0.04699713891153311
1633462526028320 1606417097502930 0.9998052228625307 0.01330943309653444 -0.014573103029876352 -1.7791850704034293 -0.013243401066593549 0.9999016371630444 0.0046182606377712584 -0.01763712203278632 0.014633136009067174 -0.004424363657964869 0.9998831413404082 -0.040373510995729577
1633462526132202 1606417097502930 0.9994962930089238 0.028975120732073718 -0.012946143999139983 -1.6823491091911151 -0.02893441907550132 0.9995757975984843 0.003320278991751033 0.05733749157561653 0.013036857698386226 -0.0029440173881210775 0.9999106825626831 -0.04239319256069306
1633462526235962 1606417097502930 0.9988257418877595 0.047058110129916904 -0.011518316623226102 -1.576590714505517 -0.047047814107937444 0.9988919610045377 0.0011633712390865787 0.13868354394999916 0.011560299931110586 -0.0006200935216442531 0.999932985229274 -0.04165956481485657
1633462526339722 1606417097502930 0.9976740048636831 0.0672210983485981 -0.011309463317645983 -1.455076721772302 -0.0672323946698122 0.9977371493664448 -0.0006211968683569787 0.22926938473065592 0.01124211415560571 0.0013801142687351242 0.9999358530195414 -0.04300723420127536
1633462526443604 1606417097502930 0.9960889386789122 0.08742062575808014 -0.012824212960227663 -1.3271188817759918 -0.08742848147227529 0.9961707975602712 -5.215410761009963e-05 0.333088918978826 0.012770547107921115 0.0011731515948842396 0.9999177650396557 -0.0486144028909711
1633462526547363 1606417097502930 0.9939534153308562 0.10886935824900218 -0.01428534182447208 -1.1746463392080861 -0.10883854635321344 0.9940551539469067 0.0029192025926209368 0.4464117491140329 0.014518229379334825 -0.0013467555486409758 0.9998936979825314 -0.05024242979153848
1633462526651001 1606417097502930 0.991329359660024 0.1307529616137144 -0.013029340342268955 -1.0090657267588095 -0.1307061585238299 0.9914114551254338 0.004384834601124516 0.561148874617751 0.01349076737830658 -0.002643800253104444 0.9999055002927859 -0.054569742119149806
1633462526754639 1606417097502930 0.9881583564407665 0.15304453940907037 -0.010974131301106064 -0.8316664467258184 -0.15301436300560115 0.9882176115337031 0.0035435819560103447 0.6808638598419533 0.011387155691326752 -0.001822420410981699 0.9999335035236631 -0.05075976985451098
1633462526858399 1606417097502930 0.9844278790790995 0.17543833071685233 -0.011096982093146534 -0.6332147933658524 -0.17541925941189215 0.9844901818061715 0.0026768188396124556 0.7989613673077715 0.01139448654720925 -0.0006885107124703354 0.99993484369199 -0.04924886015981795
1633462526961914 1606417104969727 0.9858341703157721 0.16771374747494575 -0.0017571426205252121 -1.226749532343036 -0.16771471388715584 0.9858354837378124 -0.0004168376763153615 0.10523661257054825 0.0016623441365144903 0.0007056314966454466 0.9999983693467519 -0.03249490088256494
1633462527065552 1606417104969727 0.9822324372876114 0.1876482382385274 -0.0027527859490181056 -1.0137025466692062 -0.1876531775758875 0.9822339494907073 -0.0016593426483992252 0.24028656464025147 0.0023925070901950705 0.0021464292043471608 0.9999948343624051 -0.04091279756606907
1633462527171021 1606417104969727 0.9784526835536437 0.20644507810247092 -0.003282648077937953 -0.7811146253132503 -0.20644863238172426 0.9784571294005348 -0.00077981885483962 0.390302088586043 0.0030509406507713954 0.001440714057481126 0.9999943080358759 -0.041505513807039984
1633462527276611 1606417104969727 0.9749760403324527 0.22229483642021033 -0.0025935464193435603 -0.5361140330998336 -0.22229576175828658 0.9749792763640525 -7.049395262575507e-05 0.5408564837463616 0.0025129835694749966 0.0006452642917404537 0.9999966342681226 -0.042290201468546694
1633462527380127 1606417104969727 0.9718604750524669 0.2355490729324596 -0.0019624667940409306 -0.2687060010086789 -0.23554862024258552 0.9718624563533611 0.00046199252270662954 0.6935374277802462 0.002016069709389298 1.3264073019849746e-05 0.9999979676414303 -0.04652243097828656
1633462527483521 1606417105591919 0.9758599870377587 0.2183967458094497 -0.0003835661267501139 -0.8876363161125056 -0.21839683887329037 0.97586001683693 -0.00021980365418915721 -0.03194099953841912 0.00032630244411577594 0.00029826722070831383 0.9999999022816852 -0.0357203004529844
1633462527587036 1606417105591919 0.9740561976370636 0.2263062525935389 -6.234068184231566e-05 -0.6121883116125112 -0.2263062483485375 0.9740560126864732 -0.000605072065918465 0.1408518978397655 -7.62082758033864e-05 0.0006034822816508195 0.9999998150007001 -0.04492287160983168
1633462527690552 1606417105591919 0.9730357476707564 0.23065163712615983 0.0011207364989619388 -0.31948537309459996 -0.23065110781617124 0.9730363443080713 -0.0005823428742057664 0.3122879157459403 -0.0012248356831841298 0.0003081413189472691 0.9999992024129203 -0.046256322390628844
1633462527794190 1606417105591919 0.972950631952458 0.2310111745680373 0.0009513214357845266 -0.029154023426066277 -0.23101205525555496 0.972950422633365 0.0009515401340487134 0.5058872264619243 -0.0007057721889899382 -0.001145568294837513 0.9999990947790398 -0.04993259767411098
1633462527897705 1606417106006592 0.9770424423840187 0.2129906374942737 0.004801471078732247 -0.4860186266488851 -0.212987568312003 0.9770542352445496 -0.0011476670657528255 -0.08580865957806869 -0.004935739992834414 9.866578358702849e-05 0.9999878142936475 -0.04981135608397939
1633462528001465 1606417106006592 0.9782717764593413 0.20730169715569313 0.003215236215190452 -0.1790461378933614 -0.20730768313232073 0.9782743961163411 0.001652398857097183 0.12493383066348875 -0.0028028381793261965 -0.0022830383358410145 0.9999934658957016 -0.034369077953327845
1633462528105103 1606417106006592 0.9800274052154946 0.19884758052098334 0.0024340813465690793 0.13456737474687902 -0.19885509043156505 0.9800230880370181 0.0033763779863715095 0.3525288918502147 -0.001714071324279822 -0.003792972423291697 0.9999913376223274 -0.04059743590663654
1633462528208740 1606417106421387 0.98438184142673 0.17571250348503548 0.010840036568521188 -0.4598014468399058 -0.175705758137317 0.9844414626510338 -0.0015789792112871125 -0.35081681099066453 -0.010948827844847329 -0.0003503383799261358 0.9999399984158268 -0.028775538289505926
1633462528312622 1606417106421387 0.986138348790387 0.1655460198041756 0.01121036914780425 -0.13785362328559542 -0.16551666182905067 0.9862007679405355 -0.0035042795167593735 -0.10040607549671192 -0.01163579418871627 0.0016002015371375522 0.9999310214452989 -0.03751924245266489
1633462528416382 1606417106421387 0.9879539115972581 0.15447302920697611 0.009227773933256972 0.18838617776833547 -0.15442417208285059 0.9879876453150228 -0.005795497033769546 0.1483460166584212 -0.010012174622361975 0.004300692614342403 0.9999406284386931 -0.047462037134999566
1633462528520142 1606417106732422 0.9908679214729971 0.13427801924959626 0.012254621440624463 -0.26159526229654706 -0.13421063752869072 0.9909336292335963 -0.0061682438782428095 -0.3836313467326977 -0.012971776069231767 0.004467214434544052 0.9999058840814999 -0.047590312585601924
1633462528625366 1606417106732422 0.9922537713916618 0.1240227499657711 0.007128159258665202 0.07337847293066141 -0.12398226899217736 0.9922670900887983 -0.0058667628829966265 -0.10623492345894421 -0.00780064991141419 0.004937552237876085 0.9999573843113805 -0.056309558333608976
1633462528730469 1606417106732422 0.9935828342768452 0.11306653415075378 0.0030183256937247045 0.41087346833163 -0.11304735508619677 0.9935720316274249 -0.005908763003554883 0.1750903842900283 -0.0036670073455492697 0.005529631755665592 0.9999779878726204 -0.060675153667555735
1633462528834473 1606417107043579 0.9953523936335793 0.09611987174923407 0.005880709759934229 -0.0814713548236484 -0.09607688537631046 0.9953478626607178 -0.007201694078026434 -0.39068983357291587 -0.006545577801621063 0.00660322316122909 0.9999567754933841 -0.05688516653459402
1633462528938477 1606417107043579 0.996413262702617 0.08424715267438065 0.007938965993787668 0.2762582718846186 -0.0841805166836921 0.9964152454064911 -0.008384469980517627 -0.08845794239420118 -0.008616874471496918 0.007686090830011247 0.9999333345189046 -0.08098296638488535
1633462529042481 1606417107043579 0.9971677313028117 0.07463573303873468 0.009274858847433178 0.6687973882942136 -0.07454733008682496 0.9971718645132671 -0.009537725332900726 0.20661700887174383 -0.009960483411713229 0.008819295967969968 0.9999115004783347 -0.079368995481356
1633462529146362 1606417107354736 0.998059816256641 0.061305851270909054 0.010871788177404628 0.12453749165939908 -0.06114996827039549 0.9980285128260078 -0.014133965165589632 -0.37052874207526265 -0.011716849352738206 0.01344173317402538 0.9998410049855548 -0.07338588963759875
1633462529250244 1606417107354736 0.998754095452792 0.04928833491753267 0.007804925483182388 0.46128071152187183 -0.04918746721991261 0.9987097387867485 -0.012627379991913556 -0.03480478548998228 -0.008417237624712689 0.01222774296537712 0.9998898101354681 -0.06651881651306181
1633462529354736 1606417107665772 0.9991320173220455 0.040906896253519245 0.007863701758680442 -0.11601978492952733 -0.0408748944229663 0.999155494571701 -0.004188159208588017 -0.6366156635892878 -0.008028385414079712 0.0038630959797740696 0.9999603099708979 -0.044930694485066876
1633462529458985 1606417107665772 0.9995557515191409 0.02934741567714899 0.005198923210026701 0.24085407996202646 -0.029310552700515035 0.9995456305280348 -0.007030220278852447 -0.28848087137097755 -0.0054028797748463175 0.006874713801424692 0.9999617728694868 -0.04769423604246404
1633462529562622 1606417107665772 0.99982205832004 0.018408372811806642 0.004121105624173486 0.5952307784134858 -0.0183634143513136 0.9997741908791058 -0.010693562075220523 0.06947201798756752 -0.004317026118292571 0.010615981674634184 0.9999343299530116 -0.056857667530164316
1633462529666138 1606417107976807 0.9998875079931142 0.013015152389546418 0.007455009863330252 -0.0010206973856009467 -0.012935223781707281 0.999859393146881 -0.01067117266908048 -0.5770714022820925 -0.007592848576299722 0.010573540026550466 0.9999152708613889 -0.04043347383551231
1633462529769653 1606417107976807 0.9999677768169398 0.0017798376709170112 0.007827995280889368 0.36372512025846965 -0.0016943710084886218 0.9999390356498313 -0.010911191274843305 -0.20179325258798056 -0.00784693820149198 0.010897576153246588 0.9999098301321206 -0.04480346454376583
1633462529872925 1606417107976807 0.9999266670767089 -0.008672086135291322 0.008453129325414812 0.7297402727637835 0.00874709927503921 0.9999223334162682 -0.00887780345036738 0.1869349767424888 -0.008375483723505767 0.008951092776462145 0.9999248617823765 -0.05872110313465334
1633462529976441 1606417108287964 0.9999394837872947 -0.010883651004913416 0.0016046521328761053 0.08573385634209806 0.010900509740306225 0.999881165696517 -0.010901072297786862 -0.46008555106480864 -0.0014858179786858326 0.01091790413235681 0.9999392940145373 -0.04235832820459888
1633462530079956 1606417108287964 0.999805226983637 -0.01955808550056319 0.0026437458683684595 0.46834660911743803 0.019562200910529414 0.9998074560207373 -0.0015398653652921913 -0.03732371256640807 -0.002613120012539234 0.0015912829289000455 0.9999953197002676 -0.05169917726580543
1633462530183594 1606417108495361 0.999758878499123 -0.021696351438868517 0.003384257803795495 0.15251643047788277 0.02170277655544949 0.9997627115952371 -0.0018734988627937851 -0.34278316546630294 -0.0033428066689049703 0.0019464949128535547 0.999992518372577 -0.046616346393262405
1633462530287232 1606417108495361 0.9996071206667887 -0.027864131723703393 -0.0030322400963509314 0.5363859982023089 0.027840831903269886 0.9995844380250952 -0.00747257261283585 0.08773464486582473 0.0032391967602598886 0.007385216706660987 0.9999674825605801 -0.044736662014299836
1633462530390869 1606417108702881 0.999609169175961 -0.02782450617265428 0.0027029169537519902 0.2193799431059833 0.027833577671352795 0.9996068611075136 -0.0033786365981932757 -0.22236455654640966 -0.0026078454370869137 0.0034525479718312277 0.9999906394835296 -0.03388846232188381
1633462530494507 1606417108910401 0.9996168790451266 -0.027268051181246127 0.004748527911169507 -0.12767813314658527 0.027281359429064983 0.9996239821730388 -0.0027607420531491986 -0.5630863847941866 -0.004671462324409159 0.002889230651714756 0.9999849147792145 -0.0019550891359376077
1633462530598145 1606417108910401 0.9995051554530455 -0.03138896731790854 0.002043760740446543 0.279366758027755 0.031390367781693664 0.9995069851840673 -0.0006567977256478895 -0.11086460279525436 -0.0020221369337719286 0.0007206271141736942 0.9999976958267371 -0.02240008130439736
1633462530702026 1606417109117676 0.9995063773560742 -0.031127829684120464 -0.004249688007256077 -0.09419351636897869 0.031105402247427257 0.9995023465531506 -0.005245301729819989 -0.4614063719411841 0.004410847994249049 0.005110524275208744 0.9999772132211835 -0.05016452022361882
1633462530806030 1606417109117676 0.999422340161389 -0.033984063504036585 0.0002634740067457248 0.3341074721446821 0.033983662229380096 0.999421405718013 0.0014016057135403763 0.014185425014119986 -0.00031095381976784854 -0.0013918422505555213 0.9999989830409187 -0.044247330019561576
1633462530911621 1606417109325195 0.9994681422440113 -0.03261020094920238 8.624281522715182e-05 -0.04075346410565837 0.032609639243678705 0.9994609615542472 0.0037944382881236844 -0.3268420919861858 -0.0002099337220986655 -0.003789607839590146 0.9999927973741883 -0.0205886519761631
1633462531017456 1606417109325195 0.999382636597177 -0.03512227794281436 -0.0008782167434016772 0.4037144158664667 0.035121658188915585 0.9993827910212089 -0.0007114360023138298 0.15828328624089652 0.0009026619531521008 0.0006801523594834951 0.9999993612968792 -0.028478891079221056
1633462531121338 1606417109532715 0.9994405350034098 -0.03341995438202872 -0.0013128768664942814 0.017306192922103503 0.033415491588853215 0.99943614585603 -0.003285617565263011 -0.2067692178518128 0.0014219417845772958 0.00323990895134629 0.9999937405161836 -0.030641200358969552
1633462531225220 1606417109532715 0.9993784164972835 -0.035242190669792894 -0.0008767215302496435 0.47267246607352154 0.03524027350593579 0.9993766333939839 -0.0021137061761669976 0.2911651692275264 0.0009506666474031877 0.002081496424759113 0.9999973817993522 -0.04077883944965199
1633462531328980 1606417109739990 0.9994344411004661 -0.033555855101878355 -0.002191468696198439 0.0831460634984028 0.033551849109113456 0.999435284686246 -0.0018398776990561545 -0.07269494857174094 0.002251969809735766 0.0017653093128232552 0.9999959061491233 -0.02952480042891251
1633462531432861 1606417109947388 0.9995313557595417 -0.030301599822726517 -0.004345331534168195 -0.30659662675592286 0.03030489903560713 0.9995404591578757 0.0006954174074783403 -0.4456642441834047 0.004322262416854858 -0.000826776337532959 0.9999903171973654 -0.027678231694218427
1633462531536621 1606417109947388 0.9994926008828678 -0.03183144198832316 -0.0011402130545650536 0.16729002692578898 0.03183246215888813 0.9994928242673011 0.0008880290211003083 0.07778612001316515 0.0011113675219020856 -0.000923874224869467 0.9999989556587786 -0.029180714186020563
1633462531640137 1606417110154785 0.9997027648090318 -0.02427898549733646 -0.002216506454661372 -0.2356394135970677 0.02428133159928934 0.9997046263715982 0.0010377627158517587 -0.30927591707516655 0.0021906559311747472 -0.0010912739844678983 0.9999970050693562 -0.030047345206649517
1633462531743897 1606417110154785 0.9996556535175481 -0.02613672205719132 -0.002333699846702674 0.2494727685130665 0.02614183623244763 0.9996558481926362 0.002188510251876998 0.21688078009058237 0.0022756962155048867 -0.0022487638452731175 0.9999948821208551 -0.03289116715499215
1633462531847290 1606417110362061 0.9998514012732141 -0.017223724445249135 -0.0007202032281378375 -0.14563012100629202 0.01722548212471947 0.9998484797599194 0.002510038209759032 -0.18901378569928337 0.0006768618962983602 -0.002522071069103699 0.9999965905019356 -0.0190430811372402
1633462531950928 1606417110362061 0.9998328666428691 -0.01815920452538958 -0.002117091441923465 0.3479514200690261 0.01816344776959883 0.9998330254757682 0.002002582722051439 0.33814242665217076 0.0020803726323538173 -0.0020407017035024445 0.9999957537841188 -0.030114634841929323
1633462532054566 1606417110569336 0.9999627311565833 -0.008202026015636526 -0.002695008640280693 -0.06357154524968471 0.008212861522177229 0.9999581353044699 0.004034420465279577 -0.09286111701279759 0.002661805392944294 -0.004056403839849644 0.999988230120704 -0.032879734356505895
1633462532159058 1606417110569336 0.9999780135503642 -0.006101929555978596 -0.0025959345190479455 0.4436712192500621 0.00611741304867599 0.9999632940529376 0.005998983985301147 0.4371457642417325 0.002559233855121457 -0.006014732492628786 0.9999786364293575 -0.0340154507514241
1633462532263916 1606417110776978 0.9999889248557872 0.0046352412459765915 -0.0008152967704551897 0.029737036900143028 -0.004631445485480843 0.9999787059897689 0.004597530229118036 -0.0016107717759203499 0.0008365900712632236 -0.00459370330825061 0.9999890989440677 -0.04621425136281479
1633462532368286 1606417110984375 0.9998983812584074 0.01409186899723855 -0.002155548525816541 -0.4015600088221441 -0.01407505960583083 0.9998718745619761 0.007624117094979583 -0.45496077893936987 0.0022627104045344643 -0.007593002867793562 0.9999686127319573 -0.025654297744348065
1633462532472778 1606417110984375 0.9998833217236925 0.01527455580658909 -0.0001757503107486683 0.11987963665494336 -0.015274144687099908 0.9998810501148296 0.002141525112762322 0.05699742325422512 0.00020844025011500898 -0.0021385908076235437 0.9999976914883453 -0.012433704599297584
1633462532576416 1606417111192017 0.9997348918748193 0.023011885061947426 -0.0007740273927893954 -0.3160325631766714 -0.023005915494506767 0.9997108527879504 0.006995618251055504 -0.4062378912439166 0.0009347859480551844 -0.006975956447011963 0.9999752307966837 -0.03901429358448804
1633462532680176 1606417111192017 0.9997547134594509 0.0221115429176146 0.0012619785573898222 0.20853363763423255 -0.022113084570779467 0.9997547302208317 0.0012210226465470119 0.09212034072552801 -0.0012346703375324813 -0.001248629384689386 0.9999984582557202 -0.04256071720995278
1633462532783936 1606417111399414 0.9995969745394516 0.027736060065319288 -0.006049749424029029 -0.2405552683476419 -0.027784800623490133 0.9995808895505465 -0.008127121514811896 -0.41945849224245213 0.0058217995803228695 0.008291937159470663 0.9999486738967106 -0.033975659382661776
1633462532887695 1606417111399414 0.999699642962597 0.024230680531699262 0.003673960518670712 0.28641198474695917 -0.024245956266514657 0.9996973185387189 0.004171919903735388 0.10444456917650899 -0.0035717600205329896 -0.004259745524283912 0.9999845484298365 -0.025712911615612014
1633462532991333 1606417111606934 0.9995569891818151 0.028421914365942304 0.008832902468929663 -0.16671031421541335 -0.028417682746937803 0.9995959534766957 -0.0006042390055438099 -0.3991056009058642 -0.00884650719464878 0.00035296070103014125 0.999960806596538 -0.04206052719773602
1633462533095215 1606417111606934 0.9997375063914896 0.022751134514386886 0.0027026277768597514 0.33663691496669745 -0.02274014631093719 0.9997332901315374 -0.004029187634471978 0.09904277240551346 -0.002793575549210229 0.003966671847391782 0.9999882306557942 -0.04928016016585305
1633462533198975 1606417111814331 0.9996778883475477 0.02377411988513619 0.008883173821364608 -0.12867680920323998 -0.023792006759379175 0.9997150992062604 0.0019133316085112888 -0.4099822858095223 -0.008835155223031474 -0.0021240638337031137 0.9999587133402136 -0.0071408693859989015
1633462533302735 1606417111814331 0.999842432558296 0.017443215771170542 0.003293066038727817 0.3675734307720671 -0.01744126201067817 0.9998476967200407 -0.0006210857992193046 0.09617691801969322 -0.003303398227569813 0.0005635527087176638 0.999994384968483 -0.02548742521587798
1633462533406616 1606417112021729 0.9998344638638034 0.017486689737191898 0.005025988129889293 -0.1233966751758482 -0.017457048086589974 0.9998303109042911 -0.0058822507254216025 -0.442602758169258 -0.005127996367888834 0.0057935380838853535 0.9999700688369235 -0.03990879266825553
1633462533510376 1606417112021729 0.9999081628360083 0.008349676179515465 0.01067468060794789 0.377357956568301 -0.008390064686431348 0.9999577922058986 0.0037444126012093773 0.07485056725790776 -0.010642965420500344 -0.003833629985774356 0.9999360132369424 -0.03333017799141258
1633462533614258 1606417112229004 0.9999632979438536 0.008330662254694596 0.002000708903295185 -0.16563779637328407 -0.00832705797010209 0.9999637037620959 -0.0018031273997401052 -0.48663396407974574 -0.0020156575304537895 0.0017864012022339958 0.9999963729411545 -0.032441108041750696
1633462533717896 1606417112229004 0.999973018682979 0.0017003589366967231 0.007146376004814715 0.335426270092527 -0.0016792568163822475 0.9999942157257307 -0.0029578059590067295 0.020957763743510216 -0.007151363999995322 0.002945725552881356 0.9999700898996463 -0.0404309063671525
1633462533821655 1606417112436279 0.999972007214291 0.00044259579847930487 0.007469196827409369 -0.20869694140052789 -0.0004678853978337063 0.9999941632931266 0.0033844449175485405 -0.5288369980906586 -0.007467655290779542 -0.003387844905628748 0.9999663777504489 -0.05974960144173253
1633462533925415 1606417112436279 0.9999805115007344 -0.006222477424899241 0.0005073439582531417 0.25990316044471007 0.0062220944008518474 0.99998035901942 0.0007530744481937447 -0.027828048295801384 -0.0005120199822723243 -0.0007499030298992846 0.9999995877404068 -0.06619993962775049
1633462534029053 1606417112643555 0.9999562751366274 -0.006676447918371411 0.006547737207644599 -0.29750274759246437 0.006667315293889764 0.999976771204844 0.0014156136382563224 -0.6002572763722623 -0.006557036382311977 -0.0013718959123154542 0.9999775613359967 -0.03289389006675386
1633462534132813 1606417112643555 0.999926464190767 -0.012042181316241114 0.001432509882419245 0.17867472839399182 0.012041226571235235 0.9999272751547814 0.000673252300347781 -0.08565709551788994 -0.0014405131296289205 -0.000655953616133848 0.9999987473226039 -0.05060224740172997
1633462534236572 1606417112851074 0.9998794059908502 -0.014459815392694605 -0.005664558116837105 -0.39692183491024813 0.014428594778144782 0.999880697493657 -0.005514203187373573 -0.6720623855121985 0.005743616680970863 0.005431806593826704 0.9999687526840774 -0.06710399475725314
1633462534340210 1606417112851074 0.9998963341112174 -0.014286281526999917 -0.0017953260276161247 0.09235080131780417 0.014286530815734477 0.999897934360807 0.00012610593960019634 -0.14442852014824703 0.001793341201558197 -0.0001517418473333725 0.9999983804495618 -0.06147701085948341
1633462534443970 1606417112851074 0.9998974483392619 -0.014317737463949582 -0.0003085498535983067 0.5865332614494176 0.014319152505574487 0.9998838731163472 0.005215568793559529 0.3734108049098133 0.00023383887795346044 -0.005219452100715649 0.9999863512264293 -0.06088433141286112
1633462534547608 1606417113058594 0.9998979226778055 -0.013671352741887676 -0.004151908390343591 0.0070609175389021945 0.01367035782446288 0.9999065204022767 -0.0002679149648161699 -0.20967720739338086 0.004155183031597031 0.00021112954342314023 0.9999913449016896 -0.03648281505172057
1633462534651367 1606417113058594 0.9999056503960373 -0.012194194797599594 -0.006323916806978535 0.5117711320539315 0.012173922717840738 0.9999206644085795 -0.0032342694431557887 0.322804743310887 0.006362854406902097 0.0031569774166254993 0.9999747734705049 -0.04462601670668398
1633462534755127 1606417113266113 0.9999474686204287 -0.009940495618665232 -0.0024993100883565498 -0.05950192161292255 0.009934575393841403 0.9999478420503813 -0.002370104427092563 -0.26383744912766777 0.0025227397421345287 0.0023451503377266885 0.9999940680094492 -0.05554854460383176
1633462534858765 1606417113266113 0.9999652914862514 -0.008039820534459754 -0.002185660782407099 0.4556949135942588 0.008033865418128212 0.999964028954943 -0.0027198910101268715 0.26948456402722176 0.0022074495974944218 0.0027022373021707595 0.9999939125213899 -0.056492323167403324
1633462534962402 1606417113473633 0.9999704465439126 -0.006541595500877319 -0.004039006256061946 -0.11037322000895884 0.006532193767323621 0.9999759351903678 -0.00233655498571353 -0.30074623737783035 0.004054193855718321 0.0023101023609411997 0.9999891134103722 -0.04673691566243418
1633462535065918 1606417113473633 0.9999841143884431 -0.005226382535381252 -0.00211090047627446 0.4230283001370216 0.005224000816010688 0.999985713826972 -0.0011322375640034756 0.25057099567464924 0.0021167878262106994 0.0011211922319042575 0.9999971310645236 -0.03813699704457851
1633462535169678 1606417113681030 0.9999779395545977 -0.004480681935557115 -0.004903457759511274 -0.14349776871228653 0.004474904955953326 0.9999892813129487 -0.0011884819363620243 -0.3244416048444495 0.004908730410414109 0.0011665132104892268 0.9999872717253394 -0.04298270879164333
1633462535273193 1606417113681030 0.9999754684364178 -0.002839351353605518 -0.006403172160978128 0.39723735126487303 0.0028280693952214943 0.9999944340185806 -0.00177029935887769 0.2377324824899404 0.00640816302290747 0.0017521473154416694 0.9999779324697405 -0.045446681542133764
1633462535376709 1606417113888428 0.9999900193322648 -0.0018293980765531344 -0.0040760940862143 -0.15154617899193634 0.0018199608494177384 0.9999956578355012 -0.0023177698582645583 -0.34590652671278516 0.004080316510854768 0.0023103283937130816 0.9999890066395152 -0.04904845511448044
