1631149238594189 1606417097502930 0.998486287677596 -0.054265526137093824 -0.008965823851888781 -4.747683426289059 0.054144450720648385 0.9984453837480451 -0.013236092053296105 -3.910390946020505 0.009670148935665998 0.012730606809907527 0.9998722017687132 -0.06085690906909316
1631149238697897 1606417097502930 0.9984694045224393 -0.05462269198744373 -0.008672355914970585 -4.748561396480409 0.054501562172388905 0.9984205421215833 -0.013638210838599259 -3.906263774902081 0.009403614083971888 0.013144679309657471 0.9998693861940201 -0.046985368763784924
1631149238801632 1606417097502930 0.9984605715296181 -0.054739298531725045 -0.008949653706623671 -4.752972637749943 0.05461754026910171 0.9984184197475305 -0.013326042483123069 -3.911921922498396 0.00966495732876339 0.012816719922182371 0.9998711518442114 -0.05599484983022905
1631149238905361 1606417097502930 0.9984689797710032 -0.05455407485800392 -0.009140533677243311 -4.7468954357932684 0.054427642128773525 0.9984257371399635 -0.013552829715143846 -3.909030905641429 0.009865506161350013 0.013034582362809714 0.999866376797824 -0.04989487983767116
1631149239009087 1606417097502930 0.9984853974319746 -0.05427296896368767 -0.009019753846070346 -4.746237202263571 0.054148569634390444 0.9984415317070944 -0.01350704162302439 -3.910251163761535 0.009738764096467345 0.012998177053847699 0.9998680932338779 -0.05391553149263093
1631149239112808 1606417097502930 0.9984753647046859 -0.054478621395911184 -0.008889650899270704 -4.750324252729684 0.05435587145352989 0.9984302210184867 -0.01351047741452585 -3.910798907053251 0.009611728296058535 0.013006674142226565 0.9998692120007102 -0.05311436664908386
1631149239216549 1606417097502930 0.9984600966415135 -0.05476931502821906 -0.008818024179195584 -4.746833332982831 0.05464784271258886 0.9984147913537389 -0.013472850381260712 -3.9065376575339035 0.0095419445578618 0.012970217495300775 0.9998703539720436 -0.05395352599127153
1631149239320292 1606417097502930 0.9984548054822872 -0.054814580218738404 -0.009130345515765203 -4.747098281252969 0.05468920615687416 0.9984127300210546 -0.013457758591271084 -3.9090617675105506 0.009853534580274255 0.012937632388251104 0.9998677540177313 -0.05384612477617775
1631149239424002 1606417097502930 0.9984745525148586 -0.054420764730877355 -0.009324609955635612 -4.744195341057609 0.05429383872320472 0.9984355719476612 -0.01336367280019446 -3.9062109594425563 0.010037283567621312 0.012837018350012403 0.9998672231343846 -0.0580070304766679
1631149239527727 1606417097502930 0.9984915456769109 -0.05417110883286533 -0.008951211315609626 -4.746751508143638 0.05405005695899735 0.9984502695497799 -0.013253323476251206 -3.9085855457791547 0.009655286579275094 0.012749517961668963 0.9998721044377714 -0.05812615828452342
1631149239631455 1606417097502930 0.9984827056546677 -0.05433389855962561 -0.008950641335239378 -4.748578261323928 0.05421098367724843 0.9984389664436534 -0.013446171951140595 -3.9127461500324485 0.009667252026551233 0.012940547079118288 0.9998695347291809 -0.05613061475582632
1631149239735174 1606417097502930 0.9984632847371877 -0.05466812039589366 -0.009081059886986423 -4.749522986253366 0.05454474543590545 0.9984224867902595 -0.013319482773429139 -3.912805030370838 0.009794885482903241 0.012803690421105966 0.9998700544220623 -0.057675079987251826
1631149239838907 1606417097502930 0.9984723730854524 -0.05449473183257551 -0.009123836477388094 -4.749965911077395 0.05437037537621949 0.9984313987578434 -0.013364290492607175 -3.912663848202098 0.009837808242661731 0.012847808428581308 0.9998690671020699 -0.05559260192266136
1631149239942646 1606417097502930 0.9984692659503908 -0.054545658148617754 -0.009159483287137412 -4.751336631823355 0.054420209669777356 0.9984278252685799 -0.013428272912657082 -3.916898774823227 0.009877536962758608 0.012909256797100555 0.9998678839489228 -0.05454823558616232
1631149240046370 1606417097502930 0.9984520133440494 -0.05478626330260345 -0.009593873410535162 -4.744885706835603 0.054657188917552856 0.9984174524537681 -0.013235646558592232 -3.914321106088892 0.010303822267026693 0.012690783802857602 0.9998663786992537 -0.05842488891784994
1631149240150013 1606417097502930 0.9984542041420065 -0.05480543943029107 -0.009250191591036468 -4.7499417473133585 0.054680818795318796 0.9984162773013265 -0.013226688175798824 -3.9094158638544756 0.009960436310306497 0.012700434365761907 0.999869735853341 -0.05761520102872673
1631149240253752 1606417097502930 0.9984649474854312 -0.0546308962734099 -0.009122160914204433 -4.748741569953426 0.054508255094674975 0.9984261788225901 -0.013191496227526724 -3.910289514935416 0.009828467526249047 0.012674013513917316 0.9998713770318336 -0.059240124201473024
1631149240357491 1606417097502930 0.9984767490992346 -0.05441506291112453 -0.009120440837369211 -4.744762547458377 0.054289818907944196 0.9984345062715415 -0.013459281322230765 -3.9075556264835267 0.009838550484303297 0.01294363237838271 0.9998678239173524 -0.05816454898904565
1631149240461144 1606417097502930 0.9984970364575525 -0.05402107142279218 -0.00924078093475378 -4.75037022448569 0.05389474258154814 0.9984565270900694 -0.013413434972871912 -3.9138496045561793 0.00995112616838666 0.012895245559368869 0.99986733506498 -0.058743214872487744
1631149240564793 1606417097502930 0.9984831158975057 -0.05427320596477673 -0.00926749083510041 -4.748313249074661 0.05414667414518802 0.9984431003852363 -0.013398245280527164 -3.9030708897209525 0.009980228007843784 0.012876117888839361 0.9998672915127411 -0.05846876760772276
1631149240668516 1606417097502930 0.9984756094311836 -0.05445476404090735 -0.009007555092306264 -4.751514538865721 0.05433159330477159 0.9984330820627525 -0.013396216484628342 -3.906525001848983 0.009722928800351029 0.012886400598587068 0.9998696941777746 -0.058550883643123997
1631149240772232 1606417097502930 0.9984774184164218 -0.05437369987365253 -0.00929223756654826 -4.747587164542748 0.054248130959353096 0.9984393092504442 -0.013269741345555624 -3.9043055349235476 0.009999260190637368 0.01274545056132006 0.9998687755328843 -0.06163038588301607
1631149240875855 1606417097502930 0.9984824518002607 -0.054345031056963714 -0.008911287831908917 -4.751015767833527 0.054222184845740054 0.9984377416229538 -0.01349187821896882 -3.906471684616034 0.009630582638648378 0.012988214147402158 0.9998692705405552 -0.05950140605034455
1631149240979468 1606417097502930 0.9984787032700749 -0.05441994786553114 -0.008874029236376292 -4.7504806849517305 0.05429782920736219 0.9984339781657758 -0.013466142428197941 -3.9088842768320626 0.009592959081705505 0.012963815905870382 0.9998699488499572 -0.058378823970452715
1631149241083180 1606417097502930 0.9984851341665278 -0.054304976625267204 -0.008854736960837321 -4.750224898867255 0.054181804828484836 0.998438429173195 -0.013602763695517602 -3.908340497335437 0.009579607426422975 0.013102391703705552 0.9998682705502755 -0.05848857894382595
1631149241186928 1606417097502930 0.9984732778705491 -0.054516460626112664 -0.008892069708932098 -4.750962296651688 0.054394722050090535 0.9984295696256487 -0.013401817589439861 -3.9058278784863227 0.00960872499348191 0.01289767507765502 0.99987065282545 -0.059215275886034265
1631149241290678 1606417097502930 0.9984704309612131 -0.05456353032010791 -0.00892298490425486 -4.746805782321272 0.05444201963880194 0.9984278650073132 -0.013336599231144492 -3.906851905697527 0.009636648703941823 0.012830414662455008 0.9998712494423204 -0.0541762518572752
1631149241394407 1606417097502930 0.998466750315981 -0.054617172899052276 -0.009006272393440758 -4.747081471984048 0.054493123118704606 0.9984230490880224 -0.01348757157576658 -3.9050319375894476 0.009728722972696675 0.012976111850504509 0.9998684775862094 -0.061010079333064744
1631149241498118 1606417097502930 0.9984840574322555 -0.05431905906184026 -0.008889706447465224 -4.752111027104082 0.054197005195489915 0.9984398257376206 -0.013438713232122696 -3.906564943532391 0.009605815214015153 0.01293654544812986 0.9998701786261771 -0.05472488214124846
1631149241601832 1606417097502930 0.9984921745232834 -0.05418332141325171 -0.008805969614914968 -4.749319334310667 0.054062542862156955 0.9984473777476067 -0.01341921505418805 -3.9031128470209193 0.009519394912910291 0.012922908110073773 0.9998711814861309 -0.05418023202502691
1631149241705568 1606417097502930 0.9984660589740287 -0.05462854234341453 -0.009013958218813291 -4.748578003899439 0.054506262757963116 0.9984249095225661 -0.013295389030819097 -3.9093243680386793 0.009726068141679383 0.012783677512936012 0.9998709822710874 -0.055404449768148914
1631149241809311 1606417097502930 0.9984760998818285 -0.05446324006619799 -0.008901317359247244 -4.740649913750531 0.05433962394096173 0.9984300974215475 -0.0135847648937749 -3.904363957542265 0.009627213469804365 0.013080368831038084 0.9998681016574393 -0.053664409760250636
1631149241913048 1606417097502930 0.9984786382578917 -0.05442598119194507 -0.008844292986196807 -4.7473197201132304 0.05430153980675966 0.9984299207224565 -0.013749043065949696 -3.909088112939062 0.009578711904347871 0.013247867070156377 0.9998663622186444 -0.056096179601360444
1631149242016783 1606417097502930 0.9984759660635665 -0.05454791985569907 -0.008382698688924063 -4.75189523657172 0.05442881809620397 0.9984218163798486 -0.013834028403876228 -3.9134733074230685 0.009124086723796264 0.013356684492986583 0.9998691664516973 -0.05420707205603551
1631149242120514 1606417097502930 0.9984700790826448 -0.05463502024962262 -0.008515617622099441 -4.74537045156989 0.0545143748340226 0.9984175014161567 -0.013808541082963947 -3.904303761012224 0.009256571590936713 0.01332319153609889 0.9998683955649738 -0.056505386521337964
1631149242224247 1606417097502930 0.9984760743744588 -0.054501951325267174 -0.008664075713768166 -4.74590451081714 0.05438002305155965 0.9984258371217528 -0.01373538732996861 -3.906681300212441 0.009399042459075873 0.013243302984175 0.9998681277683185 -0.05999668829281354
1631149242327892 1606417097502930 0.9984923715247066 -0.054140795896992173 -0.00904202582792693 -4.748298001648306 0.054014764567362705 0.9984469018550416 -0.013645123277793166 -3.908696533162921 0.009766740508737406 0.013136148605053855 0.9998660172141373 -0.06420001105320601
1631149242431524 1606417097502930 0.9984743404377643 -0.05445148129335236 -0.009166661158611776 -4.751196533876859 0.05432218933628353 0.9984279876483194 -0.013807723588831783 -3.9078392923470893 0.009904102056725693 0.013288704600236446 0.9998626501137535 -0.0588904735454337
1631149242535227 1606417097502930 0.9984858616431873 -0.05419882425171331 -0.009405931791115362 -4.751288284268751 0.05406575038789385 0.9984410669184606 -0.013868328312570911 -3.911367906863421 0.010142915661738921 0.013338790984314208 0.9998595891008678 -0.06454029809010395
1631149242638954 1606417097502930 0.9984866013193684 -0.054157185691283624 -0.009565888780555901 -4.7504357479691 0.05402666120112374 0.9984493967506516 -0.013413501115826046 -3.9125503233924452 0.010277493353006938 0.01287638810867124 0.9998642766694159 -0.06191192309436945
1631149242742598 1606417097502930 0.9984821676280637 -0.05420316199248096 -0.009766174442704037 -4.75349205038146 0.05407047150620281 0.9984475548758838 -0.013374015026578106 -3.914118580141658 0.010475926895761293 0.01282565385667053 0.9998628693770082 -0.0640738870064117
1631149242846228 1606417097502930 0.9984663216430854 -0.054534296357146676 -0.009540181854836223 -4.752192778267136 0.054404275935713495 0.9984291371318917 -0.0133952562663811 -3.911998652511907 0.010255696412393319 0.01285568556562392 0.9998647668758687 -0.06174482728259629
1631149242949953 1606417097502930 0.9984770145016635 -0.05433518855736671 -0.009557133500460203 -4.74949236995527 0.05420435020256591 0.998439216022707 -0.013454379641776218 -3.9132655763324906 0.010273263134359199 0.012915850605472222 0.9998638111601549 -0.0569340168819615
1631149243053692 1606417097502930 0.9984958553942415 -0.05402369748145129 -0.009352372716060433 -4.748461376408124 0.05389227903844073 0.9984517257677162 -0.013775833041132432 -3.9098002949073742 0.010082114115120066 0.013251091516058758 0.9998613701651862 -0.062154241399178814
1631149243157423 1606417097502930 0.9984883167926158 -0.054167550200876685 -0.009325113315649879 -4.747465435129124 0.05403841446924078 0.9984464547097834 -0.013584065797109532 -3.9064472392574126 0.010046441895752104 0.01305961665460317 0.9998642484947998 -0.0625459911527923
1631149243261147 1606417097502930 0.9984973091924523 -0.054005942006875696 -0.009299557400638796 -4.748182589434437 0.053875744968354726 0.9984533329285434 -0.013723923362263352 -3.909836334890742 0.010026347490614916 0.013202279965918528 0.9998625766372594 -0.059006640765239836
1631149243364868 1606417097502930 0.9984973623546124 -0.05403876720943733 -0.009101044656056979 -4.751503128532517 0.053910852135182874 0.9984509638726075 -0.01375837084777443 -3.9118176449052644 0.009830432208489778 0.013247051929041399 0.9998639298513494 -0.06096162035492765
1631149243468590 1606417097502930 0.9984935606224107 -0.05403292861660864 -0.009542118483752148 -4.750814481504762 0.053900464926545905 0.998453246981361 -0.01363280886482447 -3.9069187199716344 0.010263979771397206 0.013097947242035678 0.9998615376627394 -0.064630718665692
1631149243572306 1606417097502930 0.9984634314136869 -0.054634412865325055 -0.009265908748328888 -4.74755192002662 0.05450543300761275 0.9984202537449743 -0.013643851690013092 -3.911510905860409 0.00999669478996741 0.013117844607543928 0.9998639848730072 -0.058918332134331314
1631149243676020 1606417097502930 0.998476914933633 -0.054374498010656254 -0.009341537088152566 -4.747610641663338 0.05424451092060015 0.9984344280836042 -0.013646459497482144 -3.911131588568802 0.010068931624807227 0.013118947668189985 0.9998632455631195 -0.06077313838231325
1631149243779749 1606417097502930 0.9984865141878367 -0.05419133260586126 -0.009379789970423123 -4.747206454496134 0.05406237095549757 0.9984463515899193 -0.013496038230328238 -3.9080366344028494 0.010096585371227281 0.012968518483051595 0.9998649291240277 -0.05942312521151084
1631149243883478 1606417097502930 0.9985035083860637 -0.05393661805751645 -0.009032440296240403 -4.752295843445216 0.053812120744537735 0.9984597939219103 -0.013501688296543492 -3.909818924145616 0.009746763881556719 0.012995428365365581 0.9998680510124516 -0.0543836077884751
1631149243987120 1606417097502930 0.9984740983082497 -0.05448855408127157 -0.008970645803135207 -4.748469471982241 0.0543631023709077 0.9984275136321967 -0.013680392074242006 -3.912153497977314 0.009701964368268078 0.013171845004673692 0.9998661782391534 -0.058286862589826835
1631149244090860 1606417097502930 0.9984759127334464 -0.05441517558385447 -0.00921088278913237 -4.7507069923767276 0.054288073170209346 0.9984336651678075 -0.013528539296975998 -3.914363068410593 0.009932613303800342 0.013007879543650734 0.9998660601614276 -0.06441125604782805
1631149244194576 1606417097502930 0.9984844793855628 -0.05423939806835158 -0.00931837581288172 -4.749725958596304 0.054110338723090165 0.9984425477456327 -0.013584921749785239 -3.9108052743169375 0.01004070086595648 0.013060113049214696 0.9998642996793429 -0.061265884042307435
1631149244298283 1606417097502930 0.9984419165487506 -0.0550415618702713 -0.009174189326820986 -4.749610096632325 0.05491519198527252 0.9983997543351393 -0.013500082859717917 -3.912905908785751 0.009902574016076986 0.012975246235803097 0.9998667821329884 -0.05944897022311771
1631149244402008 1606417097502930 0.9984547204558171 -0.05481095829687486 -0.009161334757556943 -4.748860968490699 0.05468309217251458 0.998410192740614 -0.013669179440166683 -3.9133510464402894 0.009895990825279073 0.013147086623791935 0.999864602573215 -0.06033137200720645
1631149244505654 1606417097502930 0.9984740546594673 -0.054465127411457016 -0.009116582276403478 -4.747502817676307 0.054336853903251166 0.9984276850806278 -0.013771854519292815 -3.9060772141196214 0.009852333949139931 0.013255473022779105 0.9998636026732334 -0.05829303333483762
1631149244609383 1606417097502930 0.99845745594561 -0.05475586677639305 -0.009192590747531199 -4.7466418181296905 0.05462715036833545 0.9984126449487866 -0.01371367395954469 -3.9041652290640996 0.0099289029464959 0.013190354976245156 0.9998637064229706 -0.05983571343998297
1631149244713112 1606417097502930 0.9984855710113252 -0.05422311626699092 -0.009296136237701211 -4.749628089884831 0.05409271910026687 0.9984412781355884 -0.013747431024658531 -3.906947592651987 0.010027074697693048 0.01322375823034168 0.9998622855129965 -0.05577701565504114
1631149244816742 1606417097502930 0.9984930483701974 -0.054054213577259716 -0.009474933002409563 -4.744193567154349 0.053922174432151686 0.9984514649921031 -0.01367739610075341 -3.902650898414631 0.010199581626945991 0.013145875936289684 0.9998615676584952 -0.06043980531589795
1631149244920450 1606417097502930 0.9984855044898541 -0.05424447684433781 -0.009177911526655244 -4.75092136123454 0.05411563647744577 0.9984400277639933 -0.013748049015852111 -3.91017769860356 0.00990934996596223 0.013230559133516154 0.9998633692101473 -0.05573497373863316
1631149245024147 1606417097502930 0.9984779034216547 -0.05443242035111768 -0.008887519219771602 -4.752342844296605 0.05430822390242819 0.9984307242345939 -0.013664030350279712 -3.906250558968096 0.009617338494940808 0.013160566992683266 0.9998671443130359 -0.05828408829441278
1631149245127785 1606417097502930 0.9984872913400505 -0.054254620014704324 -0.008919935197890961 -4.751912185530344 0.05413247281381696 0.9984437380323524 -0.013408108573175793 -3.9103943936705297 0.009633505277720639 0.01290496786159396 0.9998703202818633 -0.056854604424883784
1631149245231455 1606417097502930 0.9984808028196993 -0.054360307268927814 -0.009002410711687545 -4.753284180084154 0.05423672871483352 0.9984375784913326 -0.01344541256870881 -3.9141237525675328 0.009719241910132554 0.012936725028268262 0.9998690801711172 -0.057578769931162205
1631149245335199 1606417097502930 0.998446629961184 -0.054968415467767415 -0.00909947386297164 -4.7501405610833265 0.05484511706700751 0.9984064723648464 -0.013286424588834982 -3.9155205583086534 0.009815307306763957 0.012766724145664342 0.9998703268409673 -0.05996803042697692
1631149245438955 1606417097502930 0.9984465814082373 -0.05495987440908233 -0.009156215572358998 -4.749917032594368 0.054836336229127446 0.9984076062866742 -0.01323736916251465 -3.912453891443229 0.009869159418900146 0.012714712671410933 0.9998704594966532 -0.05950171379705919
1631149245542618 1606417097502930 0.9984625253126604 -0.05467132640957066 -0.009145032495759976 -4.747582310833008 0.05454840849615907 0.9984240055983199 -0.013190003032879772 -3.9049200148883934 0.009851734936875271 0.01267087676877314 0.9998711878040314 -0.05818521073523113
1631149245646328 1606417097502930 0.9984539835919899 -0.05481145729773427 -0.00923833332644483 -4.7446142993523575 0.0546873457550394 0.9984163967924676 -0.013190634354717479 -3.909261511488936 0.009946701363798232 0.012665021488721154 0.9998703217731139 -0.057645411363774955
1631149245750025 1606417097502930 0.9984479170088285 -0.05495155349133809 -0.009060010711132535 -4.749249389771151 0.054828980563756555 0.9984076590705141 -0.013263830673709499 -3.9083193680413397 0.00977445218600017 0.012746492956506499 0.9998709851784748 -0.05672930503597677
1631149245853722 1606417097502930 0.9984660132770633 -0.05464062144174153 -0.008945547693288843 -4.747449747165595 0.05452213948272495 0.9984280304119855 -0.012992474680943576 -3.9111517453360314 0.009641402454978163 0.012484813998174192 0.99987557864873 -0.05610628748218016
1631149245957426 1606417097502930 0.9984569267327876 -0.05477377510818786 -0.009143250197826667 -4.74378240848315 0.054650384531866394 0.9984177690506849 -0.013239860982572224 -3.907045501623086 0.009853980632287415 0.012719748767817715 0.9998705451492121 -0.06042881832794714
1631149246061150 1606417097502930 0.9984588453919935 -0.05473504532681471 -0.009165635603948482 -4.748299224482924 0.05461155234032843 0.9984201364712074 -0.01322155226365517 -3.915725945430927 0.009874837412959546 0.012700626218913281 0.9998705824654087 -0.060524153607140065
1631149246164887 1606417097502930 0.9984661808318974 -0.05466279229459687 -0.00879004425404924 -4.752195084582764 0.05454321253367182 0.9984226635040236 -0.01331251187804842 -3.917944466041636 0.009503878468133956 0.012812655640196688 0.9998727479782161 -0.06015431715592353
1631149246268622 1606417097502930 0.9984612328029113 -0.054691304872826974 -0.009166665994974883 -4.750009429370505 0.05456895262702825 0.9984240041264337 -0.013104861609089106 -3.9175895034103836 0.009868941348749317 0.012584480915466966 0.9998721092403486 -0.05860431354127235
1631149246372353 1606417097502930 0.9984756376787106 -0.05443075945816691 -0.009148409225917965 -4.751581381033332 0.05430563553624885 0.998434304500078 -0.01341035237847021 -3.910813365788132 0.009864021267301255 0.012893099965401306 0.9998682258466467 -0.06470646811849715
1631149246476071 1606417097502930 0.9984923383430386 -0.054134615619677744 -0.009082602403840902 -4.752530853933167 0.05401184004551705 0.9984522694057977 -0.013258463628009297 -3.9102083933359326 0.00978628681441342 0.012747906282505375 0.9998708513982189 -0.05801878269392789
1631149246579779 1606417097502930 0.9984817670662458 -0.05433716173467053 -0.009035136709143571 -4.7545281752963255 0.05421386585584817 0.9984397912685623 -0.013373106034834848 -3.908525649917423 0.009747696635448203 0.012862972855258689 0.9998697546878937 -0.06292282019667868
1631149246683411 1606417097502930 0.9984665195595783 -0.05460129173008645 -0.009127336109380277 -4.750426505957887 0.05447817108035227 0.9984272623871278 -0.013233691939541771 -3.9109518683657996 0.009835557878810765 0.012716157753694843 0.9998707722166882 -0.062137129832937746
1631149246787127 1606417097502930 0.998464298833811 -0.054666050363097275 -0.008981475183441109 -4.752733256199468 0.054544011658121706 0.9984226104152601 -0.013313219305693664 -3.9110974689305005 0.009695089015069502 0.012802888492138866 0.9998710373319393 -0.058933615358526266
1631149246890854 1606417097502930 0.9984718793295653 -0.05447262619934415 -0.009308017377403631 -4.750399445027578 0.054347490369256464 0.9984347503358256 -0.01320604470938908 -3.9108032805029205 0.010012815943333527 0.012679996894690359 0.999869472079049 -0.06221773641308312
1631149246994583 1606417097502930 0.9984696543608143 -0.05455273157405243 -0.009074624117332352 -4.749986158903417 0.054433131145733143 0.9984335377525337 -0.012942369531756289 -3.914244005507395 0.00976645067221889 0.012428603028277908 0.9998750653296806 -0.05967112051215567
1631149247098301 1606417097502930 0.9984824307121702 -0.05430980119480051 -0.009125845591660688 -4.746343140280603 0.05418476534018243 0.9984405874081884 -0.013431478901685263 -3.9098827914052294 0.00984107558201482 0.012916613899870234 0.9998681484659622 -0.06153097660702326
1631149247201946 1606417097502930 0.9984790587100718 -0.054387795879348944 -0.009029783015160204 -4.752702934964523 0.05426416097721802 0.9984365004964869 -0.013414742421406486 -3.9128126558073535 0.009745263226466913 0.01290434578661119 0.9998692453038382 -0.06065215222175056
1631149247305676 1606417097502930 0.9984653518050866 -0.054589531337401076 -0.009323321166464803 -4.7475953918297416 0.05446397974374954 0.99842811584367 -0.013227713626953843 -3.904575174081643 0.01003076067317725 0.012699628564930225 0.9998690430624557 -0.05970092343397199
1631149247409390 1606417097502930 0.9984613962112345 -0.054650644812148166 -0.009388679459534723 -4.749963572181361 0.05452356562672087 0.9984239491541318 -0.013296561633798703 -3.907311994745825 0.010100548090379968 0.012764199213002692 0.999867518297662 -0.058301434804824824
1631149247513016 1606417097502930 0.9984541376130057 -0.05478623308973942 -0.009370365615661977 -4.7465473112313274 0.05465996432361671 0.9984172577600768 -0.013238871230382492 -3.9078887443265264 0.010080842627248838 0.012706221907021469 0.9998684556164249 -0.06166788587975773
1631149247616644 1606417097502930 0.9984496750320675 -0.054908714301853394 -0.009125761696524265 -4.747689637454595 0.054784880605433135 0.9984095060863272 -0.013306953744942892 -3.9055274192943505 0.009841914949475391 0.012786369877298712 0.9998698142535801 -0.055346032027553865
1631149247720358 1606417097502930 0.998470284750705 -0.05452317447530808 -0.009182261129294165 -4.745229335330239 0.05439922494740824 0.9984313878964314 -0.013247188108884445 -3.9044348728980025 0.009890136471894488 0.012727415794497262 0.9998700906056556 -0.055158879401364685
1631149247824074 1606417097502930 0.998466349113199 -0.0546242010950691 -0.00900812676146236 -4.749341851106953 0.0545026412617019 0.9984259887213709 -0.013229026635260195 -3.9067849707650866 0.009716572879535272 0.0127177712254812 0.9998719150503896 -0.06350160354637271
1631149247927696 1606417097502930 0.9984740678279824 -0.05448332550880828 -0.009005727122689348 -4.7502631508279825 0.05436102554827605 0.9984326473171969 -0.013308932225339536 -3.9136044224331408 0.009716726858709153 0.0127990631352558 0.9998708762645373 -0.06434035660695486
1631149248031399 1606417097502930 0.9984942711840537 -0.0541163681911556 -0.008978257675644587 -4.7491731607861825 0.05399387661859996 0.9984517992901398 -0.013366592177622857 -3.911530965133829 0.009687708954461487 0.012861694777392524 0.9998703541473102 -0.060877241557331416
1631149248135117 1606417097502930 0.9984779419214371 -0.054396024159194 -0.009103409057555306 -4.749566899590558 0.054271514000310155 0.9984362035910576 -0.013407092572815532 -3.907308313683826 0.00981846571063545 0.0128926304071086 0.9998686802837038 -0.05932463065543107
1631149248238848 1606417097502930 0.9984891876968975 -0.0541662095494726 -0.009239253211043946 -4.748581921919661 0.05404138425200071 0.9984506012848052 -0.013263694304512786 -3.910688140178255 0.009943381969065574 0.01274435331896493 0.9998693467716165 -0.05760692210393632
1631149248342596 1606417097502930 0.9984815911695891 -0.05431058769685385 -0.009212608964530583 -4.746242844177619 0.05418645078812481 0.9984432129479369 -0.013227965590080925 -3.908347773482597 0.009916685479387767 0.012708681548005439 0.9998700659397775 -0.05384815181232941
1631149248446345 1606417097502930 0.9984937604202367 -0.05406013716626888 -0.009365467200551267 -4.744298198931291 0.05393321341769361 0.998455797103196 -0.013312765525179815 -3.9063601870548252 0.010070694949301346 0.012787603569517402 0.9998675203736681 -0.06058564952298098
1631149248550057 1606417097502930 0.9984904023123057 -0.05413960073065592 -0.00926391533858473 -4.747970159226432 0.05401457698164927 0.9984522048463412 -0.013252173989148838 -3.9133535424246144 0.009967044103883224 0.012731782069701988 0.9998692713335886 -0.058786301485698036
1631149248653778 1606417097502930 0.9984675742645764 -0.05450803760070597 -0.009559130901811914 -4.749188407787717 0.05438269148022326 0.9984366259847651 -0.012916143541716423 -3.9166549943986806 0.01024822004275691 0.012376499244270728 0.9998708897914832 -0.060194021416024646
1631149248757504 1606417097502930 0.9984656149315136 -0.05459222991043496 -0.009279236892433701 -4.7452994110552495 0.054467717551048914 0.9984285467320642 -0.013179712430204401 -3.9090006774540784 0.009984164896415971 0.012654070822069952 0.9998700870327863 -0.05585361973814535
1631149248861220 1606417097502930 0.9984644615988851 -0.05463004168071038 -0.009180276383513052 -4.741136258572447 0.05450676704008439 0.9984263976898468 -0.013181075349882665 -3.902939817856306 0.009885912975126702 0.012660448116286933 0.9998709825663227 -0.05939610653268133
1631149248964947 1606417097502930 0.9984602982060626 -0.0547504184738031 -0.008912047333213836 -4.747584447231263 0.05463049625972396 0.9984195792536914 -0.013185319327318593 -3.9112007024717204 0.009619864299576272 0.012678148298964761 0.9998733533635986 -0.056067868692144814
1631149249068668 1606417097502930 0.9984682464097064 -0.05455871273197566 -0.009192811377431243 -4.746348564415936 0.05443404370405495 0.9984287063199561 -0.013306137183624603 -3.9140873651189176 0.009904332487163547 0.01278535356390989 0.9998692109132225 -0.0639783879971077
1631149249172396 1606417097502930 0.9984826286727222 -0.05425538889847087 -0.009423004762390079 -4.74829701453328 0.05412982078076508 0.9984478994728571 -0.013105515821477188 -3.9100259346062547 0.010119424169317812 0.012575564328507944 0.999869717731416 -0.06378296625041377
1631149249276047 1606417097502930 0.9984489950614794 -0.05488264090016104 -0.009354143093379383 -4.7421173035524165 0.05475709050419374 0.9984126138443115 -0.01318762907238179 -3.9081205304808986 0.010063066366816191 0.012654969334581552 0.9998692846799718 -0.061772715119006366
1631149249379755 1606417097502930 0.9984556475990863 -0.05479353281224462 -0.009164526387543477 -4.744231427269443 0.054668962101916144 0.9984155279886012 -0.01333184377373237 -3.908907782501765 0.00988050427122635 0.012810239563000573 0.9998691281351202 -0.06261440955196218
1631149249483456 1606417097502930 0.9984453477320419 -0.05495410181412572 -0.009323855989345202 -4.742008893525171 0.05482979329002833 0.9984097539387904 -0.013101794232934876 -3.9103088986956496 0.010029026098284906 0.012570200402226459 0.9998706959889205 -0.06288952617511505
1631149249587092 1606417097502930 0.998458234180064 -0.05469545839469994 -0.009463690267933656 -4.747682095335696 0.05456983623376125 0.9984245565492967 -0.013059014404850052 -3.9103517788290474 0.01016304953811514 0.012522448434682453 0.9998699418970884 -0.06411659704650739
1631149249690737 1606417097502930 0.9984604562363291 -0.05455220751300364 -0.010038625018661748 -4.750621644607763 0.054421302586829604 0.9984349691341377 -0.01288154646506872 -3.9104797340914788 0.010725631056483604 0.012315399710818178 0.9998666369913557 -0.0666431869473686
1631149249794375 1606417097502930 0.9984788455324048 -0.05418868394183435 -0.010177502709069048 -4.7515400390449685 0.054053363775853576 0.9984517032216319 -0.01313126813382882 -3.9150344114627855 0.010873311053048035 0.01256116519035075 0.9998619845937763 -0.0615969451638174
1631149249898087 1606417097502930 0.9984709495185742 -0.05431665987543712 -0.010269539031458835 -4.752743800939847 0.054174187462791346 0.9984378295370911 -0.013676913631160702 -3.9129571561875243 0.01099638052674111 0.013099657007112622 0.9998537286031431 -0.05912471771633777
1631149250001801 1606417097502930 0.998477018087146 -0.05420492514227114 -0.01026988055371481 -4.757069514771776 0.05405907492638619 0.9984398181844584 -0.01398377225052017 -3.9162578756819673 0.011011847000848524 0.013407294975940936 0.9998494805054702 -0.061094607596999057
1631149250105433 1606417097502930 0.9984815035580054 -0.05411366458602992 -0.010314958171562298 -4.7529213003304625 0.05396839047816657 0.9984462097415914 -0.013877286705673876 -3.910250257297761 0.01104988172816976 0.013299532404788253 0.9998505001006941 -0.06412850524670727
1631149250209141 1606417097502930 0.998501442586751 -0.05371946932121465 -0.010444509202907399 -4.749236394612963 0.053571387522119034 0.9984662190607072 -0.013975544284076552 -3.907482463879594 0.011179248436162472 0.013395074278568262 0.9998477866102794 -0.06536895531676792
1631149250312864 1606417097502930 0.9984953963086752 -0.05380992249213067 -0.010556315466958323 -4.751397966353526 0.053658984601500204 0.9984598285985194 -0.014095533016404415 -3.909075469948957 0.011298536470843857 0.0135078836562765 0.9998449280527187 -0.06746640340858248
1631149250416586 1606417097502930 0.998508582544424 -0.053555051887869826 -0.010605046293065582 -4.744010428403294 0.05339859618679384 0.9984676445631248 -0.014524210488372605 -3.907898951871541 0.011366640439029858 0.013936254242744998 0.9998382770742537 -0.0650353639244681
1631149250520302 1606417097502930 0.9985045587807031 -0.05364483971141352 -0.010529827679290714 -4.743806049724927 0.053481531386524075 0.9984528072152927 -0.01522227213392135 -3.9082716442106906 0.011330132354523525 0.014636356811163582 0.9998286879061463 -0.05864884652326986
1631149250624033 1606417097502930 0.9985220245090944 -0.05325184239090271 -0.010863142119075062 -4.735140351734595 0.053084806734119534 0.9984754516099967 -0.015125337374069748 -3.898037014552548 0.011652032815174235 0.01452631469619038 0.9998265931213383 -0.07180021309429563
1631149250727764 1606417097502930 0.9985158243404938 -0.053452985985895235 -0.010436801966203418 -4.735548060946432 0.05329388329014363 0.9984666558013371 -0.01496994526429489 -3.895089481323146 0.01122098703085284 0.014391509529968179 0.999833473086145 -0.06664680831871386
1631149250831478 1606417097502930 0.9985360908179307 -0.05304356376130521 -0.010585635645109098 -4.73023244438912 0.052892180198103315 0.9985006470713857 -0.01410230748425241 -3.8899708637134593 0.011317800687500573 0.013521765638755076 0.9998445225341834 -0.0636700114968498
1631149250935198 1606417097502930 0.9985589358614492 -0.05255845833502182 -0.010847122805677145 -4.722569173283722 0.05240169533576254 0.998524225299734 -0.014263022820196416 -3.8791477170096123 0.011580757386870765 0.013674061264939657 0.9998394401637044 -0.06547776303400105
1631149251038929 1606417097502930 0.9985723708984744 -0.052348929985049454 -0.010621186943346472 -4.712666195176802 0.052194848313708284 0.9985345328747574 -0.014299806661783088 -3.8745439052318256 0.011354201520762023 0.013725020600196376 0.9998413403722367 -0.06045095505949401
1631149251142656 1606417097502930 0.9985804881405558 -0.052225716359995636 -0.01046342487525741 -4.704914825714888 0.05207021186984752 0.9985363952900824 -0.014620544496792546 -3.862462630798191 0.011211678967221273 0.014054957710317537 0.999838365146336 -0.05877249145539544
1631149251246386 1606417097502930 0.9985818869370043 -0.052256017943282496 -0.010174658446788425 -4.700885525420138 0.05210141683710989 0.9985304986154522 -0.014909248901510994 -3.855996033078717 0.010938804750207356 0.014357991779940916 0.9998370820402116 -0.056524950013815356
1631149251350123 1606417097502930 0.9986280354182944 -0.05140397231318872 -0.009983912634252634 -4.682427535334138 0.051251493681045014 0.9985735594162262 -0.014970999790781096 -3.8419303050556124 0.010739240034808353 0.014438769673996694 0.9998380822182044 -0.05595806405277563
1631149251453865 1606417097502930 0.9986471076568492 -0.05101830546428203 -0.010054197164770013 -4.673244676307956 0.05086545334085113 0.9985941574552567 -0.014913562858045827 -3.831390012053643 0.010800927252071003 0.014381975116249621 0.9998382362973781 -0.059957038029205746
1631149251557589 1606417097502930 0.9986733006773325 -0.05055962119959064 -0.00976540950814136 -4.663320474470748 0.050409853688336406 0.9986156959095212 -0.015017940562153893 -3.8129546804394416 0.010511192597811045 0.014505743406037736 0.999839536244897 -0.05876123270468894
1631149251661217 1606417097502930 0.9987164059226893 -0.0496728295144923 -0.00990709611116015 -4.652451392244321 0.049522389292585955 0.9986619751074383 -0.014892697463154273 -3.8019905598149353 0.010633602592024852 0.01438295821448733 0.9998400157069709 -0.06275801758059225
1631149251764942 1606417097502930 0.9987383677936184 -0.04921136881850584 -0.009995693093213737 -4.640241582855457 0.04905887526719281 0.9986837312485549 -0.014967688580647816 -3.789332269441381 0.010719116517824973 0.014458427401977975 0.9998380140893522 -0.06323502068887411
1631149251868670 1606417097502930 0.9987656128526547 -0.04868155363697313 -0.009866961184516264 -4.625747400138363 0.0485298974996991 0.9987080788061199 -0.015067261878755435 -3.775359217638581 0.01058771156553209 0.01456982042939601 0.9998377971933553 -0.0621717596082597
1631149251972315 1606417097502930 0.9988339029278785 -0.047209682325035314 -0.010103477673349221 -4.607540036221795 0.04705532872470303 0.9987795695717505 -0.01500558060002616 -3.759297094235629 0.01079955577497137 0.014512660173208429 0.9998363627563067 -0.062430762948965796
1631149252075962 1606417097502930 0.9988441591700159 -0.04702162070704859 -0.009965584904654134 -4.588409249043107 0.04686670048198397 0.9987847767510646 -0.015247364386127196 -3.7422488458501957 0.010670430279111577 0.014762686776932887 0.9998340887351188 -0.060201013551328994
1631149252179609 1606417097502930 0.9988939629843642 -0.045961408238586854 -0.009919660809880621 -4.5660816456173565 0.04579903857400677 0.9988222414617799 -0.01601805329706392 -3.7133021126174803 0.010644190131415576 0.015546025809091429 0.9998224953950526 -0.06140684174000917
1631149252283322 1606417097502930 0.9989640369320553 -0.04435247494740853 -0.010183854226982713 -4.540407216345958 0.04418348747873448 0.9988911189283123 -0.01625890417051161 -3.692728168793494 0.01089368418366419 0.015792102350507296 0.9998159516372294 -0.05812614741151616
1631149252387030 1606417097502930 0.9990226290887251 -0.042941085595298245 -0.010480922717691955 -4.5133216850792595 0.04276047757156577 0.9989426192006895 -0.016887424515983566 -3.6646699618393654 0.011195004732851168 0.016422749977659468 0.9998024630656817 -0.05665514398778595
1631149252490652 1606417097502930 0.9991165964743802 -0.040672710601297866 -0.01057153093261212 -4.486385083447517 0.04048001504987227 0.9990210027173647 -0.017843892950197417 -3.630151579944974 0.011286940926494527 0.017400193860963243 0.9997848959741908 -0.056203743460855354
1631149252594366 1606417097502930 0.999196326903104 -0.038595578990838694 -0.010820424676167017 -4.446451258853913 0.03839666165428656 0.9990999909128794 -0.01802510849219607 -3.5906511491391444 0.011506375694235302 0.017595154012146473 0.9997789825124715 -0.055262911025480296
1631149252698183 1606417097502930 0.999295986689571 -0.03587670805114426 -0.010972365742852304 -4.4030011817444725 0.03566868028181459 0.9991905440347558 -0.018601128002015507 -3.544537730168375 0.011630831334673207 0.018196662754655535 0.9997667754166762 -0.054892033755022475
1631149252801899 1606417097502930 0.9994010387702806 -0.032751125332648144 -0.011177097064742588 -4.348875987876778 0.03253962913825725 0.9992972332285197 -0.018606778384103618 -3.492589036454922 0.01177863510319216 0.018231935051871827 0.9997644023965703 -0.05446809365809919
1631149252905605 1606417097502930 0.9995122986219948 -0.029098536955458186 -0.011333139675016785 -4.28418629987764 0.028884391272551168 0.9994092853746896 -0.01862182193371734 -3.420557518721606 0.011868312797349843 0.01828538920473878 0.9997623656114369 -0.05437486001638388
1631149253009327 1606417097502930 0.9996218180730564 -0.025047128391710357 -0.011351748592703345 -4.212279624877186 0.02483440889991366 0.9995202432928288 -0.018507711552238296 -3.342574956982718 0.011809867542637131 0.01821879830389928 0.9997642734249851 -0.048779960409736464
1631149253113060 1606417097502930 0.9997296895274389 -0.020323738839986602 -0.011291302909764515 -4.138790719528509 0.02011721552842329 0.9996335505769495 -0.018112487536762 -3.2771707651491884 0.01165527868474136 0.017880441967424325 0.9997721961896278 -0.05068799802856615
1631149253216881 1606417097502930 0.9998107367641162 -0.01579580567437321 -0.011357076153563522 -4.061114399211891 0.015596063381740344 0.9997258126961477 -0.017466031045574485 -3.19800398678579 0.011629852219745792 0.017285599688459954 0.9997829537358387 -0.04730133562152243
1631149253320608 1606417097502930 0.9998809653550633 -0.010467575797320517 -0.011335121614679082 -3.96668322954753 0.010279536085529896 0.9998106557908244 -0.01652221866012221 -3.09138780772609 0.011505922951180116 0.01640373215198182 0.9997992455030802 -0.04664231935013484
