1638109091451843 1606417097502930 0.9950132488198021 -0.09953999771428897 -0.006357950343259721 -4.863045654564035 0.09944057334333813 0.99493927616517 -0.014401705508066031 -3.147347081268346 0.007759320245754361 0.013697649558674014 0.9998760759943665 -0.07602767741412618
1638109091555969 1606417097502930 0.9949902784365344 -0.09973920178191811 -0.006814502854893932 -4.863418100777431 0.0996307468499175 0.994915319165844 -0.014738452283723925 -3.1519459492673425 0.008249854749094447 0.01398568273263084 0.9998681615968785 -0.07094054103633286
1638109091659973 1606417097502930 0.9950246850592241 -0.09941150761809055 -0.006574821697650276 -4.86249108132644 0.09930724482503774 0.9949491587326974 -0.01463703066960526 -3.150470035396073 0.007996702602794456 0.013911279404185592 0.9998712562389328 -0.07424464778360365
1638109091763733 1606417097502930 0.995005063604378 -0.09959562209230444 -0.006755402738565748 -4.85992056082619 0.09948962829947886 0.9949323608109915 -0.014539988870829933 -3.1447215731738094 0.008169288031697499 0.0137952700437231 0.9998714683685481 -0.07525708598695131
1638109091867493 1606417097502930 0.9949851620517157 -0.09979240995376046 -0.006782493421130063 -4.868289131289171 0.0996865737727602 0.9949136179353063 -0.014473419112042526 -3.150829013202516 0.008192332441682161 0.013724713729818644 0.9998722508011711 -0.0765610351258393
1638109091971253 1606417097502930 0.9949946672930224 -0.09971633951265223 -0.006501053538496534 -4.863900759171966 0.09961547082099816 0.9949227449869693 -0.014334904435335825 -3.152204468908015 0.007897470229365964 0.013615547960213987 0.9998761157352044 -0.08189020121370597
1638109092074890 1606417097502930 0.9949905504720638 -0.09972371220829807 -0.006998978437008818 -4.860331930087013 0.0996171613428397 0.9949244325974677 -0.01420544230451571 -3.151073007040799 0.008380074090351292 0.013437062494044668 0.9998746019925558 -0.07479164291915777
1638109092178650 1606417097502930 0.9949521512780364 -0.10013035624077551 -0.006642923360139462 -4.856036090627902 0.10002640415651377 0.9948794954095153 -0.014474394277182582 -3.151425990178771 0.008058234495905361 0.013736861987696582 0.9998731736973148 -0.08021890266172385
1638109092282349 1606417097502930 0.99494278275203 -0.10021764485220866 -0.00672924322558929 -4.8594877072937726 0.10011390126311723 0.9948731830309627 -0.014302323733727513 -3.1501928688582974 0.008128088827721433 0.013556302983562836 0.9998750726072868 -0.07746070328356959
1638109092386047 1606417097502930 0.9949623129968699 -0.10003064128287718 -0.006623180876351276 -4.863649449964336 0.09992833149820546 0.9948918073266223 -0.014304554617919353 -3.1524028826382264 0.008020242164002737 0.013570649334820196 0.9998757488769605 -0.07784053352786462
1638109092489807 1606417097502930 0.9949470960194634 -0.10017681596471624 -0.006699378334856732 -4.866630883385866 0.10007217480251465 0.9948750532382375 -0.014463342593398064 -3.156458754847471 0.008113935986749041 0.013719839352211426 0.9998729569555089 -0.08103012268388066
1638109092593506 1606417097502930 0.9949795537203925 -0.09985711034241354 -0.006651706314710384 -4.8646564450801 0.09975439240806487 0.994909203117773 -0.0143086949551935 -3.1546725151657875 0.008046668759920701 0.013573321998908525 0.9998755002758006 -0.07879427230808811
1638109092697205 1606417097502930 0.9949578921893698 -0.10006346319303237 -0.006789411489119698 -4.860311274561284 0.09995948390319472 0.9948897072457047 -0.014232779026888624 -3.154521537532051 0.008178896769054284 0.013482349752101249 0.9998756582159622 -0.0802177942934303
1638109092800903 1606417097502930 0.994974575791497 -0.0999014844161666 -0.0067295575220595065 -4.864029271347205 0.09979537660440904 0.9949009345614873 -0.014594972474400244 -3.1495388150767414 0.00815330248306977 0.013850047819079066 0.9998708415760654 -0.08228722115488668
1638109092904602 1606417097502930 0.9949368226665358 -0.10028575070822776 -0.006594475837469262 -4.859984256834419 0.100183124454635 0.9948649425252634 -0.014390542490697903 -3.145984435826452 0.008003779181788512 0.01365702542857399 0.9998747047381752 -0.08182464642154808
1638109093008362 1606417097502930 0.9949966173627101 -0.0997015580379889 -0.0064289008413356205 -4.8613745561324855 0.09960127355010012 0.9949234296936114 -0.014385943082223235 -3.1488688736337695 0.007830565013347768 0.013673637993029737 0.9998758492310972 -0.07794431223436721
1638109093112061 1606417097502930 0.9949642605885426 -0.09999801686883127 -0.00682032097932365 -4.860158803789409 0.0998926106671195 0.9948946494917669 -0.014356279156748315 -3.1464562407345578 0.00822110029541737 0.013602685007754054 0.9998736822571704 -0.07894100055566801
1638109093215759 1606417097502930 0.9949370924874658 -0.10028853976950103 -0.0065108208357087 -4.861382019416751 0.10018649129509348 0.9948635698685742 -0.014461822665205779 -3.153367898414406 0.00792773353686912 0.013736307499577851 0.9998742245388897 -0.07608531764256642
1638109093319580 1606417097502930 0.9949792734902263 -0.09985022882114816 -0.006795375905085058 -4.860399359325988 0.09974600838328951 0.994910825907584 -0.014254203168013936 -3.150970728164757 0.008184078502051724 0.013504825090266216 0.9998753125056914 -0.07818470736410163
1638109093423218 1606417097502930 0.9949616972450999 -0.10004955334115122 -0.006427121894904234 -4.86053579801406 0.09994769808831255 0.994885775227492 -0.014586017321569084 -3.1534554664868426 0.007853576666925124 0.013870152511555161 0.9998729620320991 -0.07878801809284613
1638109093526917 1606417097502930 0.994989789961724 -0.09975111381055347 -0.006710675818716237 -4.859334360656752 0.09964832942699398 0.9949211174038476 -0.014219022144777955 -3.150774110913917 0.008094956380312594 0.013479074222602423 0.9998763854793766 -0.07833399014438402
1638109093630615 1606417097502930 0.9949651069207284 -0.09998209452372989 -0.006929414790389817 -4.857124185905752 0.09987484795148353 0.9948958118919748 -0.014399244110071888 -3.1484226543392397 0.008333712339485991 0.013634671206941958 0.9998723143380468 -0.0827964455341147
1638109093734314 1606417097502930 0.9949970886077689 -0.09967314098831452 -0.006786651018934428 -4.8604512115104015 0.09956748857124308 0.9949259545312987 -0.01444507611834197 -3.148270647911461 0.008192001351596284 0.01369707888467252 0.9998726324606965 -0.08118659068421781
1638109093838135 1606417097502930 0.9949596008455599 -0.10002060274634463 -0.007160427079965747 -4.860583542158655 0.09990834706116053 0.9948892871600801 -0.01461603523804731 -3.1546785735728355 0.00858573684760099 0.013826978152549968 0.9998675411263 -0.08515246912387893
1638109093941712 1606417097502930 0.9949871897131924 -0.09971659293932134 -0.007556017713243065 -4.861987231340517 0.09959250878297922 0.994910289812099 -0.01532473245386857 -3.15085390639108 0.009045689880894226 0.014495389716878374 0.9998540189305313 -0.07950363813116432
1638109094045899 1606417097502930 0.9949889198902706 -0.09969454610999104 -0.0076188434805511745 -4.86309098530967 0.09956644587155776 0.9949075958057224 -0.015665205681659584 -3.15010886658351 0.009141780820187562 0.014828124914010121 0.9998482657658465 -0.08141374688603002
1638109094150025 1606417097502930 0.9949901928002105 -0.09968423675797562 -0.007587435524961697 -4.867924445461025 0.09955824431198033 0.9949112389557483 -0.015484915031056272 -3.158112048678019 0.009092426814749144 0.01465194683251731 0.9998513130604151 -0.08093069468913255
1638109094253723 1606417097502930 0.9950009255837565 -0.09955865457008231 -0.007825112914746324 -4.867659385304686 0.09942821974911532 0.9949226150116042 -0.015589075035355697 -3.151992004222205 0.009337409140391722 0.014733107042691611 0.9998478626008129 -0.08418907518083026
1638109094357422 1606417097502930 0.9949927590564894 -0.09966613674515303 -0.00748803151147804 -4.864995016974184 0.09954085666867898 0.9949116847736029 -0.015567830904839899 -3.1540766558013367 0.009001515610489544 0.014744513953084019 0.9998507748784325 -0.07944363349281715
1638109094461060 1606417097502930 0.9950002481462454 -0.0995962340150144 -0.007422692463129883 -4.867328331630051 0.0994710085430677 0.9949170645329399 -0.015670136089008052 -3.156770990389829 0.008945649937295944 0.014853446591602731 0.999849663935309 -0.07778701896544066
1638109094564758 1606417097502930 0.9949773983055179 -0.09979836723799175 -0.007762909395275244 -4.8627076413025785 0.09966643293069931 0.9948947050016916 -0.015847022147150298 -3.1506357802767244 0.009304784388616353 0.014993727378236746 0.9998442924409726 -0.07324621747589107
1638109094668518 1606417097502930 0.9949805781572596 -0.09974968986854783 -0.007977998836780312 -4.858026608763018 0.09961436054607872 0.9948996254377748 -0.01586551232190521 -3.1459315750442505 0.00951988798815013 0.014991153370213674 0.9998423060929781 -0.0771871529696034
1638109094772156 1606417097502930 0.9950041304878675 -0.09949320849356316 -0.00823904000503375 -4.852889224501659 0.09935338793640783 0.9949247385728103 -0.01592698608801727 -3.140841642793865 0.009781851670606469 0.015028840405922731 0.9998392117405419 -0.07913061228588697
1638109094875794 1606417097502930 0.9949596029164157 -0.09993234870038488 -0.008301460841221719 -4.846595000159568 0.09979442237520135 0.9948852208597015 -0.015635555065547303 -3.1306434417249362 0.009821498443389457 0.01472830616984173 0.9998432953046665 -0.08135280992750885
1638109094979553 1606417097502930 0.9950009635721594 -0.09956861610378025 -0.007692410683155334 -4.841561767233176 0.09944295817760528 0.9949259044527758 -0.015282104638376804 -3.1268342101763666 0.009174996666336357 0.014440752766713265 0.9998536313359591 -0.0803511165186337
1638109095084046 1606417097502930 0.9949787494899408 -0.0997734022538141 -0.007909252214826747 -4.8368668656817695 0.09964593167845309 0.9949077649654695 -0.015140261418232237 -3.1216496518374712 0.0093795718362897 0.014276113567005356 0.9998540974630201 -0.08334182266751805
1638109095188599 1606417097502930 0.9950096794109955 -0.09947316159086611 -0.007799231116660157 -4.828429145003898 0.09934613393150052 0.9949358506685342 -0.015264295981459381 -3.1134354536054385 0.009278122426328587 0.014413298791835807 0.9998530758377353 -0.07808675149485599
1638109095292297 1606417097502930 0.9950126233141102 -0.09945447037236156 -0.007660794540451358 -4.82499120965927 0.09933089951479368 0.9949398096056329 -0.015104557853648016 -3.106163544212098 0.009124245263027434 0.014268272121225145 0.9998565719937312 -0.08588178968131806
1638109095395996 1606417097502930 0.9950301411803106 -0.09927756690079016 -0.0076800297796048075 -4.821921356106724 0.09915326157559246 0.9949567418157604 -0.015156273907309972 -3.100668485826957 0.009145975403342865 0.014319449364080625 0.9998556418322755 -0.08206585379367322
1638109095499695 1606417097502930 0.995038488053778 -0.09920565488395933 -0.007526309531360556 -4.816887848891733 0.09908424001526131 0.9949647714820843 -0.01508034796240457 -3.09305429548362 0.008984468638441849 0.014259787975769603 0.9998579587972342 -0.08446558087960952
1638109095603455 1606417097502930 0.9949994988125844 -0.09958343346022201 -0.00769006810405356 -4.813803797457459 0.09946238765933134 0.9949315243924585 -0.01478158366579438 -3.092093380923906 0.00912309203484679 0.013942795804198533 0.9998611741821395 -0.0857545975999566
1638109095707153 1606417097502930 0.9950116682097642 -0.09946597649659901 -0.007635420778562329 -4.815473930441402 0.09934433250863979 0.9949410677348199 -0.01493235874115431 -3.0862529150602898 0.00908205534559358 0.014099335400642253 0.9998593526151368 -0.07869994281342707
1638109095810852 1606417097502930 0.9950380883012335 -0.09921394549674611 -0.007469662191891402 -4.808204000842448 0.09909710261327916 0.9949698057028583 -0.014657762371345851 -3.0765323298295977 0.008886342776727287 0.01384480996801043 0.999864667917116 -0.07983431033990307
1638109095914612 1606417097502930 0.9950558903234153 -0.0990106506758228 -0.007788850357490046 -4.808630336739548 0.09888942906883895 0.994990503354834 -0.014655342254559809 -3.0780714020107025 0.009200867110234797 0.013812649670119729 0.9998622678916886 -0.07830391636184449
1638109096018189 1606417097502930 0.9950399291663644 -0.09914334183995552 -0.008132474277086158 -4.807631596206532 0.09901933906433637 0.9949806018330983 -0.014448960916702046 -3.081642299460409 0.009524172421982875 0.013572020819177672 0.99986253574707 -0.08227676863980879
1638109096121826 1606417097502930 0.9950200349890627 -0.09936740044056891 -0.007826219043296128 -4.804367054465686 0.0992467284582017 0.9949566569526276 -0.01453745784036374 -3.0736131340823825 0.0092312981304876 0.01368833517269577 0.9998636970182618 -0.08006715676113697
1638109096225647 1606417097502930 0.9950056691741009 -0.09949866210716064 -0.00798339243369153 -4.8062137136871215 0.09937434072890679 0.9949415890341974 -0.014696081765790816 -3.0721799274096244 0.009405249627753251 0.013829340311698884 0.9998601355319571 -0.07849768357965899
1638109096329346 1606417097502930 0.9949942094122528 -0.09962882379938025 -0.007785930188727254 -4.806907034871215 0.09950656829238294 0.9949273154125167 -0.01476752914949186 -3.077034551674533 0.009217706180226033 0.013918854796995657 0.9998606399763498 -0.07867555757571149
1638109096432984 1606417097502930 0.9949985903606665 -0.09955443319633624 -0.00816823210422507 -4.812476213935635 0.0994274735624074 0.9949361574035263 -0.014704427787838504 -3.0792077853102153 0.009590760436431103 0.013818738239334234 0.9998585198855507 -0.08448646803153412
1638109096536682 1606417097502930 0.9950030765269144 -0.09952115854108956 -0.008026002060820233 -4.808149450398423 0.09939561702682753 0.994938477870734 -0.014762674980789215 -3.0790643320728943 0.009454576791012437 0.01389115759652735 0.9998588133923368 -0.08322392440111825
1638109096640381 1606417097502930 0.9949996852462486 -0.09954049619768132 -0.008204631682824964 -4.809375065341836 0.09941265795441183 0.9949370592739174 -0.014743524893104482 -3.0809003082928967 0.009630669902476475 0.013854158384901645 0.9998576461140237 -0.08732459833249931
1638109096744080 1606417097502930 0.9950038444004756 -0.09950298181378746 -0.008155135983219054 -4.812173617853191 0.09937833648902038 0.9949443321709932 -0.014481785869040305 -3.0802303905797945 0.009554887200524461 0.013598988765595161 0.9998618762784883 -0.08397929400112072
1638109096847839 1606417097502930 0.994996539911903 -0.09956507694567357 -0.008287401318188456 -4.812460106095348 0.09943676913193061 0.994935682571488 -0.014673666722247727 -3.0809226004424497 0.009706416043509757 0.013776175204845807 0.9998579911589027 -0.08573300560234086
1638109096951538 1606417097502930 0.9949884489496583 -0.09963857206939496 -0.008375047294833453 -4.809373307556716 0.09950731753977222 0.9949260034906576 -0.014850634283149469 -3.0797425133528726 0.0098122483283698 0.013942831080700779 0.9998546480585055 -0.0851255685419573
1638109097055237 1606417097502930 0.9950355082896323 -0.09918240020157391 -0.008196873642657176 -4.807040585384623 0.09905520891745649 0.9949735052229582 -0.014689775189703866 -3.081150408898227 0.00961263926181918 0.013804904891373199 0.9998585008726799 -0.08202679754029142
1638109097158936 1606417097502930 0.9950755678489583 -0.09880687034993635 -0.007862356274634507 -4.81367535294652 0.09868439041061614 0.9950104525496214 -0.014682997335280187 -3.087792699516252 0.009273907688965232 0.013834800074944385 0.9998612868508628 -0.08002235460781963
1638109097262573 1606417097502930 0.9950841827172267 -0.09875302766407874 -0.00743699116795195 -4.810662330479979 0.09863505365405086 0.9950130134087517 -0.0148401260898539 -3.080600806157355 0.008865410374988114 0.014033626718635882 0.9998622214185341 -0.07549544774544516
1638109097366272 1606417097502930 0.9950807456641123 -0.09873055160714676 -0.008160134335184862 -4.810286071347561 0.09860391530969931 0.9950183605572723 -0.01468775149507307 -3.0746636998559156 0.00956961329507863 0.013810877514913323 0.999858831117499 -0.082153812232175
1638109097470032 1606417097502930 0.9951103288392111 -0.0984239184480548 -0.008256253345991888 -4.815187602406613 0.098294180721692 0.9950462516765042 -0.014873165945946598 -3.086293278424474 0.00967922921692744 0.013988899396844843 0.9998553011388357 -0.07945179301136703
1638109097573731 1606417097502930 0.9951337045299674 -0.09816313005105279 -0.008538735943268183 -4.8057064666019755 0.0980272867212939 0.9950692973008616 -0.015091210411893721 -3.076907566484204 0.009978034425173738 0.014180743006449175 0.9998496613775472 -0.07797170792084263
1638109097677429 1606417097502930 0.9951700471115672 -0.09775566862480424 -0.008966972072220738 -4.79785816664329 0.09760476277068862 0.9950973516147442 -0.015955284336695057 -3.0737416831071656 0.01048272964947931 0.015003001883113279 0.99983249712819 -0.08588839636663588
1638109097781128 1606417097502930 0.9951638473122053 -0.09783996841525058 -0.008732559060090609 -4.7909823509741285 0.09769361214465057 0.9950902486982175 -0.015854182297276025 -3.0620596896688643 0.010240857062069685 0.014924393813066194 0.9998361802395168 -0.08750345239463533
1638109097884766 1606417097502930 0.9951755920096556 -0.09774608821948928 -0.00844057524609041 -4.78524753314301 0.09760928504040413 0.9951067080267407 -0.015331898726156727 -3.0568142965090033 0.009897906172426127 0.014434052876302247 0.9998468330554269 -0.083872491863582
1638109097988526 1606417097502930 0.9952038989939737 -0.09744433142466989 -0.008590791864392903 -4.7812098897921365 0.09730793165253107 0.9951401055954423 -0.01507768806759092 -3.0453820092179917 0.010018276756234158 0.0141694217650683 0.9998494194715921 -0.0814163241656686
1638109098092224 1606417097502930 0.9952778175597213 -0.09670897007777302 -0.008333125735276474 -4.774623274291077 0.09657987182990002 0.9952165594795637 -0.014708096390941857 -3.035926823689297 0.009715669577723362 0.013833829860948298 0.9998571052485627 -0.08146202247219919
1638109098195984 1606417097502930 0.995276120591504 -0.09672267908072393 -0.008376582611000253 -4.7587286162287095 0.09659510967290107 0.9952182864712039 -0.014489550202341621 -3.0179612785804566 0.009737996306827536 0.013611966398478333 0.9998599330899781 -0.0819442937487551
1638109098299744 1606417097502930 0.9953378255560307 -0.09611268444648852 -0.008060081286676476 -4.749625835331992 0.09598933386937988 0.9952766925185794 -0.01450355532463594 -3.0073216282111677 0.009415986680682172 0.013662255385983087 0.9998623315099925 -0.07959714938953356
1638109098403443 1606417097502930 0.995375844750707 -0.09572665575880177 -0.007958333275120789 -4.7320904789245155 0.0956058058964166 0.9953153009553083 -0.014386853985712069 -2.9917017569220823 0.009298256297751125 0.013559464072942761 0.999864832546818 -0.07922812437662209
1638109098507141 1606417097502930 0.9954553858747915 -0.09489053617907166 -0.008022523355125748 -4.716093464291802 0.09477065654067392 0.9953979191004941 -0.014195256733183883 -2.9706757532400383 0.009332598576217837 0.013370444963415289 0.9998670580658691 -0.07840574878489867
1638109098610901 1606417097502930 0.9955953222962846 -0.09340759004047137 -0.008060790845437005 -4.701637559448125 0.09328922885584892 0.9955407984879715 -0.013987077245748176 -2.9456129141152974 0.00933134533192529 0.013173483716495174 0.9998696841694262 -0.08001850795424027
1638109098714661 1606417097502930 0.9957233963003257 -0.09201817804685096 -0.008220278191647275 -4.6750895836174235 0.09190133820752272 0.9956750771116188 -0.0136119381024018 -2.92720996887509 0.00943727186619582 0.012798270671274248 0.9998735630906284 -0.08040615134577406
1638109098818360 1606417097502930 0.9958306597920448 -0.09087539463961167 -0.007934713082467265 -4.654366433761484 0.09076219442267346 0.9957794472957647 -0.013620440939533034 -2.899139359742817 0.009138987153234922 0.012843480715966048 0.9998757542399517 -0.07734558303083111
1638109098922058 1606417097502930 0.9960005335541174 -0.08898155601776353 -0.008075880944926587 -4.629475450248672 0.08887189165486983 0.9959575535771401 -0.0130513735211549 -2.8686800824292145 0.009204566152950169 0.012281456174301797 0.9998822139613122 -0.07515017279254586
1638109099025757 1606417097502930 0.9961867041731278 -0.08684179665991998 -0.008399570585676032 -4.601223852514019 0.08673600279635527 0.996156233602785 -0.012232092122348853 -2.830013057679729 0.009429541455301156 0.011456902358671816 0.9998899055077449 -0.07115060086313378
1638109099129395 1606417097502930 0.996423930304998 -0.08401632736373443 -0.008978187808008953 -4.570382278664528 0.083910008256918 0.9964055000896984 -0.0116271195825653 -2.7978115553276908 0.009922783597862344 0.010832180379459537 0.999892095295236 -0.07537583201148752
1638109099233093 1606417097502930 0.9966091112067832 -0.08180086530485299 -0.008882448956710134 -4.5401307124688195 0.0816958903868281 0.9965897929836681 -0.011600259442719986 -2.768360578812198 0.009801069227109147 0.010835264676619084 0.9998932623442331 -0.07692553706592502
1638109099336853 1606417097502930 0.9968232642086456 -0.07914849726368169 -0.008882303630654917 -4.506295247457998 0.07904133517634963 0.9968011511652439 -0.011829301486136755 -2.7333275518630327 0.00979016192032096 0.011089653782285549 0.9998905801679319 -0.0756815360754741
1638109099440491 1606417097502930 0.9970749421681968 -0.07591009683617772 -0.008900387804726361 -4.474343784669856 0.07581113146928911 0.9970617987701109 -0.010974597173585976 -2.693650773646698 0.009707319408495306 0.0102677473721578 0.9999001656734553 -0.07127120899825451
1638109099544129 1606417097502930 0.9973660826087047 -0.07195003595783914 -0.009170037726075443 -4.438661761796122 0.07185215654222041 0.9973590655208445 -0.010590657585140075 -2.6481906855394945 0.009907818451315352 0.009903875681727178 0.9999018693751988 -0.0704863405667562
1638109099647888 1606417097502930 0.9976623568218838 -0.06759928160587417 -0.01000794241787584 -4.402771963290499 0.06749222107196208 0.9976626926729074 -0.010674818400459257 -2.6169935901155372 0.01070616083585371 0.009974406221882797 0.9998929389393038 -0.07043408036078609
1638109099751526 1606417097502930 0.9979461663502474 -0.06306627055308278 -0.011229184735991018 -4.357720001930414 0.06294770527865218 0.9979603561818972 -0.010616679985670755 -2.5716564388236436 0.011875835611087227 0.009888023679764732 0.9998805886285859 -0.07282179513572926
1638109099855164 1606417097502930 0.9982676056024536 -0.057774970411134614 -0.011128360310572799 -4.317678049118938 0.057665385625607565 0.9982865926521067 -0.009928858754261713 -2.520906568018985 0.01168293241696439 0.009269936866271202 0.9998887824956516 -0.07075951748018029
1638109099958801 1606417097502930 0.9985446276688711 -0.052786765546126165 -0.011053684511475292 -4.275498506684272 0.052688774795676616 0.9985706380279167 -0.008976295645511903 -2.4726460035567466 0.011511714408869828 0.008380826699287098 0.9998986159482398 -0.07555338557384701
1638109100062561 1606417097502930 0.998816514094144 -0.04771219878046658 -0.009440194109315167 -4.214921752659034 0.04763228965576752 0.9988286351526943 -0.008516019352993424 -2.415917409014122 0.009835454205950125 0.00805628270387561 0.999919176808585 -0.07896986336253911
1638109100166199 1606417097502930 0.9990792480985341 -0.042088850784270534 -0.008317731841837055 -4.153963921670828 0.04201960934627971 0.9990820514705947 -0.008331078211099022 -2.3531068799399053 0.00866074209980456 0.007973899512335968 0.9999307018353063 -0.06670415876449533
1638109100269959 1606417097502930 0.9993197005260575 -0.03613821845643474 -0.007359708674358547 -4.099579894088413 0.03608121076708216 0.9993189123198589 -0.0077367767126310565 -2.3028373465056533 0.007634289394423669 0.007465966187622934 0.9999429868619149 -0.06980394674088838
1638109100373657 1606417097502930 0.9995038029016924 -0.03068057432461718 -0.0071309430394417474 -4.041254411523367 0.03062421353623996 0.9994998835889731 -0.007882909068442088 -2.2440622553216047 0.007369228915353731 0.007660618069464347 0.9999435031020438 -0.05885313260397301
1638109100477234 1606417097502930 0.9996761951073224 -0.024583050824497504 -0.006571038911185634 -3.9777710754318725 0.02452231321040175 0.9996572313953657 -0.009169289952277412 -2.186717881434448 0.00679419568625326 0.009005183817010555 0.9999363707603595 -0.06395839319120522
1638109100580994 1606417097502930 0.9998276975484701 -0.017618963678958093 -0.00584357238938837 -3.916625346630623 0.017554020098224123 0.9997855728079688 -0.01098475251876025 -2.133711173607542 0.006035859324206347 0.010880281631778798 0.9999225909408348 -0.06332673617013042
1638109100684693 1606417097502930 0.999925225918764 -0.01092909312940344 -0.005486118768626644 -3.8578835475037496 0.010859990761102044 0.9998632523508955 -0.012471455545501971 -2.084353727285258 0.005621670253885813 0.012410943804702559 0.9999071783407866 -0.06212909529243743
1638109100788330 1606417097502930 0.9999728831977801 -0.004766696763218772 -0.0056135083104948014 -3.7893087433471493 0.004698015375911694 0.999914719933531 -0.012185299185552197 -2.0132887887272313 0.005671113216306938 0.01215859641082152 0.9999099994540543 -0.061088026949931075
1638109100892029 1606417097502930 0.9999733126514186 0.0017360804740341254 -0.007096478986187201 -3.72584468149348 -0.0018101513267020245 0.9999438149682841 -0.01044462844308085 -1.9432109203189543 0.007077947554775916 0.010457195404469195 0.9999202716830402 -0.05655254251922019
1638109100995789 1606417097502930 0.9999238000865924 0.008208676395274544 -0.009220176608481803 -3.6575950545364178 -0.008281152229490643 0.9999348971829487 -0.00785009031434699 -1.87068174700347 0.009155137497926309 0.007925845824204697 0.9999266795247367 -0.05473106359642807
1638109101099548 1606417097502930 0.9998231049603226 0.015720727422831038 -0.010325576074120983 -3.584917107442672 -0.01579230718224395 0.9998515702093921 -0.006887712838108898 -1.8026869017125307 0.01021576359490893 0.007049559105053538 0.9999229679783326 -0.05727302877272855
1638109101203247 1606417097502930 0.9996536894988268 0.023940014157556654 -0.010925968972350075 -3.505089289986435 -0.024012894445233867 0.9996899372947434 -0.006588639955221788 -1.7344868794398494 0.010764849103021874 0.0068487223796464885 0.9999186032000585 -0.06122644618592621
1638109101306946 1606417097502930 0.9994373643586221 0.031936837313674284 -0.010246616551632365 -3.4127697150477108 -0.03201459276520867 0.9994591395517337 -0.007516263769403806 -1.657556377406995 0.010001028868778586 0.007840076107621404 0.9999192530540618 -0.056730748983672794
1638109101410706 1606417097502930 0.9991928709152947 0.03894989274240544 -0.009824081222783108 -3.325163118901645 -0.03902940360009701 0.9992057498001965 -0.008035871160843923 -1.5851692122299195 0.009503282124481156 0.008412813206534399 0.9999194528574863 -0.06183513608456205
1638109101514404 1606417097502930 0.9988593526752861 0.04691911459197243 -0.00886511497268677 -3.2365165307727146 -0.04698864085565055 0.998864937027018 -0.007804179201931057 -1.5029608805961507 0.008488887330639391 0.00821183708938009 0.9999302498292096 -0.06110042336809766
1638109101618164 1606417097502930 0.9984545169173934 0.05485201297259456 -0.008935005572163444 -3.1441780698194592 -0.05491495451698342 0.9984667906578741 -0.006958141147466134 -1.4242111388169256 0.008539638289643242 0.007438052882624065 0.9999358729174574 -0.0601515384984516
1638109101721863 1606417097502930 0.9979653251268936 0.0630756200071844 -0.009309995142241009 -3.049182676697266 -0.06313454921428041 0.9979859062084787 -0.006177354548400507 -1.3413927408267454 0.008901603470661497 0.006752567986796047 0.9999375801925013 -0.058292300298547255
1638109101825562 1606417097502930 0.997465559399961 0.07053705708669973 -0.009326381556430247 -2.9457326013909295 -0.07059478880961194 0.9974869542126064 -0.006012651083316606 -1.2592645803267517 0.008878829219822098 0.006655806312616375 0.9999384314216623 -0.06012996980372284
1638109101929199 1606417097502930 0.9968700397914121 0.07853452890266967 -0.009080283077606839 -2.8438263899133536 -0.07859838175952608 0.9968824650215635 -0.00690255907474648 -1.1743959033972404 0.008509885752321226 0.007594649895306449 0.9999349494529384 -0.06174054254635295
1638109102032837 1606417097502930 0.9962238675105992 0.08631812779174813 -0.009337377641333258 -2.73273980186358 -0.08638375559525784 0.9962382568347774 -0.0068689440621275 -1.0898260420498072 0.008709338433441327 0.007649603767339104 0.9999328132360967 -0.06740014471698191
1638109102136536 1606417097502930 0.99555216313429 0.09373420686424681 -0.009475702962424792 -2.619885825707748 -0.0937956245135118 0.9955718015334375 -0.0062584996645779056 -0.9942099279592727 0.008847107166857859 0.007119442356095041 0.9999355190387611 -0.066430202533371
1638109102240235 1606417097502930 0.9949918919152245 0.0995842688230279 -0.008608625349646452 -2.503120314578132 -0.09963051046953961 0.995011331245771 -0.005119773487501997 -0.9072797019437625 0.008055830870037412 0.0059518148465200205 0.9999498384864245 -0.05937047998067209
1638109102343872 1606417097502930 0.9943409922160714 0.10598618321691744 -0.007274625099218842 -2.3863981066309092 -0.10601720494277767 0.9943561733000857 -0.0040190646420205705 -0.8076437822138293 0.006807603054326972 0.004767556143942382 0.9999654628781283 -0.05574718028132894
1638109102447510 1606417097502930 0.9935694366029321 0.11300114363325345 -0.007107474275341218 -2.26068676715188 -0.11302190360997505 0.9935891233024606 -0.002589085531809578 -0.7018895651235948 0.006769339508057165 0.003375736525607297 0.9999713898134959 -0.05111058293650418
1638109102551148 1606417097502930 0.9929417314966865 0.1183948075496755 -0.007027617099911436 -2.1305472987125755 -0.11840718731327918 0.9929641777813913 -0.0013709996166964978 -0.6023081070664098 0.006815852799591326 0.0021934431075942297 0.999974366150427 -0.05305428473691843
1638109102654846 1606417097502930 0.9923933799710694 0.12296522061426488 -0.005910491802518182 -2.0032473315604027 -0.12296982621973038 0.9924103207479354 -0.00042085262836017974 -0.5012212157151266 0.005813882829209727 0.0011444635121543175 0.9999824443307581 -0.04514734429939935
1638109102758606 1606417097502930 0.9916695064743188 0.12872022770585304 -0.004763707883574916 -1.858202384209897 -0.12872281515259767 0.9916805834483722 -0.00023932227620515896 -0.4045198673230826 0.004693270995462492 0.000850526492869172 0.999988624841327 -0.050581978793498864
1638109102862244 1606417097502930 0.9908031135694934 0.13523163657700735 -0.0046470005559980125 -1.72103619433178 -0.13523127371229562 0.9908139823637048 0.0003936587252338494 -0.29752741239252395 0.0046575482405905345 0.0002383815134833293 0.9999891251501891 -0.05578595704256189
1638109102966004 1606417097502930 0.9900450891561706 0.14068676319975174 -0.004237464170101677 -1.577231985183786 -0.14068509124561526 0.9900541534807158 0.0006915788182206399 -0.18740689373604022 0.0042926149872582675 -8.854617932279557e-05 0.9999907827655939 -0.05864918498145729
1638109103069702 1606417097502930 0.9893083977114283 0.14580752052031218 -0.003010179700759241 -1.4285246953446202 -0.14580590636871382 0.989312930807829 0.0007500725877882025 -0.08612591544973214 0.0030873759262451178 -0.0003031511303894274 0.9999951880930639 -0.05636631181937072
1638109103173401 1606417097502930 0.9884453443381392 0.15157374285400327 -0.0010962380906236787 -1.2760925117590405 -0.1515736131297896 0.9884459516978151 0.00020094637860798052 0.02358175419350339 0.0011140302974899997 -3.2463744150261794e-05 0.9999993789411079 -0.057115652944512374
1638109103277100 1606417097502930 0.9875735371419456 0.15715731319982335 -0.0002960561172703721 -1.1183681729237367 -0.15715739426815173 0.9875735306413708 -0.0002738756066764362 0.1281550949219974 0.00024933563050388006 0.00031699970956899464 0.9999999186714604 -0.06349373001668886
1638109103380798 1606417097502930 0.9868492588947353 0.1616432104122227 -0.00011292035900141224 -0.9667089004420464 -0.16164324981274694 0.9868490336375002 -0.0006667857014594596 0.24203697044234868 3.6539657176619945e-06 0.0006762697891243742 0.9999997713228843 -0.0589101958679443
1638109103484680 1606417097502930 0.986197315907213 0.16557397601497506 -0.00033551224557409296 -0.8101503289456828 -0.1655740886468634 0.9861972949779696 -0.00034139619463958347 0.35942193377265874 0.00027435494367368394 0.0003922361451044109 0.9999998854400791 -0.05838221704876646
1638109103588379 1606417097502930 0.9854199458262756 0.1701396713005512 -0.0001504059378541129 -0.6438793128931205 -0.1701396108890601 0.9854199055098749 0.0003501940804448125 0.4776348883974838 0.00020779491080613922 -0.0003194982240379933 0.9999999273710773 -0.05668000079065107
1638109103692078 1606417097502930 0.9846617203516559 0.17447433067756335 6.643191545729125e-05 -0.47574040362521514 -0.1744743403796512 0.9846615623973645 0.0005586508143837181 0.5867373429313955 3.2057273254777104e-05 -0.0005616727365952389 0.9999998417480216 -0.058703863902082
1638109103796448 1606417097502930 0.9842309967057863 0.17688688056173568 -0.0006136881440550187 -0.31331232985660346 -0.17688676457846014 0.9842311799003132 0.00023881680741706963 0.7017695646757971 0.0006462545662023798 -0.0001264975941318614 0.9999997831766737 -0.05837187267587888
1638109103900696 1606417104969727 0.9886202682571666 0.15025010441996062 0.007407517626315753 -0.938446295793556 -0.15025428793228152 0.9886473834956223 8.34796037314557e-06 0.009250001723255524 -0.007322168637520665 -0.001121264249108895 0.9999725639300948 -0.040036215055823506
1638109104004395 1606417104969727 0.988346780533232 0.15208323112575525 0.006429014264331605 -0.7718472378800758 -0.15209390544312323 0.9883653160076233 0.0012025159769699352 0.13921935221959036 -0.006171332199711913 -0.002166316681984916 0.9999786106367047 -0.050178456154357426
1638109104108093 1606417104969727 0.9881004966203787 0.15369282192539946 0.005993752717140632 -0.6047343010149862 -0.1537110528301811 0.9881121311525548 0.0027071223576344604 0.2698719595705073 -0.00550643449648077 -0.0035962149865381566 0.9999783729745892 -0.05498676451725961
1638109104211792 1606417104969727 0.987834522580649 0.15539236061435785 0.0060141720148524265 -0.4344133280454716 -0.15541334292894018 0.9878443727943595 0.0031918619386788723 0.3982098923858205 -0.005445075020470694 -0.004087713992106957 0.999976820607528 -0.05938975786152229
1638109104315552 1606417104969727 0.9876021851880098 0.15686486308532205 0.005944623247674719 -0.26137512786109734 -0.15688470524307765 0.9876122757701506 0.0030301837175842495 0.521673137519793 -0.005395653540237899 -0.003925236526991163 0.9999777394727749 -0.05602229057938669
1638109104419190 1606417104969727 0.9873921190257211 0.15816883700027592 0.006278717412191453 -0.08270601229417614 -0.15818604907420958 0.9874065436074755 0.002343400071699978 0.6475253334902754 -0.005828993794279873 -0.0033070602632014915 0.999977542839719 -0.05690645294861666
1638109104522827 1606417105591919 0.9915620977861862 0.1294487535276941 0.006901191813719986 -0.7909565005397942 -0.12946718021674225 0.9915810589849158 0.002291879914915134 -0.10477622188014668 -0.006546410088670958 -0.003166019100557394 0.999973560069468 -0.039341630448723394
1638109104626465 1606417105591919 0.9915304728654805 0.1296673222247398 0.007328501257943661 -0.6138074794782722 -0.12968718635824672 0.9915522861899738 0.0023016190786722445 0.034786345466878005 -0.0069681473939317735 -0.003232538161790472 0.9999704973742621 -0.042487769025975744
1638109104730103 1606417105591919 0.9916498885199357 0.1287757235936695 0.006878343971575267 -0.4387951428494796 -0.12880207581513453 0.9916640216822684 0.0035345963174433716 0.17977706439227648 -0.0063658360469618135 -0.004391027025855302 0.9999700970594478 -0.0493382167475354
1638109104833801 1606417105591919 0.9916499389471752 0.1288444552089824 0.0054318461345767574 -0.2605204638416688 -0.12887000927960524 0.9916505943971117 0.004649660696763541 0.32236991647650654 -0.004787410448634889 -0.005310837807827082 0.9999744375247677 -0.050476587613427444
1638109104937561 1606417105591919 0.9917514178565944 0.12812175852369997 0.003733654603082429 -0.09161095603675404 -0.1281437685254364 0.9917348567981032 0.006414702191868066 0.47006672737425514 -0.002880932487887128 -0.0068402345651090105 0.9999724553301929 -0.05641982325207003
1638109105041321 1606417106006592 0.9936482160743809 0.11223905402549918 0.008100459747881103 -0.6699553300894336 -0.11226500303288928 0.9936742963269835 0.0028216870069796623 -0.16824321747996676 -0.007732515159464107 -0.003713162398960971 0.9999632096403887 -0.04700326982463681
1638109105145020 1606417106006592 0.9937596967987835 0.11124051702817028 0.008198316544301292 -0.4896017276608861 -0.11127634263070872 0.9937812494515286 0.004050162189043242 -0.021366445719762078 -0.0076967911228205755 -0.004937166629737163 0.9999581910220458 -0.050862210111040924
1638109105248718 1606417106006592 0.9938810303440258 0.11011235667993204 0.008704391601641749 -0.3040045581270253 -0.11015503752863741 0.993903842125514 0.004584792216838538 0.12635782411474258 -0.008146485980334697 -0.0055155705959152495 0.9999516054525709 -0.05712974962141857
1638109105352600 1606417106006592 0.9939766451227152 0.10931071876556149 0.007848293955605408 -0.12192706948962982 -0.10936283340179828 0.9939803221087615 0.006549040796833276 0.2810779483747817 -0.0070851693972542595 -0.007367905264346897 0.9999477558085863 -0.06572090449351795
1638109105456299 1606417106006592 0.9941337464871435 0.10794996021223273 0.006700760410502437 0.05380984842241801 -0.10801147031260727 0.99410310909035 0.009619292191938382 0.4411278772220255 -0.005622844547947854 -0.010286621969454141 0.9999312821527525 -0.09713194908448612
1638109105559998 1606417106006592 0.9942164179510732 0.10731602263390604 0.004121355000664114 0.24373333972949088 -0.10735576815675738 0.9941588483186755 0.011087080662776912 0.606363669940999 -0.0029074601416156603 -0.01146540885399806 0.9999300430906833 -0.09023292347677699
1638109105663757 1606417106421387 0.9956720744106845 0.09243115730187187 0.009674781807688817 -0.4873106798517169 -0.09249686173894163 0.9956912423509852 0.006578790045626039 -0.17866234076468002 -0.009025010339988994 -0.00744520448704443 0.9999315567170133 -0.05073180372960165
1638109105767395 1606417106421387 0.9958142076194588 0.09106016106728447 0.007881051585608907 -0.31050414583971975 -0.09111821907537662 0.9958129550610062 0.0073504210534838296 -0.024391089745819834 -0.007178722743394807 -0.008037761101948296 0.9999419284819703 -0.05126424254363891
1638109105871155 1606417106421387 0.9958872717650785 0.09032471879954267 0.007070156614801686 -0.13107763942411108 -0.0903722944340439 0.9958853387876924 0.006726097747991715 0.13087128538785997 -0.0064335324278938745 -0.007337381411143978 0.9999523851136747 -0.06489539461921624
1638109105974793 1606417106421387 0.9959213161467575 0.08999744724145213 0.006418063492818483 0.047582491330444364 -0.09003900838581569 0.995916960796675 0.0065103126559818295 0.28583244495019117 -0.005805946768172828 -0.0070616352215071305 0.999958211271913 -0.06321391088191872
1638109106078430 1606417106421387 0.996029239335196 0.08889040979059783 0.0049243721504489335 0.2248228210298877 -0.08892017754153854 0.9960194759572328 0.006197220693697662 0.44445393359010155 -0.004353897081673262 -0.006610489059419782 0.9999686720165776 -0.07018243495336647
1638109106182251 1606417106732422 0.9968632063750248 0.07854818063603479 0.009691805762558417 -0.37698701544984936 -0.07861331162054379 0.996883782270249 0.006532372239815547 -0.21290428162217176 -0.009148498030912562 -0.007273786482779265 0.9999316961742846 -0.06642093325027665
