1607108455860399 1606417097502930 0.9991258435320611 0.028665840642323626 -0.030427263614723987 8.46363337880526 -0.028673116877480337 0.9995888221989929 0.0001972506688243173 5.0052480056624145 0.030420406955551402 0.0006753662450090067 0.9995369641594531 0.029367140952132265
1607108455964105 1606417107665772 0.9973872070708527 -0.07143389913523746 0.010768343893383403 1.335459950523323 0.07152576038217791 0.9974033718679342 -0.008401154247604918 -1.262459623237799 -0.010140255303528469 0.009149417756200698 0.9999067273386564 -0.031314001076984774
1607108456067827 1606417107665772 0.9973831423898117 -0.07151698022015311 0.010591922454417035 1.333937630263093 0.07160987327418993 0.997395064050034 -0.008666733107043743 -1.2613537722790578 -0.009944512594624276 0.009402539725226955 0.9999063450723629 -0.028309090783078396
1607108456171551 1606417107665772 0.997387721633447 -0.07143467252358184 0.01071542349866572 1.3343870445065547 0.0715283104711659 0.9974012746559836 -0.008625434494871189 -1.2588661972980444 -0.010071421967510636 0.009369358597759798 0.9999053863136349 -0.025277549378029052
1607108456275183 1606417107665772 0.9973815038934032 -0.0715385957779986 0.010600236313915002 1.3334883999779632 0.07163047224151423 0.9973945344111181 -0.008556762106782263 -1.2590259603290987 -0.00996047901741725 0.009293656191537209 0.9999072041006293 -0.027510753366740658
1607108456378815 1606417107665772 0.9973875670429867 -0.07144151759028634 0.01068413201594475 1.3325910254294138 0.07153647945069831 0.9973992823269995 -0.008786565076965373 -1.261950370994936 -0.0100286200614636 0.009527915955165268 0.9999043182211058 -0.02834045448792295
1607108456482527 1606417107665772 0.9973897659814978 -0.07139550940079789 0.010785914761344743 1.332589209666082 0.07148718638974201 0.9974064222879429 -0.008367255542264614 -1.2623140177184884 -0.010160556181466242 0.009116469746114473 0.9999068221976745 -0.023146853949169443
1607108456586249 1606417107665772 0.9973817565917245 -0.07152288532253127 0.010682157909875718 1.336343418376652 0.07161240023057011 0.9973984485360216 -0.00824615035148357 -1.2645316918672966 -0.010064579260362848 0.00898953489023025 0.9999089421076149 -0.021479773948752705
1607108456689885 1606417107665772 0.9973918851952426 -0.07137993747605016 0.010692608524619293 1.3336619706977217 0.07147160459289342 0.9974068347293816 -0.008450785555124676 -1.2621458315323923 -0.010061664278970168 0.00919296282472418 0.999907121860046 -0.023322180778784365
1607108456793511 1606417107665772 0.9973942523438124 -0.07135826661234064 0.010616175491905747 1.3351629852624076 0.07144942710387943 0.9974082570029018 -0.008470432894851871 -1.2638472620875163 -0.009984225684563553 0.009206880741099583 0.9999077700390668 -0.025622229469168853
1607108456897228 1606417107665772 0.9973847147180165 -0.07147651683250282 0.010716267672061955 1.333584807605765 0.0715700567980596 0.9973983712953328 -0.008614865745058877 -1.2607524740431146 -0.010072627326020486 0.009359299299401335 0.9999054683795743 -0.025836823825004438
1607108457000944 1606417107665772 0.997383480735913 -0.07151216622198002 0.010592565403146958 1.3324756224823922 0.07160151628274408 0.9973986969262367 -0.008310369445610609 -1.2611208713905588 -0.009970718409021877 0.009047068948033747 0.9999093635514461 -0.02436490304290772
1607108457104578 1606417107665772 0.9974053860224461 -0.0712029188329386 0.010613212875965703 1.334364967669211 0.07129442546278558 0.9974190282090234 -0.008508059059749778 -1.2623835559682053 -0.009980021834241707 0.00924264684507708 0.9999074820419566 -0.024029145318842718
1607108457208309 1606417107665772 0.9973793767939887 -0.07152275230032468 0.010902965371242296 1.332828173488849 0.07161597481214275 0.9973967939459436 -0.008413535673244021 -1.2633452094503324 -0.010272823477830392 0.00917231345979819 0.9999051643848975 -0.02111565024981865
1607108457312054 1606417107665772 0.9973818664336037 -0.07150332562301147 0.010802172871055608 1.3320786941633547 0.07159926079487912 0.9973949100090717 -0.00877150762914763 -1.2584369371441608 -0.010146840272394625 0.009521970243120664 0.999903182170742 -0.027544565273340836
1607108457415693 1606417107665772 0.9973877606200979 -0.07141311740882415 0.01085456731726601 1.3349224136272102 0.0715073441723609 0.9974033812681696 -0.00855539412903343 -1.2601162949427633 -0.01021541477900584 0.00930922667255601 0.9999044872384824 -0.023645193234234637
1607108457519410 1606417107665772 0.9973870257629291 -0.07142526536799407 0.010842154368725411 1.3353228255349332 0.07151952866973207 0.9974023798250343 -0.008570282532265104 -1.262816062339157 -0.010201855865628622 0.009323314374998774 0.9999044944123225 -0.022740738491424967
1607108457623142 1606417107665772 0.9973905199472013 -0.07141166095298976 0.010607799199284175 1.334370290628409 0.07150404478459556 0.9974032275170327 -0.008600774529909884 -1.2599855401653872 -0.009966057563533342 0.00933683152932623 0.9999067462886896 -0.02817049531029089
1607108457726874 1606417107665772 0.9973858321332567 -0.07147535435390394 0.01061958494011633 1.332972660931719 0.0715671408044377 0.9973993115470643 -0.00852981166178266 -1.2602987586820003 -0.009982295397067333 0.00926752663290035 0.9999072290611337 -0.028659413175342315
1607108457830601 1606417107665772 0.9973803980452531 -0.07154961693841348 0.010629859619204748 1.3348674776023768 0.0716395110780094 0.9973957968947452 -0.008330953946891949 -1.261595034668161 -0.01000610074212196 0.009070648109575224 0.9999087964863651 -0.02673781566247908
1607108457934296 1606417107665772 0.9973839614533259 -0.07149483336918443 0.010664063092864022 1.3345876805584198 0.0715909026832079 0.9973942259737943 -0.008916313790162791 -1.262586066676573 -0.00999880458552543 0.00965643827266075 0.9999033838860368 -0.028607962038090164
1607108458038002 1606417107665772 0.9973966189819672 -0.07134750701592987 0.010465070014953549 1.3355007523348768 0.07143477327224473 0.9974114341117534 -0.008216098535436797 -1.2606456986688122 -0.00985178234377208 0.008942278804243762 0.9999114850997755 -0.026980278866994348
1607108458141734 1606417107665772 0.9973864717554379 -0.07146210515314416 0.010648637977955242 1.334921856876144 0.07155376003974974 0.997400612975026 -0.008489797740919866 -1.2630445198390776 -0.010014259227648809 0.009229559501337506 0.9999072606214704 -0.02646733464364816
1607108458245469 1606417107665772 0.9973836855372228 -0.07151054057083285 0.010584253205536175 1.335377196907586 0.07159896005143013 0.9973995918197122 -0.00822454630304222 -1.2605144776601687 -0.009968588074815606 0.008960849826017192 0.9999101611755882 -0.023982201078864243
1607108458349108 1606417107665772 0.9973856461038572 -0.07145499786323829 0.010772939748341884 1.334595653229912 0.07155000719425911 0.9973990045267326 -0.0087075969159017 -1.2569701598280825 -0.010122718061780363 0.00945563609245464 0.9999040561599544 -0.026648919892661955
1607108458452818 1606417107665772 0.9973974315100936 -0.07131420992088151 0.010613533101372516 1.33276921675866 0.07140747270517504 0.997409427711524 -0.008683683463578385 -1.2621156019844648 -0.009966767951206905 0.009418969157840454 0.9999059688573776 -0.02804515322100075
1607108458556527 1606417107665772 0.9973719744546282 -0.07165486971170655 0.010710939433132989 1.3335661329156578 0.07174725771754607 0.9973865814222943 -0.008505187430447326 -1.2605241454686482 -0.010073509167808928 0.009251316112497283 0.999906464407163 -0.027893613219902597
1607108458660141 1606417107665772 0.9973806987638318 -0.07152333522866565 0.010777488371770016 1.3352670250317733 0.07161717814475133 0.9973952194087071 -0.008588137149905584 -1.2580966479809503 -0.010135163166851252 0.009337495536305652 0.9999050403136746 -0.02859681020018382
1607108458763859 1606417107665772 0.9973877277954408 -0.07139802804068021 0.010956369810087985 1.3342428898316057 0.07149414181669908 0.9974035426195472 -0.008646436279557386 -1.257892127062358 -0.010310583562868809 0.009407165691373419 0.999902593806141 -0.030778552881378818
1607108458867601 1606417107665772 0.9973874658691898 -0.07148303434216911 0.0104124316438294 1.3309682601655244 0.07157603238328338 0.9973958808242719 -0.008850339400689302 -1.2630315534093082 -0.009752667315578637 0.009572498131441835 0.9999066220201542 -0.029303396130658563
1607108458971251 1606417107665772 0.9973925986652333 -0.07147514056427737 0.009965360685643423 1.3329574652603626 0.07157018464114394 0.9973900282600147 -0.009531012663155744 -1.2635710711918862 -0.0092581209060355 0.01021938419228043 0.9999049211720183 -0.026682233441830357
1607108459074888 1606417107665772 0.9974019216009382 -0.0713660046147302 0.009813265335837823 1.3313089254125858 0.07146196563377703 0.9973951566712078 -0.009802495653608731 -1.2687802320881312 -0.009088138367022477 0.010478303231555589 0.9999038008240642 -0.02626468059226487
1607108459178609 1606417107665772 0.9974048344659336 -0.0713409710097502 0.009698558853517848 1.3304751009224978 0.07143627296804285 0.9973964013423708 -0.00986293557664844 -1.2695068136890328 -0.008969676297641166 0.01053016852380821 0.9999043256521977 -0.023178578445163432
1607108459282330 1606417107665772 0.9974175173650918 -0.0712323449684399 0.009178730196474378 1.332080249767498 0.07132604068854873 0.9973996648403457 -0.010320101769215292 -1.2688390272449657 -0.008419737372270563 0.010948132769044298 0.9999046186569266 -0.0314058809900827
1607108459385962 1606417107665772 0.9974126380527115 -0.07134252372496233 0.008847246224076956 1.3367028594559318 0.0714408932162345 0.997380244003822 -0.011351107955107171 -1.2600596294961564 -0.008014251909122048 0.011953793703049878 0.9998964339282557 -0.028592759793358784
1607108459489693 1606417107665772 0.9974132127062203 -0.07143835431008558 0.007965215438919879 1.3480432943953973 0.07153481825598088 0.9973589445861099 -0.012566042958321998 -1.2512217173990865 -0.007046481434414039 0.01310332751682792 0.9998893188285299 -0.027154321483129615
1607108459593423 1606417107665772 0.9973985575570441 -0.07170853380055901 0.007348711980163459 1.3604267221124084 0.07180131067716689 0.9973309143544717 -0.013252134257532525 -1.2331878394428657 -0.006378806521154029 0.013745306744949271 0.9998851820933509 -0.03003625924169674
1607108459697054 1606417107665772 0.9973439886053205 -0.07241882040964989 0.007777071927840002 1.3769595868525522 0.0725170185327001 0.9972799632072664 -0.0131892764360594 -1.2075900849037737 -0.006800766164485153 0.013718215636648327 0.9998827731986 -0.02320182600373683
1607108459800748 1606417107665772 0.9973350443620301 -0.07262478028637498 0.006960645100034745 1.4024898059163151 0.0727162542484966 0.9972552580878222 -0.013939031125743974 -1.1774904715720016 -0.005929220852767547 0.014408036264953093 0.9998786190488661 -0.025284556937798124
1607108459904465 1606417107665772 0.9972719688154871 -0.07354163575750325 0.00634413346788973 1.4289178408745549 0.07363063735990473 0.9971701880759779 -0.015170539178230268 -1.1430419347189875 -0.0052105144968527094 0.01559627606496839 0.9998647942154899 -0.02675704213337872
1607108460008221 1606417107665772 0.9972284709683034 -0.0742355207243389 0.004946125500992324 1.4724975521813801 0.07430550023612928 0.9971086393896483 -0.015907667762679614 -1.0939740432646055 -0.0037509104686642082 0.016231103529194435 0.999861231346071 -0.022862382924903647
1607108460111960 1606417107665772 0.9971941836848207 -0.07473712571386254 0.004257002426607948 1.5228146935130027 0.0748002593486495 0.9970472763486506 -0.017368072189435042 -1.032153813253097 -0.00294639288022321 0.017637765454641435 0.999840101215571 -0.02880361134657284
1607108460215674 1606417107665772 0.9971256892801151 -0.07567359607394662 0.0037237936782613047 1.583537245346759 0.07572790135779645 0.9969720605363542 -0.017663393510444988 -0.962578107479651 -0.002375865750618543 0.01789461850943257 0.9998370556697415 -0.026402613905211824
1607108460319475 1606417107665772 0.9971110851415862 -0.07589382178119759 0.00310027541968421 1.6576493812560515 0.07593562252974119 0.9969692012637029 -0.016917238755182903 -0.8743438705835251 -0.001806965205740214 0.017103787636748906 0.9998520867234427 -0.028837584494925846
1607108460423193 1606417107976807 0.997528131332067 -0.07003602147811731 0.005708143405400592 0.7758305501796814 0.07011246935266646 0.9974333795403001 -0.014522225192869775 -1.7713434724608625 -0.004676413892221053 0.014886540188965392 0.999878253626066 -0.018774649372247015
1607108460526914 1606417107976807 0.9975217604300274 -0.07022843389609155 0.0042783811830056735 0.8662281530065343 0.07028279727634398 0.9974251670555923 -0.014260593802556298 -1.6621662131803845 -0.0032658658969978117 0.014525949232027172 0.9998891593165974 -0.01980975538140391
1607108460630648 1606417107976807 0.9975017196781588 -0.07057705204922403 0.003032979990499246 0.9689236105614261 0.07061289241661793 0.9974050145700902 -0.014037675714395936 -1.5365600162175543 -0.0020343716820651154 0.014216773155133405 0.9998968670282526 -0.022738206471765898
1607108460734371 1606417107976807 0.9974968896170882 -0.07069129742347958 0.0016418517854459096 1.0814518906531603 0.07070653973041978 0.9974154652499786 -0.01276616324448985 -1.3975321368903186 -0.0007351517195774733 0.012850297787193021 0.9999171612682373 -0.02153147645465509
1607108460838083 1606417107976807 0.9974598956948105 -0.07122550025773342 0.0008274043745803672 1.205848010641712 0.07123030214584843 0.997388753343957 -0.011912966199234123 -1.2448448786565929 2.326315941980383e-05 0.011941642286075365 0.9999286957770225 -0.02320025673557339
1607108460941799 1606417107976807 0.9974091397483544 -0.07193721355962235 0.00021273502412636074 1.3442798645269403 0.07193534522404324 0.9973514756383459 -0.010739653345283375 -1.0788312583060042 0.000560409146022321 0.010727131571692453 0.9999423056305963 -0.024621777976293998
1607108461045524 1606417107976807 0.9973181372224315 -0.07318817230528156 -0.00015686381794623562 1.4929258854472278 0.07318352100326293 0.9972747699349129 -0.009338389009722803 -0.8958251347469215 0.0008398959518488983 0.009301864885299084 0.9999563839910448 -0.02774820228284341
1607108461149165 1606417107976807 0.9971396423263186 -0.0755801614753552 -0.0004158090502605254 1.653693028768158 0.07557442191074637 0.997107988800193 -0.008010332587106515 -0.6992304543740201 0.0010200287562327252 0.007955995642205786 0.9999678303198948 -0.029001057733457743
1607108461252812 1606417108287964 0.9974250773857971 -0.071158499736744 -0.008926529091307539 0.7972097319743136 0.07104027190927531 0.9973896644813106 -0.012928145937451983 -1.5520846170030678 0.009823175324626723 0.012260713908237998 0.9998765824445548 -0.011572191554271955
1607108461356438 1606417108287964 0.9971877955224163 -0.0744448931978219 -0.008628924751908717 0.9827521165333113 0.07436785249213951 0.9971908948449771 -0.008929824099425335 -1.323708829255804 0.009269464996242182 0.00826299700497473 0.9999228969771518 -0.010583987376996201
1607108461460054 1606417108287964 0.9968680333810244 -0.07871425973302684 -0.0076281939013163845 1.1753238684941933 0.0786771924047719 0.9968873859078291 -0.0050437305264120595 -1.0821951580927802 0.00800146379214286 0.004427768851483573 0.999958184845837 -0.010611565998092936
1607108461563683 1606417108287964 0.9965556848159336 -0.0825857748811215 -0.007507120139968386 1.3794108429144651 0.08254786483239336 0.9965733919495521 -0.005227281725980955 -0.8333643792205002 0.00791309529350549 0.004589580581555863 0.9999581584611236 -0.004557661684188286
1607108461667317 1606417108495361 0.9967477544512033 -0.08053613553927191 -0.0028008701057586063 0.8956717876072879 0.08050083811205906 0.9966937489167392 -0.011008448483668323 -1.309610517970139 0.0036781876250869595 0.010747173915107579 0.9999354825130636 -0.014829292038348268
1607108461770965 1606417108495361 0.9964831232834517 -0.08373719769953478 -0.0030768063234648956 1.1205006536934787 0.08368159782042264 0.9963775977828733 -0.015135152034818007 -1.0432105247011365 0.004333036111559502 0.014824451501660712 0.9998807231043768 -0.01020610453959438
1607108461874672 1606417108495361 0.9961692943747974 -0.08733731692190923 -0.004350864530878245 1.3405238656931715 0.08725505723226466 0.9960502630578278 -0.016444709005982324 -0.7703613122562851 0.0057699165226414 0.01600207923300095 0.9998553102942161 -0.010529754443806797
1607108461978375 1606417108702881 0.9963985772707461 -0.084781229306632 0.001420695095714017 0.8619228590978373 0.08478486442012494 0.9963955386724179 -0.002730802707745479 -1.2077201552864227 -0.001184053444624044 0.0028414213738708026 0.9999952621597846 -0.00015809867456033342
1607108462082026 1606417108702881 0.9961482292559338 -0.08761198974390255 -0.003583937478154005 1.0940090808882903 0.08760911931565886 0.9961544753347146 -0.0009505197629559573 -0.9018969864398616 0.00365343228589824 0.0006328729725964762 0.9999931259285401 -0.005975429216690087
1607108462185763 1606417108910401 0.9964300441059125 -0.08439053237392531 -0.002324920041703532 0.5840180442385142 0.08440124648120606 0.9964194156639887 0.004977718826884383 -1.367505843579349 0.0018965231276070092 -0.005156174739696642 0.9999849084171621 0.013408529814266771
1607108462289585 1606417108910401 0.9961393222659235 -0.08770233825300346 -0.003840638619822208 0.8382973244735216 0.0877217947586828 0.9961312836244951 0.005229963039737886 -1.0523387350215296 0.0033671002907319897 -0.005546679550618256 0.9999789482692099 -0.001853107056774071
1607108462393386 1606417108910401 0.9958268021331637 -0.0912632361024745 4.3517887475153015e-05 1.1090154571800823 0.09126061221460068 0.9958015679059092 0.007123062460391025 -0.730803726652298 -0.0006934089116735024 -0.007089365042256881 0.999974629721864 0.008778926419083519
1607108462497107 1606417109117676 0.9961593710487967 -0.08749313941709423 -0.0033849713547409845 0.5915030627028012 0.0874728167717617 0.9961503290867211 -0.005747015825346493 -1.2229645203180108 0.003874764785804993 0.005428850690881602 0.9999777566416319 -0.018416070314544272
1607108462600939 1606417109117676 0.996053137686579 -0.08873923706376668 -0.001869415557668535 0.8669502177981091 0.0887330682895498 0.9960504338059804 -0.003158466606742229 -0.8796258943882536 0.0021423120941482993 0.002980121595577076 0.9999932646644011 -0.015808185720347277
1607108462704825 1606417109117676 0.9958410770849785 -0.09105675777981068 -0.003035795995212537 1.1414722982381058 0.09105157328589378 0.9958445432136164 -0.0018046490774791398 -0.5350756819225415 0.003187506370060616 0.0015207296795347236 0.9999937635727448 -0.021853339717343042
1607108462808539 1606417109325195 0.9959333832700417 -0.08981779005625021 -0.007032828887824708 0.6030032927702446 0.08983417949583704 0.9959546270807245 0.0020496329598953754 -1.0024136713877023 0.0068202849693965225 -0.002673086300876774 0.9999731688013256 -0.004513562427613135
1607108462912274 1606417109325195 0.9958163168819005 -0.09098414616886745 -0.008470429868308812 0.8857139266839027 0.09101781123383476 0.9958424771029726 0.0036767975308906104 -0.6416781496065184 0.008100683578181679 -0.004432374961945229 0.9999573655800347 -0.007496313959043623
1607108463016086 1606417109532715 0.996027050628009 -0.08863744008614304 -0.008574300945863275 0.3475425894270224 0.08869497762286768 0.9960371005705256 0.006579911549951334 -1.1351414097264778 0.007957095337738064 -0.007314267324999955 0.9999415913578577 0.006862362273359513
1607108463119808 1606417109532715 0.9959351100535598 -0.08983773709243874 -0.006514411806062475 0.6482634152189196 0.08988721316649723 0.9959218184073444 0.007747292032358309 -0.7698835797080344 0.00579184566695372 -0.008301362465511195 0.9999487696402184 0.005583921156162339
1607108463223444 1606417109532715 0.9958379069636202 -0.09100023006396994 -0.005081455213439259 0.9517718004550647 0.09103938267274753 0.9958144001998894 0.008093896562543026 -0.39546461643795505 0.004323639826198567 -0.008522821557714583 0.9999543327829271 0.0018615186478381854
1607108463327147 1606417109739990 0.9960880669741996 -0.08803188378155381 -0.007677908174696214 0.41035502510661986 0.08807382441887775 0.9960998159069644 0.0053064307033815795 -0.894652689892728 0.007180827828374479 -0.005961895038333057 0.9999564448110985 0.005577454083121953
1607108463430858 1606417109739990 0.9960485889243578 -0.08860074870454274 -0.006092276689035344 0.7221663265188094 0.08863032454583722 0.9960531733886012 0.004768789978856064 -0.5149703645536272 0.005645713166721085 -0.005289906989476623 0.9999700709555671 -0.0023837562678576817
1607108463534407 1606417109947388 0.9963841608349643 -0.08442089390168357 -0.009576884384301005 0.16707679024453673 0.08447524258647111 0.9964108413957002 0.005419275185409251 -1.0212813126579359 0.009085011371838965 -0.0062086895895202875 0.9999394555381614 0.015529239418293324
1607108463637943 1606417109947388 0.9963495200976887 -0.08504180857520849 -0.007451483062367006 0.49444311909531813 0.0850764046860553 0.9963644693453504 0.004455288578599874 -0.6318818916700031 0.007045507168806838 -0.0050729700256985834 0.9999623121917409 0.00537138789203292
1607108463741566 1606417109947388 0.9963206447529233 -0.08558198924838713 -0.0045712098916838705 0.8296848543331218 0.0856000691496407 0.9963218761429704 0.003917561102748917 -0.23094893717254597 0.004219123743341 -0.004294442886565848 0.9999818782133667 -0.004340019341645442
1607108463845204 1606417110154785 0.9970260687858727 -0.07684249102376176 -0.0058523276665684255 0.2837362422433712 0.0768675254953677 0.9970325534115354 0.0041798285082331596 -0.7337432267208338 0.005513772762162604 -0.004617251931869719 0.9999741393128749 0.0037440211890518013
1607108463948849 1606417110154785 0.9969596950258954 -0.07777726687727285 -0.004697153972410975 0.6295983184864179 0.07779417720120028 0.9969631866277028 0.003531360529646487 -0.3165360174747083 0.00440823002205179 -0.003886035345125232 0.9999827329696094 0.003957163581351864
1607108464052493 1606417110362061 0.9976058701026294 -0.06915530590364521 -0.0002675941231596573 0.09226300452993612 0.06915569644044298 0.9976039880908781 0.001942318068234233 -0.8194479251378335 0.0001326313642825463 -0.001956173564422978 0.9999980778951063 0.014524148529231399
1607108464156143 1606417110362061 0.9974659748193702 -0.07108357746486627 0.0029587323139770422 0.4624166096258733 0.0710862894132018 0.9974698313277929 -0.000821615988549953 -0.3909705326780571 -0.0028928428183918487 0.0010298592945114228 0.9999952854140172 0.004185132321888649
1607108464259781 1606417110362061 0.9973482325746501 -0.07261343716407306 0.004877676486479584 0.8373369925518895 0.07263214193185387 0.9973516591348054 -0.0037735903205780284 0.04119174546459276 -0.004590745372876746 0.004117859727543757 0.999980983963288 -0.004941091292544445
1607108464363490 1606417110569336 0.9978975963193265 -0.06469154688992587 0.0039231397585008584 0.3034452799102801 0.06470220536378911 0.9979010890235862 -0.0026535167360652026 -0.46679398379966885 -0.0037432453350370104 0.002901773767031461 0.9999887838487823 -0.0020585747394732228
1607108464467204 1606417110569336 0.9977657715104666 -0.06680858771106316 0.0002789527597011673 0.6820676876279456 0.06680865529795725 0.9977657770116111 -0.0002404291173971588 -0.010007359426323654 -0.0002622667872542615 0.00025852840258006835 0.9999999321895964 -0.003595518505770436
1607108464570933 1606417110776978 0.9981963156215414 -0.05987371564843973 -0.004387899098114797 0.1342176443660763 0.05987459780363865 0.9982059044429947 6.98388211284531e-05 -0.5113823660891225 0.004375845278111044 -0.00033243654763960795 0.9999903706856601 -0.0059505277692817405
1607108464674656 1606417110776978 0.9980832809366428 -0.061884716135008074 -0.00021500721322401722 0.5365881223954729 0.06188499319217884 0.9980818354214037 0.0017021821029409169 -0.049257321951630004 0.00010925573775263468 -0.001712225217977719 0.9999985281729102 -0.01174015752899871
1607108464778362 1606417110984375 0.9984765657593367 -0.055166105121628554 0.0011173538454768608 -0.0062699815555000826 0.05516631050555326 0.9984771677569223 -0.00015381087608294357 -0.5626740093385909 -0.0011071671560527285 0.0002152168445114006 0.9999993639310969 0.013813178542013591
1607108464882145 1606417110984375 0.998460198188225 -0.055381339007879817 0.003184325374481097 0.3999241346515227 0.05539011862302413 0.9984610338781288 -0.0027383554208857235 -0.10475984442675872 -0.0030277710157138567 0.0029105190564676755 0.9999911807018592 0.016738820975283304
1607108464985947 1606417111192017 0.9988471985426246 -0.048002357357724436 0.0002183028120737526 -0.15459849497286404 0.04800054981143186 0.9988334853465082 0.005255071152022818 -0.6236470226817076 -0.0004703039620231775 -0.005238534443323537 0.9999861681898753 0.007451999692109175
1607108465089759 1606417111192017 0.9987318334938005 -0.05034459427793899 0.00038288061747193745 0.25146043409247254 0.050342877834741444 0.9987253943512916 0.003630610642724282 -0.1612992895025239 -0.0005651742154619901 -0.003606731111751393 0.9999933360121925 0.003396148651573028
1607108465193569 1606417111399414 0.9989325837557856 -0.04493572544855338 -0.010699238004083837 -0.30769498774918475 0.04484471157009169 0.9989569532819578 -0.008599845247985322 -0.7115897057804956 0.011074518483936925 0.008110861391138854 0.9999057800452216 -0.0038818370769696017
1607108465297287 1606417111399414 0.9988729534162326 -0.04734515043402403 -0.0033555429334369974 0.11413373897215122 0.04733924351605122 0.9988772142536667 -0.001818480857261593 -0.23261418238934164 0.0034378716274008916 0.0016575824805655293 0.9999927167029736 0.015515081291560614
1607108465401001 1606417111399414 0.9987805546224552 -0.04936915138888426 0.00030100443173962615 0.5402521374560363 0.04936416447528326 0.9987368332197846 0.009376419371956306 0.2592039741634839 -0.0007635300803988263 -0.00935012650839819 0.9999559951098316 0.013391529221970122
1607108465504719 1606417111606934 0.999101281783203 -0.0423823085352749 0.000607179419324241 -0.018191575378813475 0.04238386257686882 0.9990973971081726 -0.00282830146997415 -0.2903658530966048 -0.0004867614318921909 0.0028514942329822663 0.999995816013221 -0.010844265192673324
1607108465608444 1606417111606934 0.998996592466807 -0.04459977004998666 -0.004082738745284915 0.40468551230607647 0.04456535896989941 0.998973115671686 -0.008163513309457766 0.18397447707213083 0.004442637061242673 0.007973373260923998 0.999958343279751 -0.014909373882380214
1607108465712158 1606417111814331 0.9992215360039183 -0.03925363130964151 0.0039337538614498 -0.13423151860847865 0.03924922334760822 0.9992287418830066 0.0011915812934876933 -0.341935503389545 -0.0039774938146150554 -0.001036256906447428 0.9999915528216119 0.02080255258177257
1607108465815800 1606417111814331 0.9991789006493098 -0.04050300436557001 -0.0010154501785143775 0.28296868761552874 0.04050491514463252 0.9991774604850617 0.00193760476224765 0.13979988513261754 0.0009361361164709446 -0.0019771445195453856 0.9999976072714976 -0.003597637514536311
1607108465919438 1606417112021729 0.9994283530665571 -0.03380064591325452 -0.0006952891351170874 -0.28260770217988745 0.03379953717302435 0.9994274320864713 -0.0015489623612314938 -0.407172886346376 0.0007472469631709744 0.0015245764506758817 0.9999985586432723 0.0010107028678833444
1607108466023079 1606417112021729 0.9993724131149455 -0.03535872777137392 0.002130793201198789 0.1566307030145022 0.03534036991025979 0.9993424089791739 0.008112205296520368 0.08588768446158176 -0.0024162292694222096 -0.008031811162916836 0.9999648253041509 0.005968601610949219
1607108466126721 1606417112229004 0.9995758184123661 -0.028143055231153912 -0.007493443265305727 -0.45039091708481915 0.028146638981551446 0.9996037352065769 0.00037320177870525954 -0.4826771304610746 0.007479970839271006 -0.0005839587156982358 0.9999718541181357 0.008779121843348574
1607108466230353 1606417112229004 0.9996392135490408 -0.026843956243055193 0.0009191043149063771 0.030466693788683594 0.026843020520171606 0.9996391451782226 0.001015717072627931 -0.00014374872867949976 -0.0009460385163334621 -0.0009906790796826975 0.9999990617826032 -0.017747145098165166
1607108466333999 1606417112229004 0.9996415397393034 -0.026709449280706652 0.0018431905006864812 0.4786374300244905 0.02671563616046658 0.9996372307361576 -0.0034178524183109044 0.4724978231640916 -0.001751232892005697 0.0034658692608250446 0.99999246043839 -0.012476775563357348
1607108466437744 1606417112436279 0.9998025740018867 -0.019819171740623056 0.0014189627138355844 -0.09646991564726738 0.01981868576181964 0.9998035272747987 0.00035573587184235724 -0.0914997301459948 -0.0014257343166994001 -0.00032754366419880963 0.9999989299978307 -0.044885043800510366
1607108466541496 1606417112436279 0.9997492989299296 -0.01873545297549056 -0.012260591151455483 0.32858999448916437 0.018764722901015267 0.9998213350830472 0.0022766404342863225 0.3930300283862784 0.012215746724129667 -0.0025061362736473847 0.9999222443835072 -0.022703098909169352
1607108466645161 1606417112643555 0.9999095406548334 -0.013442593266276465 0.0004551902713797368 -0.22450426277876795 0.013441540085909197 0.9999071433221828 0.0022427077064291704 -0.18353087175580246 -0.0004852958114349358 -0.00223638637427419 0.999997381528552 -0.0057299994395761545
1607108466748894 1606417112643555 0.9999009719567077 -0.013987740846781364 0.0015457653445090102 0.23672479340068986 0.01398213729905941 0.9998958423145012 0.0035783184864072374 0.29848737681129545 -0.0015956569328199532 -0.003556351029242257 0.9999924030942983 -0.0019278688263361205
1607108466852699 1606417112851074 0.9999206288628103 -0.012496489589225283 -0.001604283956808694 -0.3493301395509164 0.012491708170579137 0.9999176044451707 -0.00295661158723066 -0.293610424739861 0.0016410990368575058 0.0029363366705890057 0.9999943423444496 -0.02185854148204892
1607108466956410 1606417112851074 0.9999375953440218 -0.011000278431643242 0.0019491784185445317 0.1283068500962237 0.01099681197878166 0.9999379484079645 0.0017802989748347462 0.20796468815945554 -0.0019686412533308608 -0.0017587531273039172 0.9999965156134559 -0.014589986717133765
1607108467060130 1606417113058594 0.9999480831874435 -0.009965486203397158 -0.0021260336199475163 -0.48023153231657545 0.009964229990817216 0.9999501754323926 -0.0006006478860783987 -0.4063133399805822 0.0021319134394587372 0.0005794324143960251 0.9999975595986041 0.002805801116669881
1607108467163844 1606417113058594 0.9999490844334369 -0.009671701511149645 -0.002878668976466729 -0.0016855061923729592 0.009671894466494666 0.999953224726358 5.311546571362367e-05 0.10032556732541613 0.0028780206090011956 -8.09549438537675e-05 0.999995855213246 -0.006652833055490211
1607108467267558 1606417113058594 0.9999516820178111 -0.00929149310062921 -0.0032096401942635247 0.4861064605581851 0.009278457630093752 0.9999487418476277 -0.004052641831957757 0.5987710414709396 0.003247130767651124 0.004022665505922577 0.9999866370627186 -0.003982886398505877
1607108467371276 1606417113266113 0.9999667682497981 -0.008152445321405083 5.983451116046028e-06 -0.10223575157586606 0.008152447393440588 0.9999666116145284 -0.0005596982418127048 -0.012179317335741093 -1.4203420254026444e-06 0.0005597284218297495 0.999999843351026 -0.0052035756252974165
1607108467474995 1606417113266113 0.9999710413812379 -0.0074848593151722285 0.0013759667220816425 0.3925819367213742 0.0074864630240431196 0.9999712984826146 -0.0011640819769100932 0.499407803096574 -0.0013672142399172894 0.0011743493906884778 0.9999983758130464 -0.012360029454303203
1607108467578713 1606417113473633 0.9999760701453372 -0.0067760254226749495 -0.0013944965488016671 -0.20424493429139487 0.006775534121574381 0.9999769821751668 -0.0003567375490528401 -0.1026696554277522 0.0013968817132228595 0.00034728055342555126 0.9999989640583117 0.0031448758196219984
1607108467682358 1606417113473633 0.9999772126049715 -0.006672444645930996 0.0010260398160465316 0.3030039747282101 0.006672366361634337 0.9999777363417851 7.970170006935534e-05 0.4187774709609384 -0.00102654877782636 -7.285377032077683e-05 0.9999994704448273 0.0058702858662876296
1607108467786090 1606417113681030 0.999972109588929 -0.007428253712683248 -0.0007753034972166313 -0.3011987876254152 0.00742747589197507 0.9999719145577126 -0.001001350149886644 -0.18960554050796571 0.0007827200054418464 0.0009955636737825758 0.9999991981008608 0.004825141998042575
1607108467889819 1606417113681030 0.9999727481955962 -0.0072746954771473514 -0.0012576471392929827 0.20611233895233774 0.007273157968525835 0.999972802587877 -0.0012228091335963413 0.33868377045697795 0.001266508498616183 0.0012136287435255643 0.9999984615295645 0.0031509525021748705
1607108467993454 1606417113888428 0.9999666657708991 -0.008052429269003562 0.0013511973816720535 -0.38491819337240535 0.008054072961648019 0.9999668267209648 -0.0012154714303733668 -0.2744579188988075 -0.001341365060299703 0.0012263135558650833 0.9999983484460551 -0.00024738958930744305
1607108468097087 1606417113888428 0.9999644894641863 -0.008416394705507686 -0.000429086536979441 0.12351593178119308 0.00841593766697969 0.9999640277326319 -0.0010560484757377582 0.2594691595655681 0.0004379592225627874 0.0010523998093392314 0.9999993503229693 -0.0008608326416661327
1607108468200812 1606417114095703 0.9999239345021096 -0.009540908333787523 -0.00781641109798562 -0.4880837717899415 0.00956162519570861 0.9999508611635064 0.002617362497720864 -0.3491158999407922 0.007791054992954273 -0.0026919010000277994 0.9999660259884348 0.0024258243463132568
1607108468304530 1606417114095703 0.9999594288549504 -0.008782528438580687 0.00200195973302558 0.03628624290107633 0.008781152011705614 0.9999612032161118 0.0006952959074428837 0.19017304758985668 -0.002007988519502333 -0.0006776881857532303 0.9999977543578927 0.0007116847983890698
1607108468408156 1606417114302979 0.999948738182357 -0.010116137810851699 -0.00042984621616769757 -0.5715243950144395 0.010115748870825884 0.9999484316643446 -0.0008975752144821316 -0.4307204550830209 0.0004389040442780705 0.0008931809867673431 0.9999995047953598 -0.004288068129028033
1607108468511868 1606417114302979 0.9999580536115186 -0.009073665563471573 -0.0012488455353261922 -0.05580736391255261 0.009077523406668479 0.9999539343730273 0.0031189269261052404 0.1184580667618109 0.001220487906626482 -0.0031301325229560095 0.9999943563239038 -0.002280189082904633
1607108468615597 1606417114302979 0.9999417738419143 -0.009641198440338722 -0.004847290272468313 0.461587191750237 0.009647292100782837 0.9999527007527967 0.0012353205153824171 0.6642415284607174 0.004835151029050433 -0.0012820118125677128 0.9999874888018544 -0.003773054142944688
1607108468719238 1606417114510376 0.9999555241504489 -0.009393039427955439 -0.0008488437852473675 -0.15219667943757925 0.009395348290509493 0.9999520586350502 0.0027582361194651715 0.035615964706072326 0.0008228948698941114 -0.0027660886275709465 0.9999958357901985 0.001090687696446836
1607108468822940 1606417114510376 0.9999565002266213 -0.009324757079908822 -0.0002157878435515756 0.37094712553659287 0.009324373045938692 0.9999550528751427 -0.0017170618032620083 0.5654388524703461 0.00023178932871452095 0.0017149750251068063 0.999998502566064 -0.00644557285630629
1607108468926643 1606417114717529 0.9999481951961356 -0.010172584072898097 -0.0003542057829783155 -0.25669221753602134 0.01017340612708101 0.9999453645849109 0.0024020111133657824 -0.05492297194019381 0.0003297517708028574 -0.0024054901569286013 0.9999970524360933 0.0034170077648695177
1607108469030300 1606417114717529 0.999944547998083 -0.010416018608650823 0.0015516087520923507 0.25920822869735477 0.01040584941170139 0.9999252232480205 0.006423878492220085 0.4901131348108456 -0.0016184039657405971 -0.006407376468263159 0.9999781629092696 -0.0040398435247172675
1607108469134045 1606417114924927 0.9999230671652779 -0.012086753918623275 -0.0027874961810711134 -0.38528896512992555 0.012091061649078744 0.9999257241842344 0.0015337363848040083 -0.1519498769839475 0.0027687512432529662 -0.001567322178284625 0.999994938746063 -0.0005300805740268512
1607108469237789 1606417114924927 0.9999012649337548 -0.01365427032132975 0.003319832877542731 0.13862148025576523 0.013649400807356389 0.9999057397944858 0.0014850549173836278 0.3872476435309388 -0.003339797290689932 -0.001439594560825768 0.9999933866389105 -0.004998087334131257
1607108469341450 1606417115132446 0.9998584614148696 -0.016798002019197306 -0.0009403561659035597 -0.510959525730078 0.01679878793892818 0.9998585424117008 0.0008342029715019004 -0.2531564627796646 0.0009262102021864127 -0.0008498817434097804 0.9999992099175297 -0.0037598184480404657
1607108469445194 1606417115132446 0.9997907277078356 -0.02043079093898351 0.0010409493310124614 0.0033123947639066816 0.020432832697210218 0.9997892472482146 -0.001990085244916809 0.2880896753347205 -0.001000070932484602 0.002010938318738361 0.9999974779894238 -0.003812430042159306
1607108469548920 1606417115339844 0.9997175143457273 -0.02374770956534033 -0.0009684034626060873 -0.6601154012203523 0.023749720685816152 0.9997156856573255 0.002120995642341555 -0.35249904648417846 0.0009177593431064495 -0.002143395803243102 0.9999972817824151 0.003042445931467026
1607108469652561 1606417115339844 0.999681193191181 -0.025247063328068545 0.0003126941494300473 -0.1527531475578641 0.02524617544331801 0.9996779448266266 0.0025762874767497716 0.19912445981188967 -0.00037763713773750435 -0.0025675718073983654 0.9999966324769329 -0.005801912728101974
1607108469756286 1606417115339844 0.9996772758539069 -0.0253745947668923 0.0012141195137479613 0.3555859893133377 0.025367735558751464 0.9996637866256246 0.005365790380217072 0.7476633977263379 -0.0013498660670284253 -0.005333259247325116 0.999984866989197 -0.0061480873896961625
1607108469860005 1606417115547363 0.999659075836281 -0.026108407553893955 -0.00028837062594836186 -0.3045835033855536 0.026109103961098896 0.9996553002091401 0.0027559859556964936 0.09803190208177005 0.0002163168201092907 -0.002762575472135371 0.9999961606845269 -0.007397322855699597
1607108469963740 1606417115547363 0.9996681817442262 -0.025621469740316087 -0.0026583267302413534 0.19880261458460932 0.025623544259932293 0.9996713822876367 0.000749279087426182 0.6393783508640641 0.0026382555255211183 -0.0008171462155741698 0.9999961859326487 -0.013287592553532184
1607108470067546 1606417115754761 0.9997107859100234 -0.024045262919722466 -0.0004121537948798339 -0.460578568605503 0.02404524028707269 0.9997108696269117 -5.978132177737546e-05 -0.015887023064583235 0.0004134720862982529 4.9853695143574185e-05 0.9999999132777178 -0.005591056812161762
1607108470171363 1606417115754761 0.9997460430437012 -0.02223748947692797 -0.00365287348413988 0.043500670260129624 0.022242973310691423 0.9997515173757051 0.0014675311719993644 0.5280052942654969 0.0036193315995478445 -0.0015484092496612421 0.9999922514037637 -0.008764709937680163
1607108470275180 1606417115962158 0.999785870208642 -0.02062556934146308 -0.0016732079831150153 -0.6029148956656288 0.020627848273456137 0.9997863032177696 0.0013563842445224736 -0.1269438575477191 0.0016448742266602803 -0.0013906084826497231 0.9999976802957227 -0.0004681811016667096
1607108470378909 1606417115962158 0.9998269988230737 -0.018360386679264568 -0.0029780244960254877 -0.09538466049848875 0.018373773551917015 0.9998209169590276 0.00453193790087971 0.42037304114487223 0.0028942830500696152 -0.0045858714180008996 0.9999852963463831 0.0032770783713671264
1607108470482612 1606417116169678 0.9998677626237766 -0.016085057303795242 -0.002393366190609321 -0.7468975812473791 0.01609991664469561 0.9998503853818895 0.006324518968785962 -0.23142938485987263 0.0022912778580037436 -0.00636221562714649 0.9999771358676613 -0.001507491601628537
