1635266116224365 1606417097502930 0.9999878853806963 0.0011716233162277182 -0.00478083623582535 -2.807571667752434 -0.001209647728422469 0.9999675999358373 -0.00795838145603126 -1.8951981429118296 0.00477135711114059 0.007964068170944485 0.9999569029560658 -0.03189819695060833
1635266116328125 1606417097502930 0.9999853241803262 0.0014308792962722588 -0.005225324188343466 -2.814324146178766 -0.00147346136252405 0.9999656664593404 -0.008154435517296015 -1.8999652133361449 0.005213476771496851 0.008162015157550785 0.9999530994844313 -0.028518193039207773
1635266116431641 1606417097502930 0.9999851474866273 0.0007583352917609055 -0.005397197254042577 -2.810339642876202 -0.000800488294042732 0.999969163158626 -0.007812295104115452 -1.8982865711203305 0.005391106482427858 0.007816499465102992 0.9999549181373165 -0.037738649812733414
1635266116535401 1606417097502930 0.9999858777651263 0.0009618942326542144 -0.005226761354870305 -2.812122214856043 -0.0010028755539951762 0.9999687346923171 -0.007843716143202534 -1.8961622120750932 0.005219053113235976 0.007848847163572722 0.9999555775547253 -0.033639078402895824
1635266116639160 1606417097502930 0.9999874490519464 0.0012514374681568898 -0.004851355203428436 -2.8155680822639026 -0.0012900479252574365 0.9999674566846389 -0.007963752411437274 -1.8998469678617802 0.0048412311860805135 0.00796991093949152 0.9999565205548787 -0.030883784749383695
1635266116742920 1606417097502930 0.9999871823620834 0.0008984177079073601 -0.004982766463441379 -2.8114068453572485 -0.0009379263791503561 0.9999680981336536 -0.007932402759357653 -1.894836165570872 0.004975480892775251 0.007936974552780763 0.9999561235498458 -0.035197327379193274
1635266116846558 1606417097502930 0.9999864772625007 0.0015971708665134064 -0.004949175873107113 -2.8123045848215424 -0.001636063751718211 0.999967736747976 -0.00786439845102724 -1.8987325656206608 0.004936455408498938 0.007872389270060696 0.9999568275156586 -0.036524261268528105
1635266116950318 1606417097502930 0.9999869099866504 0.0014648287758550996 -0.004902462286838579 -2.8128006635060507 -0.0015036079676638075 0.999967538872177 -0.007915830308069464 -1.9019479964395503 0.004890707811352674 0.007923098071083028 0.9999566518074972 -0.03670174994494326
1635266117053955 1606417097502930 0.9999855916021982 0.0014693308757663503 -0.005163105581406143 -2.8132362282833006 -0.001508697137938976 0.9999697611986741 -0.007628926902141908 -1.9025622515189624 0.005151740037424468 0.007636606544124789 0.9999575700073865 -0.03682472310298957
1635266117157715 1606417097502930 0.9999873047318518 0.0013814585059741965 -0.004845817989591537 -2.811289300054894 -0.0014192932188899908 0.9999684710262199 -0.00781297412697096 -1.899936807634354 0.004834871906347753 0.007819752575764519 0.9999577368485647 -0.03691855799462838
1635266117261475 1606417097502930 0.9999875964288413 0.0008930882016885043 -0.004899937387188489 -2.8099700182282352 -0.0009311083183641287 0.9999694376947282 -0.007762520096849425 -1.8980273230971458 0.004892855018681451 0.007766986186322369 0.9999578660600394 -0.035424946838203304
1635266117365112 1606417097502930 0.9999878773793739 0.0010442990615843408 -0.004811916274199512 -2.810798031582243 -0.0010824651085339677 0.9999679251365636 -0.007935803162258908 -1.8998927761834732 0.004803474580836159 0.007940915690982087 0.9999569333176005 -0.03396599226433101
1635266117468872 1606417097502930 0.999987530716116 0.001125632666173356 -0.004865322995588653 -2.808553328275844 -0.0011647920284015981 0.9999668929344178 -0.00805334086468291 -1.897032975728596 0.004856096815461209 0.008058907534712317 0.9999557351868462 -0.03155691937095343
1635266117572510 1606417097502930 0.9999873503896833 0.0009974474867895558 -0.0049299253135941115 -2.807633489798943 -0.0010369408419086145 0.9999673426098378 -0.008014890640275971 -1.8990043948727517 0.004921769882562658 0.008019901295919955 0.9999557277021953 -0.039140659899768344
1635266117676270 1606417097502930 0.9999873535391278 0.0010424740138033175 -0.004919960793301916 -2.8100884661863326 -0.001081219748636477 0.9999683746085621 -0.007879133901084705 -1.8989095823792022 0.004911591405261841 0.007884353816680751 0.9999568556866648 -0.03413794251042723
1635266117781128 1606417097502930 0.9999870701853351 0.0013668101242663244 -0.004898091128128684 -2.8120706069073216 -0.0014054735923326475 0.9999678158938664 -0.007898849593279626 -1.8989975619383184 0.004887137259838911 0.007905631600334084 0.999956807506406 -0.03622718969120236
1635266117885986 1606417097502930 0.9999867852891647 0.0012902142719847566 -0.004976404187759294 -2.8144362716893316 -0.001329742373216568 0.9999675300767941 -0.007947992312681791 -1.8966182255171886 0.0049659879911709386 0.007954504617758614 0.9999560314431619 -0.03596865975433184
1635266117989624 1606417097502930 0.9999876305057678 0.000985871529728322 -0.004875130485702486 -2.80716087812604 -0.0010243835347896152 0.9999682420809423 -0.007903510130901868 -1.8965857886948254 0.0048671838160692866 0.007908406371860733 0.9999568828856364 -0.03357199775412513
1635266118094483 1606417097502930 0.9999866023142248 0.001159203686733311 -0.0050449423515690405 -2.8119844388083286 -0.0011990204952932724 0.9999681027918101 -0.007896565915959773 -1.8964054634290592 0.005035627703658986 0.00790250910951039 0.9999560954378969 -0.03473279975657936
1635266118198975 1606417097502930 0.9999859609074727 0.0009495944925575219 -0.00521308571996923 -2.81121849012093 -0.0009899315441665778 0.9999695516228216 -0.0077405340420819 -1.9011095359120036 0.005205576621461521 0.007745585969987623 0.9999564529868387 -0.04027339263427048
1635266118302735 1606417097502930 0.9999849914091727 0.0011946950752228674 -0.005346930384780243 -2.8079320759907316 -0.001236680460950472 0.999968377739731 -0.00785583518625446 -1.9004527742983048 0.005337375975135276 0.007862329725553912 0.9999548470751002 -0.035146079325482
1635266118406494 1606417097502930 0.999987118604378 0.000980758692411173 -0.004980034353950096 -2.8078967559953036 -0.0010202745250824435 0.9999679689552774 -0.007938520505509125 -1.897669635175195 0.004972089065245226 0.007943499248453471 0.9999560886109037 -0.03455503370406386
1635266118510010 1606417097502930 0.9999874612693459 0.001159803613038573 -0.004871566907417986 -2.8108212976744262 -0.0011987517958910875 0.9999672833260417 -0.007999704752866411 -1.9019325346942515 0.004862129439465341 0.008005444246284396 0.9999561353178117 -0.03761418977100107
1635266118613770 1606417097502930 0.9999869931575736 0.0011281418534266037 -0.004974014083136062 -2.8078030968424206 -0.0011673508255736751 0.9999682163993575 -0.007886918764841872 -1.8989407976238153 0.004964958427894584 0.007892622600361004 0.9999565269031938 -0.03733262679524483
1635266118717529 1606417097502930 0.9999881321118562 0.0010798705622054778 -0.004750738834674643 -2.808531210288219 -0.0011179373971028162 0.9999672345871503 -0.008017479190410631 -1.896244625277067 0.0047419253349839695 0.008022695068453645 0.9999565743110829 -0.031710381228008296
1635266118821289 1606417097502930 0.9999883190325812 0.0010070712343532525 -0.004727325923498823 -2.813524328505243 -0.0010445061700533771 0.9999680665438558 -0.007923061521219469 -1.9000524501723173 0.004719195876287197 0.007927906693273229 0.9999574378371032 -0.030296141439580374
1635266118924805 1606417097502930 0.9999874482765694 0.0010001926541246876 -0.0049094712989937745 -2.811264571667034 -0.001038569687530389 0.9999688791319951 -0.007820623055165869 -1.9001254738563655 0.004901496382244106 0.007825623720923687 0.9999573665644919 -0.03227257344635834
1635266119028565 1606417097502930 0.9999875164057801 0.0008607091025549644 -0.004922013501193738 -2.8057443524003145 -0.0008999358202597359 0.99996781021682 -0.007972995055983137 -1.8964861595797655 0.004914992633216038 0.007977325020587858 0.9999561016029311 -0.03379119810127202
1635266119132324 1606417097502930 0.9999875966866537 0.0009630001180310841 -0.004886625429541376 -2.8080528504916105 -0.0010018966516630557 0.9999677881281068 -0.007963599295957413 -1.8982464699463868 0.004878799075116205 0.007968396414577975 0.9999563500364229 -0.029821850463383315
1635266119236084 1606417097502930 0.9999871715338898 0.0009699070040244355 -0.004971524164693053 -2.8071601841792293 -0.0010087634434446646 0.9999689202993629 -0.007819260585711843 -1.897759212855154 0.004963785695590851 0.007824175368410485 0.9999570706342212 -0.03121738002592355
1635266119339844 1606417097502930 0.9999868827131019 0.0012566506183963413 -0.004965403852866077 -2.8082400085575174 -0.0012958476796885673 0.9999679650129901 -0.007898717049992267 -1.8947348606843233 0.004955318858541689 0.00790504784729839 0.9999564765696267 -0.03288549612063438
1635266119443604 1606417097502930 0.9999876675884026 0.0012259692435324099 -0.004812657788137938 -2.812578279665636 -0.0012640144792767471 0.9999679151588304 -0.007910178554468296 -1.899379328364837 0.004802805739147847 0.007916164272000894 0.9999571327813263 -0.033294149303841995
1635266119547241 1606417097502930 0.9999880158626699 0.0010772507882447378 -0.004775737246280237 -2.8076392933906646 -0.0011146526150187315 0.9999686776036593 -0.007835902347678995 -1.8971755666336072 0.0047671464267541016 0.007841131729141856 0.9999578945976437 -0.03285305348402505
1635266119651001 1606417097502930 0.9999872058439183 0.0011512409823583461 -0.0049257280821366775 -2.8068869715691958 -0.001189905564826061 0.99996845048526 -0.007853799292093771 -1.9011750527015105 0.004916531062182689 0.007859559960597999 0.9999570265964135 -0.03614908848829177
1635266119754761 1606417097502930 0.9999865956613894 0.0011802998720457497 -0.005041368288738689 -2.8097041111286156 -0.0012193394981428905 0.9999692418212532 -0.007747814342225186 -1.9004965704983654 0.0050320684811437375 0.0077538576273600834 0.9999572770767239 -0.03596380843272936
1635266119859375 1606417097502930 0.9999871246474239 0.0009115752103206275 -0.004991950969223553 -2.8094156701532755 -0.0009506060066603834 0.9999689561419197 -0.007821962996905305 -1.900740441719538 0.00498466569223097 0.007826607664932704 0.9999569477334492 -0.0383244134064864
1635266119964111 1606417097502930 0.9999872479009474 0.0009779720996302933 -0.0049545545235865325 -2.8110193836584587 -0.0010164297301519878 0.9999693313642525 -0.007765513891495825 -1.9013538790385698 0.0049468081182223456 0.007770450821393564 0.9999575736917412 -0.034809126336132964
1635266120067871 1606417097502930 0.9999866098228215 0.000945446503054073 -0.005087859121047932 -2.81133618232951 -0.0009838608019921862 0.9999709917591916 -0.007552990303638439 -1.9002853352229603 0.005080570582923836 0.0075578949128984226 0.9999585321537278 -0.03455287430864319
1635266120171631 1606417097502930 0.999987406651723 0.001456241305436585 -0.004802697542783762 -2.80946855396191 -0.0014937119972711068 0.9999684040358024 -0.007807673086465669 -1.8990842064732272 0.004791175940865606 0.00781474860864072 0.9999579862860678 -0.02932968404875427
1635266120275269 1606417097502930 0.9999871419397105 0.0011171893330263528 -0.004946498530183973 -2.807957619652201 -0.0011555454817897184 0.9999692374709652 -0.007758146095638444 -1.9013404572844816 0.004937679045306187 0.0077637622449381076 0.9999576707648429 -0.03278619540397859
1635266120378906 1606417097502930 0.999987333529018 0.001140157539442525 -0.0049023287094156235 -2.8092790384249886 -0.00117935547164075 0.9999673013420489 -0.008000335732763736 -1.8982492565360258 0.004893046766731276 0.008006015984912691 0.9999559799318108 -0.03338980526390524
1635266120482666 1606417097502930 0.9999863524358488 0.001071716667993622 -0.005113352119274797 -2.809613792938285 -0.0011107856157215336 0.9999701683197532 -0.007643862266308951 -1.9012338404357214 0.00510500752477933 0.007649437784173442 0.9999577116057249 -0.03916731205204028
1635266120586304 1606417097502930 0.9999869566911704 0.0014533389229579295 -0.004896351495935646 -2.8094335409553532 -0.0014906551488129479 0.9999698088934723 -0.007626221426441493 -1.8977251243856064 0.004885120185220978 0.007633420726831002 0.9999589324011178 -0.03608346948134482
1635266120690064 1606417097502930 0.9999874373998724 0.0012643259557898142 -0.004850415114147719 -2.811342852617724 -0.001302065497404503 0.9999688453589662 -0.007785431353613769 -1.898177834083709 0.004840420678257773 0.007791649106503674 0.999957929380961 -0.03700334794102653
1635266120793701 1606417097502930 0.9999880628193402 0.0012474844385673661 -0.00472419367348333 -2.812342593373971 -0.0012842054226494728 0.9999689268798173 -0.007777923612662443 -1.8991702604189642 0.004714344039363859 0.007783897601298872 0.9999585920918982 -0.0375257568402877
1635266120897217 1606417097502930 0.9999876875945217 0.0011471235456620638 -0.004827915844109854 -2.813120657969075 -0.0011846446182359259 0.9999690645834111 -0.007776020690049092 -1.8986795821959261 0.004818846434086103 0.007781644313033988 0.9999581114880914 -0.04022332251606812
1635266121000977 1606417097502930 0.9999862381678183 0.0012898862600029218 -0.00508524069021419 -2.809236269178893 -0.0013291911910006924 0.9999692131877779 -0.007733429501837186 -1.9025102934627693 0.005075108887395508 0.007740082332790459 0.9999571662802677 -0.03954038819659391
1635266121104614 1606417097502930 0.9999870915107641 0.0010606452240556684 -0.004969089254281236 -2.8081236149369153 -0.001099826257499289 0.9999682775815395 -0.00788886666625074 -1.8963943433078367 0.004960564333988689 0.00789422996772039 0.999956536022794 -0.032344600591601255
1635266121208252 1606417097502930 0.9999878228139825 0.0010009461974320657 -0.004832425366916865 -2.810937192918094 -0.0010394040683457503 0.9999677597562303 -0.007962354661414468 -1.8982252254994691 0.004824299679713306 0.007967280544909184 0.9999566233458925 -0.035253479192307695
1635266121312866 1606417097502930 0.9999880228000462 0.0011239405068559625 -0.0047635090696617945 -2.810113220975618 -0.001161771563272859 0.9999677509228252 -0.00794653419087396 -1.8956872454718474 0.0047544240192133385 0.007951973123005782 0.9999570798667795 -0.03286685266438901
1635266121417359 1606417097502930 0.9999871283486482 0.00106122056320636 -0.004961547380192387 -2.8084186955294683 -0.0011010934536079585 0.9999670678789011 -0.00804056934210277 -1.894684318126945 0.004952851168376447 0.008045928974019657 0.9999553651499897 -0.03806567605627581
1635266121522095 1606417097502930 0.9999862898399848 0.0011163430613847752 -0.005116044829424017 -2.810559037238712 -0.0011564066132540112 0.9999686395644887 -0.00783470585000007 -1.9018570736911067 0.0051071381685050205 0.007840514662986143 0.9999562207764635 -0.0360756755560307
1635266121626587 1606417097502930 0.999987205502382 0.0012632863973793258 -0.0048982592296526834 -2.805255647670842 -0.00130131998985445 0.999968971642053 -0.007769319396488539 -1.8940938121513622 0.004888292369190591 0.007775594194583701 0.9999578214768035 -0.03715040593418305
1635266121730469 1606417097502930 0.9999866245430186 0.0009339622975637444 -0.005087086981008482 -2.80813329797188 -0.0009735113304790585 0.9999692810939101 -0.0077774770127199445 -1.8992008784113266 0.005079666840949856 0.007782325322208499 0.9999568152662216 -0.03794919505580559
1635266121834107 1606417097502930 0.9999864057205817 0.0013520706707474473 -0.005035899462748623 -2.8049097716534375 -0.0013913958683336128 0.9999685047804345 -0.007813671939956092 -1.9020752367078737 0.005025176219317268 0.007820572648404802 0.9999567921902507 -0.036315517126170926
1635266121937744 1606417097502930 0.9999872867982156 0.0010392434089736727 -0.004934188843764942 -2.813591540624937 -0.001077969449557141 0.9999685887959763 -0.007852350457980023 -1.9024105802448934 0.004925873351483072 0.00785756953427855 0.9999569962617089 -0.03633470336019296
1635266122041504 1606417097502930 0.9999861716946277 0.0011446423643842972 -0.0051328566944673255 -2.8116200568964085 -0.0011852766084221387 0.9999679302414988 -0.00792045531268867 -1.9015643474619224 0.005123625996285162 0.007926429641170551 0.9999554590929508 -0.03812369931852596
1635266122145264 1606417097502930 0.9999863433472364 0.0013446853708656984 -0.005050242047864224 -2.8096565649730922 -0.0013841176544893447 0.9999685229674933 -0.007812637006422377 -1.8993874638500394 0.005039577542529453 0.007819520441112037 0.9999567279428966 -0.03844785556528459
1635266122248901 1606417097502930 0.999987193239843 0.0009593163397427472 -0.0049692125056956865 -2.8112945663151114 -0.0009982585720626864 0.9999687672175619 -0.007840157758512201 -1.9024629834794147 0.004961536111907622 0.007845017910454891 0.9999569184986896 -0.038535529011719846
1635266122352661 1606417097502930 0.999986122012784 0.0008906879466518525 -0.00519253900136224 -2.8126416503479668 -0.0009309095651705799 0.9999695444712159 -0.007748776798694845 -1.9008059822280927 0.00518547911773375 0.007753503045476073 0.999956496052125 -0.037088954320104166
1635266122456299 1606417097502930 0.9999883038413624 0.0008249482764932951 -0.004765673644061394 -2.8125402249494846 -0.0008631346307468056 0.9999674964353706 -0.008016300633813336 -1.898227585462562 0.004758905709277759 0.008020320291832556 0.9999565126938605 -0.036761477710764566
1635266122560059 1606417097502930 0.999985905011465 0.0010735503423441237 -0.005199737736580334 -2.808432109471656 -0.0011127011829414782 0.9999710123351299 -0.007532356204983914 -1.8990760315263056 0.005191500644731299 0.007538035790823216 0.999958112291446 -0.03714593472144674
1635266122663818 1606417097502930 0.9999868547780305 0.0013514258809428246 -0.004946101868760042 -2.809993324086443 -0.0013896849454997219 0.9999690804973836 -0.007739950221724016 -1.897215823136983 0.004935488968692501 0.007746722001648947 0.999957813733594 -0.034058081868148384
1635266122767334 1606417097502930 0.9999855025607923 0.0011864687548118163 -0.005252329445022387 -2.811517805568536 -0.0012270577546822502 0.9999693598596365 -0.007731343715093774 -1.9039609456263136 0.005242995515148587 0.007737676541966648 0.9999563187258533 -0.03876529407322141
1635266122871094 1606417097502930 0.99998733984073 0.0011029909320047534 -0.004909539054723556 -2.8123678137651433 -0.0011419586770559328 0.9999678142497114 -0.007941435606991938 -1.8995933590960346 0.004900621706052953 0.007946941557858465 0.9999564140635182 -0.03736210161526065
1635266122974854 1606417097502930 0.9999867814890906 0.001188914154145479 -0.00500233292470416 -2.810920220423311 -0.0012281291256685885 0.9999684844684766 -0.007843581652166226 -1.9011542459327757 0.004992849928266571 0.007849621482440183 0.9999567265097907 -0.03538811660570042
1635266123078613 1606417097502930 0.9999876738390642 0.0012334581738763428 -0.004809444389574866 -2.8105230950346094 -0.001272345996395597 0.9999664573652446 -0.008091062015180823 -1.897261318582323 0.004799303081549638 0.00809708156074417 0.9999557009988643 -0.03712634967931801
1635266123182251 1606417097502930 0.9999862696100452 0.0011524777238621975 -0.005111985030057299 -2.8108576572551343 -0.0011927456942068043 0.9999682320919417 -0.007881127399741943 -1.9018397728307388 0.005102739809208346 0.007887116486905306 0.9999558767465501 -0.039033632246529455
1635266123286011 1606417097502930 0.9999869634362321 0.001405954757135034 -0.004908793463804001 -2.810400229586575 -0.0014453705190804846 0.9999666716313723 -0.008035330422776477 -1.9018685987477604 0.004897332550681924 0.00804232069501791 0.9999556676231836 -0.03528491981307427
1635266123389649 1606417097502930 0.9999867516302748 0.000942129225453217 -0.005060529707356562 -2.8108715013856016 -0.0009825118755130674 0.9999676496677374 -0.007983376031551599 -1.9048806943345666 0.005052844625650708 0.007988242295350311 0.9999553273752882 -0.03534729227684553
1635266123493286 1606417097502930 0.9999870744915481 0.001059394280580121 -0.004972779711476581 -2.8096193219809247 -0.0010992113096874175 0.9999673064395034 -0.00801110423640396 -1.9002798066457762 0.00496413021558199 0.008016466824489981 0.9999555458473416 -0.035407908179690493
1635266123596924 1606417097502930 0.9999880288483969 0.0011757952656872644 -0.004749702080797028 -2.8104371142953606 -0.001213403319414854 0.9999678773355307 -0.00792287535702299 -1.900396293994273 0.004740233828364749 0.007928543815334331 0.9999573332778858 -0.03439260382581644
1635266123700684 1606417097502930 0.9999873528566271 0.0011278425474572841 -0.00490123478822526 -2.810263062433978 -0.0011674039404736007 0.999966704163097 -0.008076369091280075 -1.8989936565546084 0.0048919627248100945 0.00808198866906916 0.99995537408419 -0.03299234121263978
1635266123804321 1606417097502930 0.9999873396772484 0.0011407888324020908 -0.004900927516791148 -2.808659774759975 -0.001179482942741146 0.9999681017412343 -0.007899640782077805 -1.8986105821926953 0.00489175936374192 0.007905321330467898 0.9999567873588285 -0.03538888866383826
1635266123908081 1606417097502930 0.9999867268588145 0.0009305558662534698 -0.005067561192545884 -2.814435928682603 -0.0009703554765255952 0.9999686623930535 -0.007857012572352624 -1.9045184002985014 0.005060090998153323 0.00786182562085372 0.999956292633332 -0.03870179093008018
1635266124011719 1606417097502930 0.9999867775651999 0.0006737821778450971 -0.0050981091406337225 -2.8099089615568076 -0.0007139586889245666 0.9999686741337054 -0.007882957486584399 -1.9025179363811864 0.005092638041673884 0.007886493093993432 0.9999559331612844 -0.040999499319379136
1635266124115479 1606417097502930 0.9999874053364064 0.001339683968813849 -0.004836777841801071 -2.809236861358687 -0.0013776718854045435 0.9999681669818806 -0.007859201456864086 -1.9018764830481811 0.004826095026354188 0.007865765965696651 0.9999574183596869 -0.03520341590424276
1635266124219116 1606417097502930 0.9999872897188189 0.0010307535340366544 -0.004935377637910751 -2.8052294855972297 -0.0010693414771995842 0.9999688328330825 -0.007822395778364986 -1.892310697782116 0.004927160854067928 0.007827573957511515 0.999957225171086 -0.03632810577933142
1635266124322876 1606417097502930 0.9999875981641123 0.0008346555264618933 -0.004909875007342384 -2.8062051156555965 -0.0008731460495991442 0.9999688659448104 -0.007842497146418553 -1.8952709311620106 0.004903176359427467 0.007846686923005155 0.9999571932667523 -0.0366338960016737
1635266124426758 1606417097502930 0.9999866184098137 0.0011315714303984166 -0.00504802455118312 -2.807294574844446 -0.001171062402382305 0.9999686830856297 -0.007826970378552126 -1.8967128872546084 0.005039009686552319 0.007832777192982823 0.9999566270508057 -0.03696873306487029
1635266124530640 1606417097502930 0.999985779456376 0.0009905015470382049 -0.005240209554497215 -2.8092943453910615 -0.0010310033340686538 0.9999695762022969 -0.0077319923945534386 -1.8977933886617862 0.00523239157698163 0.00773728511492292 0.9999563772972477 -0.03944558338204879
1635266124634644 1606417097502930 0.9999868877076312 0.000830597579257297 -0.005053169790570971 -2.8072733612717657 -0.0008688031461543382 0.9999710210096089 -0.007563221969437978 -1.8986487390043827 0.005046741360941698 0.0075675130080554666 0.9999586307185457 -0.03414562205901646
1635266124738403 1606417097502930 0.9999862816919949 0.0011743779796655083 -0.005104632077310786 -2.8098762271243802 -0.0012131024226936795 0.9999704621867144 -0.0075896733175122326 -1.9001916303391582 0.0050955681524132695 0.0075957616415589955 0.9999581689202248 -0.03354445887976565
1635266124842163 1606417097502930 0.9999890940707539 0.0012892738372045263 -0.004488821336534556 -2.811922474232098 -0.0013237434803168957 0.9999695975256606 -0.007684512478486285 -1.8968874683097825 0.004478777424358886 0.00769037071969827 0.9999603985913527 -0.03156245894135458
1635266124945801 1606417097502930 0.9999895538923327 0.001213907812126872 -0.004406647081702256 -2.8111839757098114 -0.0012480968436822206 0.9999690802402563 -0.0077640725260852495 -1.8981241611322581 0.004397085960930068 0.007769491344044249 0.9999601495256235 -0.03144644280522526
1635266125049927 1606417097502930 0.9999881569400193 0.0013260797226405565 -0.004682680507793514 -2.814146588553738 -0.001362868128316849 0.9999681665368721 -0.007861838704561303 -1.896361795568656 0.00467210601695702 0.007868127472335555 0.9999581311212213 -0.033731652570382645
1635266125154053 1606417097502930 0.9999877215122375 0.0014872216719911135 -0.004727049918043268 -2.8121003569768144 -0.001524240863901547 0.9999681252534114 -0.007837421223345742 -1.8917495524780903 0.004715243261818603 0.007844530154298434 0.9999581140366032 -0.03240587165958369
1635266125257568 1606417097502930 0.9999872858107851 0.0012726840174278491 -0.004879395109710793 -2.8110573539450634 -0.0013105499990339118 0.9999689926951543 -0.007765057076682161 -1.8905734205027382 0.004869361348772375 0.0077713530415161915 0.9999579468117443 -0.034110023022888486
1635266125361328 1606417097502930 0.999986525431526 0.0006871005806794352 -0.00514556630911597 -2.8094193220299313 -0.0007268718819113843 0.9999698484147177 -0.007731359723826476 -1.890220202516021 0.005140098940367411 0.0077349957145398185 0.99995687368215 -0.03682104930042856
1635266125464966 1606417097502930 0.9999850470827799 0.000925523437139302 -0.005389714434297488 -2.8095365809005597 -0.0009680276280318219 0.9999684135464012 -0.007888905910859244 -1.8928096748838739 0.005382242825006684 0.007894005341164185 0.9999543570292828 -0.03550477187834647
1635266125568604 1606417097502930 0.9999822805646392 0.0011026867063065884 -0.0058500122424234805 -2.8063006867712947 -0.0011487010071152314 0.9999683858086396 -0.007868155674958972 -1.8939933065200638 0.005841151188338007 0.007874736170620013 0.9999519335863291 -0.03867129083763839
1635266125672363 1606417097502930 0.9999768175862417 0.0018136082115615788 -0.006563163856924819 -2.8092938030965273 -0.0018642071617361441 0.9999685271113448 -0.00771164851969034 -1.89395047293689 0.006548971386104903 0.007723704842112087 0.9999487263641552 -0.040722529815347984
1635266125776001 1606417097502930 0.9999766792608373 0.002211240136942681 -0.0064615289205365274 -2.80258628058537 -0.002265593925510388 0.9999620121388272 -0.008416731426066103 -1.8909299057215245 0.006442672046507365 0.008431174342320961 0.9999437020533261 -0.03546568184070799
1635266125879639 1606417097502930 0.999975299377855 0.002531260501308364 -0.006556932126328614 -2.7956177375820963 -0.0025903770752979402 0.9999559354599737 -0.00902314188308937 -1.8829480836177432 0.006533803275469519 0.009039903932515305 0.999937792840959 -0.0358970665276525
1635266125983276 1606417097502930 0.9999765452839143 0.0031847172213218694 -0.006063535497831894 -2.785845261705694 -0.0032377625510528617 0.9999564007330419 -0.00875862609937701 -1.8775819511243301 0.006035377384741738 0.008778052956430806 0.999943258393254 -0.03936087481291511
1635266126087036 1606417097502930 0.9999726258923033 0.004210798854605023 -0.00608413046567533 -2.7737092104109524 -0.004256602376048122 0.999962550905101 -0.007535126279049762 -1.873291197594716 0.0060521737193775195 0.007560817735870974 0.9999531015144839 -0.04207482803310374
1635266126190674 1606417097502930 0.9999646876325289 0.005302202615453425 -0.006519980051297695 -2.7607304603593614 -0.005353108035510303 0.9999551332360195 -0.00781509780874084 -1.8540798792099946 0.006478250288835596 0.007849723996721623 0.9999482057118613 -0.044100910653286585
1635266126294434 1606417097502930 0.9999620160559377 0.005760987798804022 -0.006540448714899657 -2.7494678037647793 -0.005814369619374236 0.9999497017637428 -0.00817233461114274 -1.8402998512344781 0.0064930390218679015 0.008210052779928692 0.9999452162381754 -0.04377242946933587
1635266126398193 1606417097502930 0.9999514355950342 0.007386766377311486 -0.00652396646088007 -2.7336591843610267 -0.007443776562646278 0.9999339419831756 -0.008757960089983464 -1.8264802517457392 0.0064588424954528535 0.008806097713480333 0.9999403662202461 -0.044495803544575704
1635266126501831 1606417097502930 0.9999323411850677 0.009515230537397668 -0.006691296170023919 -2.704999539994583 -0.009580167579634171 0.99990666662127 -0.009740556449805348 -1.8039466858765756 0.0065979880085470935 0.009804001153911097 0.9999301716198054 -0.040141357653296045
1635266126605713 1606417097502930 0.9999101489666087 0.01158242809337063 -0.006748433707302886 -2.679117014862105 -0.011649062617214288 0.9998829407804581 -0.009919883105594359 -1.7820635507887552 0.006632747408139979 0.009997604720648371 0.9999280246906124 -0.04792524115146557
1635266126709473 1606417097502930 0.9998692554512507 0.01465982933966261 -0.006823592276720962 -2.6423511307148204 -0.014726506953460488 0.9998432759473124 -0.009826166106966117 -1.7394954187077816 0.006678472937479246 0.009925369068401082 0.9999284399636205 -0.04288824689876235
1635266126813110 1606417097502930 0.9998013831672666 0.018286528633601078 -0.007924461610642449 -2.600057718058476 -0.018363696437227787 0.9997835680657703 -0.009777099943457167 -1.7040444854729828 0.007743957286001406 0.009920680454257248 0.9999208024763149 -0.04211676362400471
1635266126916870 1606417097502930 0.9997158985794344 0.02214321248163755 -0.00882044630235057 -2.548919324231128 -0.0222351701881851 0.9996979680036209 -0.010467568036535152 -1.657074781506334 0.008585996662126767 0.010660718310230799 0.9999063104843515 -0.042208502638219327
1635266127020874 1606417097502930 0.9995823168039056 0.02736223752319721 -0.0093005319808141 -2.49299486022387 -0.027464656289432246 0.999561490895625 -0.011068811042047141 -1.60202260265822 0.008993586176013047 0.011319623699810768 0.9998954853018338 -0.03679188176602584
1635266127124878 1606417097502930 0.9993684993889325 0.034098859658927526 -0.00999350806971273 -2.421695258230008 -0.03420903450694708 0.9993533982692064 -0.011069206401404501 -1.5439248877915135 0.009609598934459508 0.011404084453174772 0.9998887950497816 -0.03624057425225153
1635266127228516 1606417097502930 0.9990803988010489 0.04161690609102357 -0.010314546204917953 -2.33671023239028 -0.04172824833543238 0.9990703510113981 -0.010825295621079901 -1.4654797446334127 0.009854441986178636 0.011245748611728732 0.9998882053066249 -0.03959363619284563
1635266127332276 1606417097502930 0.9986790847717368 0.050190883530587156 -0.010998220509274119 -2.237562450459913 -0.05030723179018745 0.9986778495562757 -0.010570489095893509 -1.3806203425761414 0.010453137020050943 0.01110981640429138 0.9998836451837301 -0.031795493181931096
1635266127436035 1606417097502930 0.9981183895204065 0.06019735975659589 -0.01166011938147317 -2.121865223883332 -0.060316530610201986 0.9981276606368882 -0.010153285731580738 -1.2871770219325558 0.011027086687056566 0.010837479150312915 0.9998804690586086 -0.035653739258923095
1635266127539795 1606417097502930 0.9973977525059036 0.07115332498323733 -0.011615835934929026 -1.9958454525077431 -0.07126209185211631 0.997414878658674 -0.009234397632148632 -1.1805491794070064 0.010928749493787176 0.01003813621136251 0.9998898930661839 -0.03716381102859522
1635266127643555 1606417097502930 0.9965897584616771 0.08172780671466556 -0.01137624469549172 -1.850978692935768 -0.08182825742155408 0.996608794233784 -0.008662998770661049 -1.0594289861322677 0.01062965761976078 0.00956435413181883 0.9998977615281116 -0.04176365036315113
1635266127747315 1606417097502930 0.9955416350560323 0.09357314438469268 -0.01187095296884977 -1.6914151981073506 -0.09367338516594961 0.9955693077607287 -0.008188428471964772 -0.930855305664477 0.01105213942994237 0.009263913819236424 0.9998960096503893 -0.04352687488716046
1635266127850830 1606417097502930 0.9944443488493441 0.10457302687781068 -0.012038234741119307 -1.517230260595696 -0.10466412430209321 0.9944815483591904 -0.0072021567359140315 -0.7910851034348645 0.01121865099491174 0.00842211536286042 0.9999016000800626 -0.04144608279745727
1635266127954590 1606417097502930 0.9933633027435009 0.11440997572735481 -0.011819738620428129 -1.3335233120384375 -0.11448642215331922 0.9934066631711226 -0.006005057386335652 -0.6431907960808134 0.011054768632637635 0.007318403223878533 0.9999121126702746 -0.03665897048138034
1635266128058106 1606417097502930 0.9923249120430666 0.12319005383680079 -0.010746142511232749 -1.1268979937482562 -0.12324734735031993 0.9923641775973128 -0.004840495551549483 -0.48009543796959636 0.010067785967888354 0.006127777881180452 0.9999305425998067 -0.03922607974280988
1635266128161865 1606417097502930 0.9913772622244632 0.1307364860726595 -0.0088935458713956 -0.9071280618860978 -0.13077862708742763 0.9914021307670345 -0.00433195246707126 -0.31480050967572326 0.008250736083578852 0.00545768489587961 0.9999510683176736 -0.038123367217603496
1635266128265381 1606417097502930 0.990501980095572 0.137285973208494 -0.0076412689661676785 -0.6793119917209639 -0.13731904163121358 0.9905188614360623 -0.003983208425044635 -0.13816830900848892 0.00702198239115492 0.004994667563409407 0.9999628718403646 -0.03100847044459285
1635266128368897 1606417097502930 0.9898733905671318 0.14175994133069858 -0.0074020055061296995 -0.43874248322151077 -0.14179425145379895 0.9898866630438083 -0.004334118954990169 0.04364705458621261 0.00671274208149996 0.005339790855084033 0.9999632121870141 -0.03340666029528725
1635266128472534 1606417097502930 0.989525941572499 0.1441971596359063 -0.006752045057771267 -0.18304419913132305 -0.1442281363465475 0.9895349100016584 -0.004348169554794174 0.2369948711353493 0.006054390599138675 0.005276461448023058 0.9999677511345357 -0.034799808883226764
1635266128575928 1606417097502930 0.9894794678997682 0.14453274128919785 -0.0063772489905135985 0.07556246798622071 -0.14455349540741158 0.9894926759708624 -0.00292081666436946 0.4333376271397036 0.005888087529638145 0.0038119417515466865 0.9999753994600699 -0.034030412174176274
1635266128679688 1606417104969727 0.993487966324159 0.11389605077594309 0.003057840937035667 -0.4393807527199515 -0.11388783323344173 0.9934898370538401 -0.002739546785801677 -0.14731410816691115 -0.0033499574540833844 0.002373455886179187 0.9999915722105923 -0.029928847150520403
1635266128783203 1606417104969727 0.9936351893971317 0.11262538960135657 0.0021522112662430678 -0.1623375256570584 -0.11262524348905603 0.9936375187557138 -0.0001893528054023975 0.08306400764561726 -0.0021598437959035872 -5.424570724150354e-05 0.9999976660633666 -0.03026471689055497
1635266128886963 1606417104969727 0.9939829660155246 0.1095174090272204 0.001949460286970273 0.1261280971973629 -0.10951796602397476 0.9939847998686671 0.00018097647004889676 0.32492023799555925 -0.001917913819097131 -0.0003933884539508439 0.9999980834242168 -0.04109125815116023
1635266128990601 1606417105591919 0.9969732801468617 0.07771368677957509 0.0022048956435645633 -0.4610185300847297 -0.07771353726716271 0.9969757181382994 -0.00015353342653617164 -0.29990112960646365 -0.002210159066277881 -1.8281515900364177e-05 0.9999975574283609 -0.02734444426858311
1635266129094360 1606417105591919 0.9971577779341707 0.07527626451453034 0.003138456721248609 -0.15783581638479144 -0.07527889632732228 0.9971622518469898 0.0007288783481817102 -0.03908587933213503 -0.003074683332141078 -0.0009630662722017125 0.99999480939941 -0.0397463302925391
1635266129198120 1606417105591919 0.9973461979639483 0.07276172147409651 0.0025086449426778594 0.14862279652542387 -0.07276888255296515 0.99734463679002 0.002892266004654021 0.2402429252366474 -0.0022915373257254234 -0.003067141792436031 0.9999926707220959 -0.08498489211977768
1635266129302124 1606417106006592 0.9985022474169287 0.054609867288352855 0.0033202865172584166 -0.29812501039633466 -0.054610535655693807 0.9985077251079985 0.00011090317287766938 -0.25570189009715394 -0.003309275329494364 -0.0002920596926012323 0.9999944816837388 -0.05055146729261199
1635266129405884 1606417106006592 0.9986636208075819 0.05166955440750499 -0.0011088856053620823 0.016532622023265633 -0.051665891369895356 0.9986595812244087 0.0031107076539421035 0.055708654832214544 0.0012681281126450485 -0.0030492590057245913 0.999994546920435 -0.03982025749376772
1635266129509888 1606417106006592 0.9987848662209039 0.04916336380190505 -0.0034285087484348968 0.3416908179308551 -0.04913929238884132 0.9987688994442343 0.00678346894609567 0.3685428114106695 0.0037577860610366804 -0.00660675162997803 0.9999711145212242 -0.044103534909633174
1635266129613770 1606417106421387 0.9994563999534499 0.03255522679946727 0.005202096172735091 -0.2423094500358158 -0.03256982430993544 0.9994656891063991 0.002746424576834823 -0.25623500482019906 -0.005109906161082541 -0.002914362978689872 0.9999826975240389 -0.02918272233291305
1635266129717529 1606417106421387 0.9995632513492407 0.0293979423615941 0.0030112358765718547 0.07736695432123342 -0.02940623795348055 0.9995637638342797 0.00274867301383237 0.06811343681204941 -0.0029291169357409212 -0.002836021653316403 0.9999916885930397 -0.03916021800567974
1635266129821411 1606417106732422 0.9998193144336176 0.017632294920343662 0.007102159234937927 -0.36955546212263085 -0.01764841443403513 0.9998418046135311 0.0022134180779266057 -0.40710413731978967 -0.0070620080657652065 -0.0023383599947770137 0.9999723296744836 -0.040171053750484416
1635266129925293 1606417106732422 0.9998796028293931 0.015223433371508593 0.0030044844123329182 -0.040365439450990956 -0.015227412233589846 0.9998832034467572 0.0013059043551369486 -0.07186816341066081 -0.002984253150962625 -0.0013514976506404939 0.9999946338292177 -0.058984558648129716
1635266130029053 1606417106732422 0.9999279482913258 0.011951823645640507 -0.001118991469462123 0.2962343744956476 -0.011952818754455254 0.9999281692177489 -0.000886867030467321 0.26663240281655476 0.0011083114130817806 0.0009001782324026681 0.9999989806619612 -0.07768160009996376
1635266130132813 1606417107043579 0.9999924646121262 0.003872269476435726 -0.0002761386119214259 -0.20497394590644535 -0.0038723891374541704 0.9999924080415569 -0.00043412680442264255 -0.24652264367323992 0.0002744554595142688 0.0004351928492690553 0.9999998676406836 -0.06054939554646377
1635266130236328 1606417107043579 0.9999989660229246 0.0008497587310587247 -0.0011601153590684297 0.1381031679586852 -0.0008480107359718827 0.9999985058137724 0.001506403823565569 0.11969885441872068 0.0011613937054390437 -0.0015054184756957132 0.9999981924383033 -0.05822439189474397
1635266130340088 1606417107354736 0.9999971481149513 -0.002387137847053783 -7.307071115532319e-05 -0.4031177090440854 0.0023871194762064636 0.9999971194595104 -0.0002504750555530855 -0.44381660617653335 7.366841915687681e-05 0.00025029991270871963 0.9999999659614582 -0.057647296322699895
1635266130443604 1606417107354736 0.9999876538131637 -0.004929047902091763 -0.0006298511641677735 -0.044246710537289485 0.004929372048425072 0.9999877184087672 0.0005141277095736667 -0.07207294781639813 0.0006273092684835515 -0.0005172261327790733 0.99999966948005 -0.051983234638967014
1635266130547241 1606417107354736 0.9999609626890843 -0.00849455659728783 -0.002432202828931398 0.31520290107217225 0.008491374276350315 0.9999630819878503 -0.0013157616518007884 0.30302295562564163 0.0024432898486521273 0.001295057543464729 0.999996176573028 -0.0550561720356766
1635266130650757 1606417107665772 0.9999717166506193 -0.007388716650838772 -0.0014045531433636636 -0.2476002799000885 0.007393378983774533 0.9999670781032862 0.003343749578565637 -0.2569815581554475 0.0013798008846196673 -0.003354039399812323 0.9999934232629849 -0.04376884782827817
1635266130754273 1606417107665772 0.9999404810924398 -0.009578662421837227 -0.005223361302264812 0.12519823277691935 0.009576467563144604 0.999954045546045 -0.00044505008261194425 0.13916867057426596 0.005227384250038838 0.00039500224363458547 0.9999862591191591 -0.04957820823146037
