1612893308186524 1606417097502930 0.9999948386953594 -0.0006314390344004842 -0.0031502177469760707 -1.5314252159902246 0.0005991575374879888 0.9999474125761069 -0.010237826774257183 -2.3325541299925434 0.0031565166485857036 0.010235886456983659 0.9999426298698777 -0.030870436732905338
1612893308290283 1606417097502930 0.9999931167234986 -0.0006742068716335369 -0.003648555218626258 -1.5333578362417835 0.0006383292816516422 0.9999515237350401 -0.009825615510745884 -2.3298041563826377 0.00365500284778397 0.00982321889866382 0.9999450711537369 -0.0369610110440544
1612893308393921 1606417097502930 0.9999940528050327 -0.0006369794958695818 -0.00338948611932637 -1.5313091601312319 0.000602784415123068 0.9999490133280454 -0.010080049587313835 -2.3323030858631597 0.003395734085606401 0.010077946509863149 0.9999434503931531 -0.04057682293153701
1612893308497559 1606417097502930 0.9999935889307187 -0.0006138577247398243 -0.003527786929519861 -1.5321939000921034 0.0005783778194635704 0.999949335183175 -0.010049504977337143 -2.3298115490894404 0.0035337771610935427 0.010047400155530226 0.9999432794759363 -0.04055581653937843
1612893308601318 1606417097502930 0.999994454828884 -0.0006632872991098009 -0.0032634898356643494 -1.5328640130785443 0.000630029774749443 0.9999479709363515 -0.010181281217115484 -2.334502492071348 0.0032700731538566445 0.010179168664380168 0.9999428439400279 -0.039807326497113445
1612893308705078 1606417097502930 0.9999941850272035 -0.0006249249698798091 -0.003352519206016189 -1.5338122171895319 0.0005903174229749597 0.999946635818664 -0.01031392479813764 -2.3362599010030416 0.0033587857307096633 0.010311885772424322 0.9999411900558113 -0.03520966753848476
1612893308808594 1606417097502930 0.9999938343769992 -0.0005434798336463773 -0.003469271122723664 -1.5318830784191642 0.0005081679176181244 0.9999481422548997 -0.010171262006651938 -2.334682482080307 0.0034746190899216847 0.01016943632218017 0.999942253126184 -0.04007012247367205
1612893308912232 1606417097502930 0.9999939717776156 -0.0005952216945599274 -0.0034208367440105468 -1.5327698837266563 0.0005608515209871818 0.9999494457461783 -0.01003949211601897 -2.330404798922266 0.0034266395296636753 0.010037513014214529 0.9999437516550735 -0.039472218948814156
1612893309015991 1606417097502930 0.9999935385814019 -0.0005682020595980936 -0.003549640310144854 -1.5310640535942708 0.0005319050474494667 0.9999476520265781 -0.010218135251567987 -2.3306587675575683 0.003555260459155498 0.010216181156298427 0.9999414931713002 -0.035459714772809195
1612893309119629 1606417097502930 0.9999934249276623 -0.0005844637250440663 -0.0035788976044979952 -1.5357313535154469 0.0005484852798260587 0.9999493904265003 -0.010045683353241868 -2.334771057371554 0.003584587815521877 0.010043654329470639 0.9999431362522087 -0.03723506904747662
1612893309223389 1606417097502930 0.99999434400542 -0.0006254844640002885 -0.003304652904733171 -1.5315469199574547 0.0005924944546660852 0.9999500782840015 -0.009974462121121516 -2.331177039924077 0.003310726801875522 0.0099724477170749 0.9999447931633895 -0.03839951382079119
1612893309327026 1606417097502930 0.9999944783447294 -0.0006127653023095561 -0.003266160314872293 -1.5339302214953852 0.0005798871260672494 0.9999492512363319 -0.01005776751001053 -2.332418554320686 0.0032721576122158947 0.01005581797014483 0.9999440851915233 -0.03635209098143137
1612893309430908 1606417097502930 0.9999940294365937 -0.0006130018276150274 -0.003400782908407607 -1.5292046086610755 0.0005789531701053356 0.999949791422734 -0.010003971777405132 -2.331022545638388 0.003406744612911541 0.010001943153989322 0.999944176053987 -0.03534820208968024
1612893309534546 1606417097502930 0.9999940746757924 -0.0005898235164193742 -0.00339156689318905 -1.5324054602502521 0.0005555071182365221 0.9999487362221121 -0.010110209894357163 -2.3319196056581477 0.003397356268201187 0.010108265948512019 0.9999431388483554 -0.03318478698172522
1612893309638184 1606417097502930 0.9999945840614234 -0.000563229018628382 -0.003242626305820115 -1.53163195797611 0.000530429078432727 0.9999487799810248 -0.010107228300494174 -2.3325323707066716 0.003248152902708686 0.01010545357706086 0.9999436630684365 -0.032148898927465704
1612893309741943 1606417097502930 0.9999935900362336 -0.0008347508496184435 -0.00348182163958831 -1.5351600948543278 0.0007996395961019 0.9999489423607804 -0.010073393298122327 -2.3336772912462584 0.0034900526396015688 0.010070544525564213 0.9999432002196583 -0.03738558575107314
1612893309845703 1606417097502930 0.9999937706267168 -0.0006745976099841708 -0.003464625562940489 -1.5319967705988748 0.0006389757899752094 0.9999470332067499 -0.010272414293831267 -2.3313791182108305 0.0034713717989582377 0.010270136491249134 0.9999412352104922 -0.038921389812369686
1612893309949463 1606417097502930 0.999994549409899 -0.0005470918463876271 -0.0032560475227307985 -1.5316414427868839 0.0005141231943727913 0.9999486836307592 -0.010117597882823822 -2.3350908070801797 0.003261415689493289 0.010115868726368955 0.999943514588505 -0.04223203431328659
1612893310053223 1606417097502930 0.9999942020947331 -0.0007993180082204246 -0.003310116630223571 -1.5318082768699641 0.0007656668695658902 0.9999481438475737 -0.010154967971514009 -2.333006321192512 0.0033180620290761682 0.010152374647310893 0.9999429582498154 -0.04051253679365365
1612893310156860 1606417097502930 0.9999947307909145 -0.0006988886169839454 -0.0031701655434922386 -1.5308816055202366 0.0006663111889082769 0.999947084356064 -0.010265696355903187 -2.331747850376223 0.003177172370462587 0.010263529947007438 0.9999422810986419 -0.039420565630887895
1612893310260620 1606417097502930 0.9999944115322306 -0.0007217768048234968 -0.003264344806751038 -1.5332156698854562 0.0006883546247583028 0.9999474545163969 -0.010228117058102759 -2.334575683990942 0.003271555697816772 0.01022581287173287 0.9999423631762125 -0.035135096073971465
1612893310364380 1606417097502930 0.9999948855267631 -0.0005499140612004644 -0.003150637920616468 -1.530557117402247 0.0005178033293740041 0.999948011882348 -0.010183585651273632 -2.3301142948307807 0.003156074221817597 0.010181902156769684 0.9999431824178695 -0.03277797672258028
1612893310468018 1606417097502930 0.9999940277607061 -0.0006136075008493496 -0.00340116644999619 -1.5294696521529474 0.0005789353129476235 0.9999479554766997 -0.010185832137682146 -2.3311955693526154 0.003407239540904104 0.010183802250069356 0.9999423387828134 -0.032658691540104326
1612893310571777 1606417097502930 0.9999930397213865 -0.0007087737755798384 -0.0036630797127644174 -1.53016541349032 0.0006718539134792636 0.9999490671913501 -0.01007033464850002 -2.331472306365965 0.0036700307309283178 0.010067803501702246 0.9999425834552128 -0.036483282429230456
1612893310675537 1606417097502930 0.9999933992345543 -0.00044671361893286097 -0.003605820118828957 -1.5308088720213253 0.0004102727527081418 0.9999489040283577 -0.010100545194200944 -2.3328184273336015 0.003610147927035256 0.010098999153102773 0.9999424868701453 -0.03597368113803895
1612893310779053 1606417097502930 0.999994434061284 -0.0003705374095616457 -0.0033158035144288133 -1.5357228603365563 0.00033654176981307444 0.9999474384011448 -0.0102473010637705 -2.335036958359808 0.00331942623887836 0.010246128121514797 0.9999419974518334 -0.03486767193997789
1612893310882813 1606417097502930 0.999993754045977 -0.0006022648988504581 -0.003482692994119578 -1.5338179729580603 0.000566836494152942 0.9999481768480231 -0.010164758687202097 -2.3318768670198002 0.0034886343873460567 0.010162721081076992 0.9999422725989435 -0.0363307510833536
1612893310986572 1606417097502930 0.9999942306497599 -0.0005579455276180721 -0.003350726555354797 -1.5313935730918073 0.0005239303613377198 0.9999484121551471 -0.010143891257405039 -2.333228840331368 0.0033562134373453347 0.010142077186346039 0.9999429354226718 -0.03618190606327967
1612893311090088 1606417097502930 0.9999941447111406 -0.00047774321388804533 -0.0033885556394561275 -1.5327725773874776 0.0004431827587326763 0.9999479559125326 -0.010192598287739229 -2.331395988019583 0.00339324872982632 0.010191036857672857 0.9999423126514966 -0.036664797477262735
1612893311193848 1606417097502930 0.9999943773389649 -0.000647326543656487 -0.0032903287476091954 -1.5317959425696703 0.0006130534729109251 0.9999456612899026 -0.010406663125332822 -2.334462635534582 0.0032968864646538126 0.01040458746470459 0.999940435775716 -0.03608657919425738
1612893311297363 1606417097502930 0.9999941098791469 -0.0005552222136907626 -0.0033870252097852145 -1.5321053115824645 0.0005205000321118743 0.9999473953446731 -0.010243809232206778 -2.333291197816572 0.003392534626922428 0.010241985948179077 0.9999417945223825 -0.037446141544565596
1612893311401123 1606417097502930 0.9999945710709117 -0.000599520470014966 -0.0032401247468278526 -1.532424808635374 0.0005658538906452711 0.9999459510185563 -0.010381466921146951 -2.3358694777132007 0.0032461735233063034 0.010379577123681859 0.9999408616194212 -0.03878912872310821
1612893311504883 1606417097502930 0.9999939925611099 -0.0005406404773714656 -0.0034238215536047884 -1.5308821910967856 0.0005061236490744814 0.9999491255777405 -0.010074229480680303 -2.328650013094976 0.0034290939048892527 0.010072436083281353 0.9999433920709412 -0.03766862389819891
1612893311608521 1606417097502930 0.999994220331032 -0.0005796927569655377 -0.0033501142226139706 -1.5313464521564846 0.000545632446367547 0.9999482482155023 -0.010158896615634258 -2.3302837611821237 0.0033558298870040304 0.010157009969533165 0.9999427851403542 -0.03844992602415539
1612893311712158 1606417097502930 0.99999429327987 -0.0006585364256314026 -0.0033135693647651336 -1.5330671069936364 0.0006251249263396793 0.9999490586844539 -0.010074187777010798 -2.32980742727896 0.0033200347867849405 0.010072058891613056 0.9999437639181009 -0.03572463863129383
1612893311815918 1606417097502930 0.9999939333390436 -0.0007093513816457396 -0.0034102947367638486 -1.5329215136139853 0.000674586812271387 0.9999479103899983 -0.010184372527270818 -2.334188559493532 0.0034173413945567995 0.010182010202257527 0.9999423225596736 -0.03610419449382471
1612893311919556 1606417097502930 0.9999940927835224 -0.0006945033325373813 -0.003366313658412959 -1.5341342219600262 0.0006602491771981892 0.9999481066993186 -0.010166021047470311 -2.333360888328103 0.0033731993047746794 0.010163738388737418 0.9999426583301744 -0.03715000362925877
1612893312023193 1606417097502930 0.9999939139466762 -0.000673137464108825 -0.0034232966607272617 -1.5297845181600478 0.0006377671711734707 0.9999465146020635 -0.010322848089843953 -2.326919247189541 0.003430062260121025 0.010320601998189585 0.9999408581747657 -0.03050703944465275
1612893312126953 1606417097502930 0.9999938630912998 -0.0006372739432560829 -0.003444947913358575 -1.5312543301740287 0.0006028624156002211 0.9999500087508671 -0.009980809612153894 -2.3334907826377402 0.0034511362059999116 0.009978671531193603 0.999944256333002 -0.038120715476405706
1612893312230713 1606417097502930 0.9999930884777012 -0.0007525197624784045 -0.0036409772453598293 -1.5294539046108955 0.0007159029905342301 0.9999492640621654 -0.010047725558912599 -2.3310862790066516 0.003648353629007545 0.010045049527312498 0.9999428916172123 -0.03727973580652132
1612893312334351 1606417097502930 0.9999926747824557 -0.0007633672539812653 -0.003750687447789282 -1.5330397473828756 0.0007262413016472805 0.999950830509535 -0.009889850419922663 -2.332473548898504 0.0037580526163475333 0.009887054070460626 0.9999440600365306 -0.03658378846597951
1612893312437988 1606417097502930 0.9999937176129814 -0.000729674431391731 -0.003468762640869987 -1.5327175919691973 0.0006947855232869744 0.9999492700308693 -0.010048613947885573 -2.332395861588679 0.0034759188873092327 0.010046140772514726 0.9999434949253222 -0.036033385263531295
1612893312541748 1606417097502930 0.9999934974328258 -0.0007873308598010985 -0.0035192622306024733 -1.5338252242707642 0.0007519976582491775 0.9999494153389638 -0.010030018307663563 -2.331845001819469 0.0035269811528455554 0.010027306609817195 0.9999435051672172 -0.03801382904384297
1612893312645386 1606417097502930 0.9999938631143488 -0.0006697995618143448 -0.00343876528041674 -1.5303551103735547 0.0006348841868936704 0.9999483413472131 -0.010144533675430657 -2.3301027924528754 0.003445382442638026 0.010142288201865881 0.9999426300192699 -0.03936183288640752
1612893312749268 1606417097502930 0.999993726326097 -0.0005851105597343289 -0.003493559580945975 -1.5305240032258518 0.0005493817442157498 0.9999476310048843 -0.01021926767847603 -2.329064671295248 0.0034993560281649547 0.010217284268244172 0.9999416791041217 -0.03614433981795333
1612893312852905 1606417097502930 0.9999947714389565 -0.0007723796709259694 -0.003140147903947479 -1.531513320396544 0.0007402930924544541 0.9999476380130339 -0.010206527458307097 -2.3309869796513487 0.003147866793876379 0.010204149463029876 0.999942981508638 -0.033549054006597835
1612893312956543 1606417097502930 0.9999942986204048 -0.0007802590935030895 -0.003285411221972701 -1.5314712334868588 0.0007466091195994769 0.9999473828095907 -0.010231040589193115 -2.331116863708912 0.003293221215313231 0.01022852934014426 0.9999422642740755 -0.03589853502093592
1612893313060303 1606417097502930 0.9999940425287082 -0.0007868719838299394 -0.003360914167141057 -1.5356236613787078 0.0007527706854850403 0.9999483493620851 -0.010135677027303537 -2.332765219842726 0.0033687160540627667 0.010133086646614543 0.9999429845281977 -0.03231052110373294
1612893313164063 1606417097502930 0.9999943770734456 -0.0007214097829370595 -0.0032749647146203594 -1.5295025528274906 0.0006876612140460929 0.9999467740532668 -0.010294473613789594 -2.3292115546716685 0.0032822169354907583 0.010292163662485952 0.9999416475070598 -0.03616695527564633
1612893313267822 1606417097502930 0.9999938465836598 -0.0007192856119236182 -0.003433573574316179 -1.5324343861652385 0.0006843332766607956 0.9999480508267107 -0.010169923317993011 -2.3314134487636635 0.0034407102825168784 0.010167511029543216 0.9999423899566495 -0.03444263259636595
1612893313371582 1606417097502930 0.9999941691505723 -0.0005891518444289555 -0.0033637136362177503 -1.5320148293096334 0.0005546121555114287 0.9999472106457593 -0.010260035652355023 -2.333546620206437 0.0033695807868680113 0.0102581102711388 0.9999417068504475 -0.03208646595789847
1612893313475098 1606417097502930 0.9999934983733805 -0.0004882783734322135 -0.003572785980683169 -1.5361379324919935 0.000452016684274999 0.9999484543275136 -0.010143193451729447 -2.330577293814213 0.0035775545210191715 0.010141512545577637 0.9999421737415306 -0.03427093897964053
1612893313578858 1606417097502930 0.9999939927918314 -0.0005994397353877276 -0.003413950310118666 -1.5327953668326277 0.0005648780042630753 0.9999486758584613 -0.010115659455289448 -2.3302372043832333 0.0034198388202692615 0.01011367022295692 0.9999430075644635 -0.03493725335570947
1612893313682495 1606417097502930 0.9999936849579347 -0.0004937962111773424 -0.0035194053500707916 -1.5322122434197651 0.000457873602203097 0.9999478685340224 -0.0102005181483667 -2.3312651523551975 0.0035242588555163628 0.010198842288837483 0.9999417799129543 -0.03703159786792639
1612893313786133 1606417097502930 0.9999935271102153 -0.0005044079572178164 -0.0035624871578019265 -1.5308584682489463 0.00046864598983352635 0.9999495664590856 -0.010032193862178214 -2.3314401719426954 0.003567367807364569 0.010030459379550312 0.9999433302800526 -0.03790384255406405
1612893313889893 1606417097502930 0.9999938542440808 -0.0004954233360667661 -0.0034707397268675237 -1.5317347488870843 0.0004607606783313521 0.9999500844189139 -0.009980800302064892 -2.331246648500495 0.0034755112042517675 0.009979139782089209 0.9999441672368907 -0.03440830892553367
1612893313993530 1606417097502930 0.9999943669179765 -0.0006248211529005526 -0.0032978379748177964 -1.5319113638928066 0.0005912954627154784 0.9999482398602867 -0.010157163701334668 -2.3335510372155435 0.0033040136889901585 0.010155156488544457 0.9999429765192795 -0.03758530460898064
1612893314097290 1606417097502930 0.9999943437294723 -0.0006319108151797386 -0.003303513621802993 -1.5325458683566053 0.000598641105193839 0.999949194444174 -0.010062314035048432 -2.3325115550996447 0.0033097042700143543 0.010060279500810072 0.9999439167443396 -0.03844162381186503
1612893314200928 1606417097502930 0.9999941155613633 -0.0005955901137508415 -0.00337847887797495 -1.5315707401125607 0.0005604199619007558 0.9999457462372228 -0.010401467012659604 -2.33399607836411 0.003384490593697047 0.01039951243883794 0.9999401958939624 -0.04034956225255057
1612893314304688 1606417097502930 0.9999938436137445 -0.0006145540013775023 -0.003454715973090092 -1.5296139085571054 0.0005785208648363302 0.9999455276476928 -0.010421470887133513 -2.330750898418977 0.0034609323432106855 0.0104194081032376 0.9999397271246373 -0.03918932398415117
1612893314408447 1606417097502930 0.999993745847548 -0.000493702521305298 -0.0035020748244232198 -1.5312310944530476 0.0004577099417493584 0.9999471484888105 -0.010270868277395364 -2.3305320307854482 0.003506960488033162 0.010269201107332525 0.9999411206349866 -0.03789274858369493
1612893314512085 1606417097502930 0.9999939892846665 -0.0006275359167520438 -0.003409926344804605 -1.5331713882528932 0.000592360664162246 0.9999467082495557 -0.010306782921295356 -2.333749002180909 0.0034162125003224545 0.010304701063899852 0.9999410695776709 -0.03676777024604614
1612893314615723 1606417097502930 0.9999942103131348 -0.000637580104770058 -0.0033425792863280004 -1.5315114063572726 0.0006028416470908965 0.9999459089510232 -0.010383436739621582 -2.3326122209436413 0.00334901875538496 0.010381361576748594 0.9999405039327035 -0.03246298449526191
1612893314719483 1606417097502930 0.9999943539584283 -0.0006065174675139186 -0.003305176590273685 -1.5311067795767725 0.0005731810397584589 0.9999490538501301 -0.010077756307369023 -2.3317470137680028 0.0033111205394781486 0.010075804943360866 0.9999437557360497 -0.03580669863298374
1612893314823242 1606417097502930 0.9999940712833773 -0.0007738795863403296 -0.003355370761543818 -1.531830210072504 0.0007402945719895255 0.9999497342689738 -0.009999045145447484 -2.3311505953895417 0.003362940158293079 0.009996501901158214 0.9999443787447541 -0.036103240613349234
1612893314927002 1606417097502930 0.999992937398606 -0.0008733529829494404 -0.0036554633004008625 -1.5311581016674007 0.0008367142714932776 0.9999495230286621 -0.010012557537638668 -2.3311589177889704 0.003664023280668893 0.01000942824460113 0.9999431915262063 -0.0360679201317412
1612893315030640 1606417097502930 0.9999932827717455 -0.0007883327223304318 -0.0035795177569770465 -1.5328055044863031 0.0007522803438320589 0.9999490932801354 -0.010062053815433441 -2.333697679064917 0.0035872677817378957 0.010059293425449818 0.9999429694365789 -0.03248817245120195
1612893315134277 1606417097502930 0.9999931163485438 -0.0007038339460914388 -0.0036430588479831267 -1.5326999822513416 0.0006673876560434548 0.9999498172733547 -0.009995875807876328 -2.3347228483557885 0.0036499114660631525 0.00999337566722357 0.999943403692961 -0.034160071170749436
1612893315238037 1606417097502930 0.9999934585676405 -0.0007823136494825115 -0.003531403651254777 -1.5336371435187945 0.0007467947632477509 0.9999492372450753 -0.010048145850797684 -2.3324447928326206 0.003539085189119863 0.010045442887755157 0.9999432803680482 -0.038880677201758924
1612893315341797 1606417097502930 0.9999939822054363 -0.0006107014103259755 -0.0034150550752066176 -1.531481355837335 0.0005758627893980105 0.9999478824147482 -0.010193176186757125 -2.332025900107901 0.003421102077847905 0.010191148243152572 0.9999422166095696 -0.03710870864106194
1612893315445435 1606417097502930 0.9999943356310435 -0.0007445961241343789 -0.003282420890999133 -1.5319144198172299 0.0007107094097913647 0.9999465690818449 -0.010312801658510163 -2.33383687622612 0.0032899243803737052 0.010310410395559442 0.9999414342025471 -0.035310520565023165
1612893315549194 1606417097502930 0.9999940667781871 -0.0007485286134882883 -0.003362457107988914 -1.5348828405486106 0.0007139839935440121 0.9999470780768656 -0.010263102691743641 -2.3340079103851985 0.0033699613863127117 0.01026064105790189 0.9999416796020336 -0.03715241211503591
1612893315652832 1606417097502930 0.9999936784300567 -0.0005580359167109053 -0.0035116520763668483 -1.5330605735934977 0.0005223461979788769 0.9999482905760795 -0.010155950614852891 -2.33158482020743 0.0035171378760645486 0.010154052115167353 0.9999422608164951 -0.04133832325322707
1612893315756592 1606417097502930 0.9999940133361148 -0.0006496365025745863 -0.0033987157589575137 -1.5330191525936891 0.0006147841095962279 0.999947323563519 -0.010245591399177452 -2.3337102505581475 0.0034051926368784875 0.01024344058580093 0.9999417365967235 -0.04034299675343656
1612893315860230 1606417097502930 0.999993706630008 -0.000743507742105177 -0.003468991363602864 -1.5331183331719638 0.0007082792036778368 0.9999482825667857 -0.010145468780245958 -2.329385434484808 0.0034763551908513256 0.010142947916593956 0.9999425161288766 -0.03745403141908515
1612893315963867 1606417097502930 0.9999947719515762 -0.0007137112135769131 -0.0031538373902902685 -1.531869763250845 0.0006808337015698273 0.9999455471785864 -0.010413411912235734 -2.3283886130558606 0.003161097823792386 0.010411210231606174 0.9999408053290265 -0.03933929985102156
1612893316067627 1606417097502930 0.9999940600440023 -0.0006090595997756498 -0.003392481036326606 -1.5295765948248639 0.0005743771620533877 0.9999476612331015 -0.010214934644503236 -2.3299366759954765 0.0033985249820511635 0.010212925404588158 0.9999420714134529 -0.03655981497077875
1612893316171265 1606417097502930 0.9999944420865817 -0.0006488952889499245 -0.0032702806172745856 -1.5306677744336032 0.0006154563714612368 0.9999476285094235 -0.01021574550878058 -2.3306519825811813 0.0032767382969304966 0.010213676015486367 0.9999424702493561 -0.03252347677756289
1612893316275025 1606417097502930 0.9999942443678972 -0.0007041454076087668 -0.0033189478436707887 -1.5310594689364634 0.0006702454329089953 0.9999477117675074 -0.010204141632241745 -2.332179246183385 0.003325959501215819 0.01020185839129952 0.9999424283821345 -0.03575387071100081
1612893316378662 1606417097502930 0.9999936960249892 -0.0005322190798459662 -0.003510649170470355 -1.53204498517958 0.0004964247631950827 0.9999479682965212 -0.01018892862764575 -2.3314946821488465 0.0035158892476246694 0.010187121623688436 0.9999419288517823 -0.035458694086279274
1612893316482422 1606417097502930 0.9999934710865133 -0.0005686379205335014 -0.0035685346751398225 -1.5323944728988685 0.0005326214300085441 0.9999489967647363 -0.010085642670410122 -2.3323705121252822 0.003574087747193603 0.010083676144057448 0.9999427710485222 -0.038670825934626576
1612893316586182 1606417097502930 0.9999942749135737 -0.0005039015991285618 -0.0033460764665384176 -1.5307811885754026 0.00046964013938934334 0.9999475394177805 -0.01023219697481185 -2.333244267288621 0.0033510569498295542 0.010230566942758845 0.9999420512796474 -0.036207136605786956
1612893316689697 1606417097502930 0.9999936986146508 -0.000561704625120143 -0.003505313590888834 -1.5297792992836747 0.0005262207073422953 0.9999486973582445 -0.010115619001445275 -2.3321007612619775 0.0035108157490126696 0.010113710690412064 0.9999426918723129 -0.03811649634739942
1612893316793457 1606417097502930 0.9999939811338134 -0.0006940806274154012 -0.003399404755894951 -1.5326195984235655 0.000658987704553474 0.9999465971135759 -0.010313518344891531 -2.334373496221268 0.003406381631144943 0.01031121610324474 0.9999410359549484 -0.04129305864598561
1612893316897217 1606417097502930 0.9999938243463733 -0.0007556747389060593 -0.00343223385991318 -1.53101316962811 0.0007204882956969301 0.9999472953717973 -0.010241453984125548 -2.3339913540368857 0.003439792173361482 0.010238917852106084 0.9999416644939955 -0.03849038835545556
1612893317000855 1606417097502930 0.9999939132595937 -0.0006669260990094873 -0.0034247128066586135 -1.532760065916721 0.0006321107309362992 0.9999482169342915 -0.010156962657231651 -2.331499887839062 0.003431309408005423 0.010154736036698505 0.9999425520757539 -0.03780243112378798
1612893317104614 1606417097502930 0.9999934835409758 -0.0007588565973752279 -0.0035294499166701864 -1.5299775580020831 0.0007226924527715885 0.9999473454280514 -0.010236410087393557 -2.3318783926338673 0.003537032042315976 0.010233792675406602 0.9999413777276189 -0.04088453399233881
1612893317208374 1606417097502930 0.9999942154239677 -0.0006165559106831572 -0.003344993554260105 -1.5298511334148626 0.0005828100371723633 0.9999490248232077 -0.010080083930310145 -2.332200817964775 0.003351037977942246 0.010078076125458036 0.9999435998725529 -0.03738618831643211
1612893317312134 1606417097502930 0.9999939951571959 -0.0006196163581094981 -0.0034096524140054692 -1.5303251924422425 0.0005848908068974225 0.9999480513635898 -0.010176073966379793 -2.3296058068909655 0.0034157805490951983 0.01017401858628088 0.9999424092361754 -0.03485046475368826
1612893317415772 1606417097502930 0.999994677513448 -0.000550399987295911 -0.0032158994224015915 -1.531096170828176 0.0005179165026333236 0.9999489300681541 -0.010093018503676585 -2.3267846454538077 0.0032212903838862777 0.010091299216317124 0.999943892910192 -0.03920085996304257
1612893317519531 1606417097502930 0.999994180655862 -0.0005627125874134575 -0.003364819968598703 -1.529897714233227 0.0005288663071313577 0.9999493444387086 -0.01005131143142346 -2.333091147024395 0.0033703055212094962 0.010049473399449806 0.9999438229846154 -0.037516842211575904
1612893317623291 1606417097502930 0.999993812247638 -0.0006479203586042754 -0.0034576972264955272 -1.5324491227465609 0.0006127682390691377 0.9999482211570244 -0.010157732249527198 -2.3321516037171284 0.003464099592447766 0.01015555062893209 0.999942430745609 -0.034547683829235926
1612893317726929 1606417097502930 0.9999937017809625 -0.0006484743096557828 -0.0034893959280708473 -1.5313104302265184 0.0006138562333051008 0.9999506777946707 -0.009912878641894206 -2.332226279507074 0.003495652070494599 0.009910674220950185 0.999944777951807 -0.03820553819546493
1612893317830689 1606417097502930 0.9999940025542884 -0.0008044594988863178 -0.003368635455802862 -1.5332371007168113 0.0007709185417227103 0.9999502369003249 -0.009946326560665575 -2.3335365465861644 0.003376469238934121 0.00994366996455661 0.9999448599213432 -0.03726845339896013
1612893317934326 1606417097502930 0.9999931919009917 -0.0007746957820361167 -0.0036077697511819333 -1.531190143166003 0.00073849128254909 0.9999494688114313 -0.010025689942711101 -2.3316390038645656 0.003615354305990877 0.01002295738028827 0.9999432331580604 -0.03471167399830097
1612893318038086 1606417097502930 0.9999941759759812 -0.0006470523288897205 -0.003351021018694991 -1.5298308707374564 0.0006133800920877177 0.9999494133228573 -0.010039649625448736 -2.330567135518781 0.003357347680340508 0.01003753570468473 0.9999439864780081 -0.034840424373995246
1612893318141602 1606417097502930 0.9999940323516736 -0.0006506624478769795 -0.0033929196696281493 -1.5322239672630005 0.0006164740258413289 0.999949129088589 -0.010067730589033794 -2.3323596079326046 0.003399297762934253 0.010065578861487625 0.9999435628558755 -0.03544697444345037
1612893318245361 1606417097502930 0.9999942052433123 -0.0007076327584028914 -0.003329975997069155 -1.5332844675351094 0.0006734645627607533 0.9999472328734411 -0.010250752103930024 -2.330980070308187 0.00333705405178384 0.010248450082463962 0.9999419149836469 -0.03592527517480804
1612893318348999 1606417097502930 0.9999940551679122 -0.0007893320852677832 -0.0033565738722031776 -1.5344753226074839 0.0007554519516454883 0.9999488800783934 -0.010082982038107311 -2.333289586432316 0.003364361105640303 0.010080386366167045 0.999943531848204 -0.037440401030324
1612893318452637 1606417097502930 0.9999942588101207 -0.0006308770007936885 -0.0033293160668444355 -1.5338494715255606 0.000597214958289731 0.9999487938954006 -0.010102124820695321 -2.3314780744840524 0.0033355187837387423 0.010100078505099997 0.9999434297642215 -0.03784856672134989
1612893318556397 1606417097502930 0.9999944183017707 -0.0006789105460334163 -0.003271459955321163 -1.5335348940128288 0.0006452836038799731 0.9999470642784383 -0.010268994812964692 -2.3327196272095336 0.0032782585070962335 0.010266826475041686 0.9999419209610587 -0.04037681483201433
1612893318660034 1606417097502930 0.9999941368015555 -0.0006628717710911462 -0.0033596083094129202 -1.5302818211087237 0.0006278048656791069 0.999945428557274 -0.010428124132626147 -2.3313850887539096 0.0033663374798459226 0.010425953811998248 0.9999399818284506 -0.03784472026583661
1612893318763794 1606417097502930 0.9999942935925141 -0.0005962899326101068 -0.0033252406214273112 -1.5267762573628159 0.0005619649151356341 0.9999466517465505 -0.010313964357244385 -2.3282699557403754 0.003331213338751942 0.01031203683297432 0.9999412807330476 -0.04031539329531448
1612893318867432 1606417097502930 0.9999942715074362 -0.000540462256101312 -0.003341385540043559 -1.5312665540854038 0.0005062233451349376 0.9999474489805359 -0.01023928804697321 -2.3304188157737538 0.00334674389553827 0.010237537903899448 0.9999419943791561 -0.035097655181531934
1612893318971192 1606417097502930 0.9999944234482648 -0.0005376970694048738 -0.0032960519867854484 -1.5336168745218588 0.0005036875332341726 0.9999467193025082 -0.01031042479654499 -2.331918718036178 0.003301420256026677 0.010308707119610046 0.9999414138747407 -0.030476435635787707
1612893319074951 1606417097502930 0.9999941345107084 -0.0006242013356268958 -0.003367687832547441 -1.5337046061108743 0.0005896938339786059 0.9999474171877546 -0.010237925824421948 -2.333515193162082 0.0033739012770165593 0.010235879869205183 0.9999419200901002 -0.033971691845805924
1612893319178711 1606417097502930 0.99999493804718 -0.0007164135254401501 -0.0031001026019762284 -1.5310830979220524 0.0006844897232494981 0.9999468583184808 -0.010286496842179476 -2.3321597342179654 0.0031073072427712785 0.010284322784022741 0.9999422870078919 -0.03666202716442758
1612893319282349 1606417097502930 0.9999941758607933 -0.0005740108092360836 -0.003364336568963392 -1.5314386341517219 0.0005397110064258586 0.9999479637631244 -0.010187172447558722 -2.3294621579629697 0.003370009048641682 0.010185297346549934 0.9999424497224702 -0.035482754711624924
1612893319386109 1606417097502930 0.9999942531328345 -0.0005933549903917909 -0.0033379088701729633 -1.52997668715472 0.0005591698888748408 0.9999474841225178 -0.010233099752664471 -2.33020792930199 0.003343805437757645 0.010231174486244644 0.9999420693389326 -0.037265259811361924
1612893319489868 1606417097502930 0.9999936921048661 -0.0005621136821995335 -0.0035071046679795615 -1.5308541391479844 0.0005276275548380318 0.9999515804960482 -0.009826407129984876 -2.3313132480954164 0.003512458413598013 0.009824494700956693 0.9999455694885416 -0.03701199237836021
1612893319593506 1606417097502930 0.9999942064189178 -0.0006021470293908973 -0.003350306257585196 -1.530695228095418 0.0005687132494059057 0.9999501232335057 -0.009971339679413273 -2.3330071727288857 0.003356143367701812 0.009969376546067827 0.9999446723859168 -0.03848053820702781
1612893319697266 1606417097502930 0.9999947072335447 -0.0004296539051420558 -0.003225043702785439 -1.5326673889432676 0.00039748019042337284 0.9999502170198609 -0.009970230483640192 -2.331715041277672 0.0032291668989540877 0.009968895822531368 0.9999450952913457 -0.04286690355095423
1612893319800903 1606417097502930 0.999995497855528 -0.0005581371051460329 -0.0029483480310604324 -1.5298120154994752 0.0005280175540826272 0.999947771311978 -0.010206657147981892 -2.334665605335857 0.0029538907567781356 0.010205054416598105 0.9999435641043706 -0.04154582548404034
1612893319904541 1606417097502930 0.9999949031533972 -0.0004824565375474153 -0.0031560905219374423 -1.5306530814719652 0.00045089641177891636 0.9999499687396445 -0.009992833155576437 -2.3332210562919133 0.003160753726428309 0.009991359153724814 0.9999450896814996 -0.03904477255578897
1612893320008301 1606417097502930 0.9999942146727093 -0.0005983048132239005 -0.00334853056243466 -1.5311989823303378 0.0005651250182390727 0.9999508246781754 -0.009900952662057134 -2.3318699760819186 0.0033542896849923284 0.009899003043388222 0.999945377747933 -0.0395725788767219
1612893320111939 1606417097502930 0.9999945961988131 -0.0005315698174565604 -0.003244227360644183 -1.5330558564444856 0.0004999046995998859 0.9999523088426925 -0.009753468097304584 -2.3283831098463845 0.0032492572889355866 0.009751793586976172 0.9999471710290037 -0.04198537994284915
1612893320215698 1606417097502930 0.9999950043252661 -0.0006262871589152119 -0.0030982403669330676 -1.5295911997597196 0.0005962058640975429 0.9999527706377908 -0.009700568892540055 -2.329053761363629 0.0031041693807412037 0.009698673242556329 0.9999481485906107 -0.04056276251405185
1612893320319336 1606417097502930 0.9999944268500148 -0.0006866644054478372 -0.003267225944163578 -1.528636073276205 0.000654766366308958 0.9999522131894232 -0.009754108008698492 -2.330305321767822 0.0032737676126254325 0.009751914377910443 0.9999470899060533 -0.037297961777825
1612893320423096 1606417097502930 0.999994397429907 -0.0007247941229727937 -0.0032679942995933347 -1.5309982414400516 0.000693161409056337 0.9999530011693715 -0.009670314580899649 -2.330889213107745 0.0032748496948509704 0.009667995154729308 0.9999479012574428 -0.036950269689650754
1612893320526856 1606417097502930 0.9999941501444879 -0.000656781405724465 -0.003356831758360251 -1.53294729063911 0.0006246940404499547 0.9999541935017129 -0.009550950746397564 -2.3297350209467362 0.003362950880501774 0.009548797881900136 0.9999487541971269 -0.03597482330312754
1612893320630371 1606417097502930 0.9999939643369374 -0.0007633743527582443 -0.0033894769152504373 -1.534404806849617 0.0007295893683209515 0.9999501548817802 -0.009957683250783734 -2.3350316347556785 0.0033969094063718503 0.009955150223218984 0.9999446764649124 -0.035330990504770635
1612893320734131 1606417097502930 0.9999936658456651 -0.000751863858412404 -0.003478932846784449 -1.5373357685935687 0.000716552798007069 0.9999483310589186 -0.010140106953904458 -2.3337794369641283 0.003486377073939456 0.010137549885813963 0.9999425359775487 -0.037691911014233526
1612893320837769 1606417097502930 0.9999917120404 -0.0008120549291823804 -0.00398953904198477 -1.5378829073587652 0.0007711544193002978 0.9999472437701704 -0.010242802437145824 -2.336506042967815 0.003997646287144957 0.01023964099452697 0.9999395824630938 -0.038347563004776694
1612893320941528 1606417097502930 0.999991844467618 -0.0007945824265991419 -0.0039597527049422135 -1.5380427425220544 0.0007533696019024352 0.9999456495680641 -0.010398574354723097 -2.3369541089560477 0.003967800015107432 0.010395506391471054 0.9999380930887197 -0.038732681197221425
1612893321045166 1606417097502930 0.9999924166455934 -0.0007343447968098814 -0.0038245775571958424 -1.53703643602801 0.0006928526109318419 0.9999410176105554 -0.010838877233913411 -2.3355359480059 0.003832311447564329 0.010836145170295568 0.9999339434916776 -0.039107548413675135
1612893321148926 1606417097502930 0.9999893388846979 -0.000769173217063224 -0.004553075221502735 -1.53681175093068 0.0007158822666550125 0.9999313611252071 -0.011694466868419524 -2.3346003438733263 0.004561757774235514 0.011691082726523921 0.9999212513746726 -0.039276985087836294
1612893321252686 1606417097502930 0.999983773394675 -0.0009586292590244123 -0.005615512599634358 -1.5295741285050954 0.0008841049764257865 0.9999117096795154 -0.01325862770593552 -2.3287443790343145 0.00562772691266811 0.013253447860752473 0.9998963320312757 -0.039309422017104044
1612893321356445 1606417097502930 0.9999761516596852 -0.0009608739655131971 -0.006839067010495858 -1.511952310265402 0.0008633223345565789 0.9998980543058033 -0.014252567294369608 -2.312413662799608 0.006852064717901407 0.014246323074964911 0.9998750379362142 -0.03805547513109929
1612893321460083 1606417097502930 0.9999791020949728 -0.0009614676551866461 -0.006393039789152283 -1.487577913177385 0.0008744302200995781 0.9999070886153842 -0.013603290519640106 -2.2876252679762916 0.006405524926798008 0.01359741597214647 0.9998870333839184 -0.040937616124322326
1612893321563721 1606417097502930 0.9999775932423028 -0.001002194622068342 -0.006618808332071341 -1.4619239375121102 0.0009126259145117978 0.9999081620220448 -0.013521635999447754 -2.258382909843533 0.006631751784963052 0.013515292527389032 0.9998866719464573 -0.03963698819831669
1612893321667481 1606417097502930 0.9999757805561516 -0.0011098549366424903 -0.006870700662990801 -1.430169717740376 0.0010156660476445907 0.9999056742395994 -0.013697118324553994 -2.2257169072594953 0.0068852543933011915 0.013689808250548349 0.9998825843177804 -0.04412879151905086
1612893321771240 1606417097502930 0.9999766025007027 -0.0013258278173144964 -0.006710934079234779 -1.3861793202476533 0.001234962551988201 0.9999077573110556 -0.013525965441908466 -2.179573595545774 0.006728248145853877 0.013517361215834647 0.9998859993132462 -0.04455584586280651
1612893321875000 1606417097502930 0.9999794720112508 -0.0012515478200985821 -0.006284042378868495 -1.3327374947993034 0.001168364855354404 0.9999118838779676 -0.013223441596037775 -2.1253607245022614 0.006300038422913042 0.013215828091082928 0.9998928199580879 -0.04531556217482343
1612893321978638 1606417097502930 0.9999828310380156 -0.0014656231522537045 -0.005673586382266447 -1.2669170826756972 0.0013907458579958346 0.999912185402817 -0.013179048273166261 -2.060754409816156 0.0056924036768248075 0.013170931485796945 0.9998970562533811 -0.03993064504346916
1612893322082398 1606417097502930 0.9999870546675581 -0.001570118126545247 -0.004839961863114954 -1.1980173080059526 0.0015050461569584817 0.9999088261242193 -0.01341917580987897 -1.9942670869894017 0.004860590276204785 0.013411717728155165 0.9998982450678408 -0.038023135410688504
1612893322186035 1606417097502930 0.9999891187878164 -0.0018969671029891906 -0.0042619040629952205 -1.1185753651199344 0.0018400141150272276 0.9999094894888568 -0.013327684819788726 -1.9130830797818037 0.0042868004955326005 0.013319697834759748 0.9999020997033173 -0.03773300157657291
1612893322289795 1606417097502930 0.9999869506279907 -0.00233131320912104 -0.004545718526166562 -1.0339514278987243 0.0022734217814508496 0.9999167772315742 -0.012699219215807009 -1.8256403281461446 0.0045749460763794625 0.012688719163433167 0.9999090289993335 -0.04075248611923946
1612893322393311 1606417097502930 0.9999840874346221 -0.0028263141088432165 -0.0048822976732187 -0.9423365152142524 0.002766608489179386 0.9999218380643886 -0.012192770147396875 -1.7289160212192944 0.004916376661664838 0.012179068722928139 0.9999137460429091 -0.04223603363857279
1612893322497070 1606417097502930 0.9999832459379648 -0.003245335595645812 -0.004793291636118576 -0.8427898680625338 0.0031898310862121153 0.999928298427455 -0.011542226218594501 -1.6208129165448242 0.0048304063471600045 0.011526743048728508 0.9999218976346154 -0.04163761658778536
1612893322600830 1606417097502930 0.9999823455745948 -0.0035862106589848552 -0.004737893699408255 -0.7358831738913273 0.0035363703407669854 0.9999387635511369 -0.01048633573284912 -1.5099069553923241 0.004775209776591217 0.010469395655837465 0.9999337923713706 -0.036728287636680575
1612893322704346 1606417097502930 0.9999823569431696 -0.004105864137264575 -0.004292748133208426 -0.6206962681359184 0.004064705569750465 0.9999461068828047 -0.009553088663843886 -1.3968169412937845 0.004331740467765474 0.009535471360889817 0.9999451539011757 -0.03270498169836231
