1636239302705567 1606417097502930 0.997042530277111 -0.0764323125850929 -0.008018379884760455 -4.570435309755738 0.07636140990124818 0.9970413275072183 -0.008804903463563992 -3.241418108939154 0.008667635258548082 0.008166568435015188 0.999929087115192 -0.062451385713820175
1636239302810547 1606417097502930 0.997013061454936 -0.0768357224837161 -0.007824771122975837 -4.572947206579205 0.07676489689794781 0.9970087616009351 -0.00898219904490565 -3.245135611143714 0.008491519120217816 0.008354702019835044 0.9999290440112194 -0.06079478641166729
1636239302915527 1606417097502930 0.9970014913876271 -0.07700317127467816 -0.007650999212893519 -4.569538260816202 0.07693291147016927 0.9969948461138131 -0.009088672052767357 -3.2442049243662345 0.008327863353595703 0.008472805946219315 0.999929426635381 -0.04962771191530631
1636239303019287 1606417097502930 0.9970223924404886 -0.07674580172883867 -0.007512049900505152 -4.569195668297917 0.07667700311906638 0.9970148725891015 -0.009054337815754316 -3.2424487708804417 0.008184507889210643 0.008451376077357277 0.999930791641607 -0.053658106482308704
1636239303122925 1606417097502930 0.9969883217876987 -0.07718814031312603 -0.007501814341542713 -4.571119945105452 0.07711952680436188 0.9969808539562821 -0.009041871185722241 -3.24921555390274 0.008177090490211215 0.008436103607060987 0.999930981291732 -0.052815952988469014
1636239303226807 1606417097502930 0.9970093535085757 -0.07690396846089209 -0.007624215096885925 -4.571419708257388 0.0768370068339487 0.9970055508956822 -0.008718134459999702 -3.2507456196964815 0.008271843910349089 0.008106239734244125 0.9999329304886874 -0.054354213865244444
1636239303330322 1606417097502930 0.9970191053852103 -0.0767735848294787 -0.007662908962751581 -4.573336728354784 0.0767057402064201 0.9970150568548333 -0.008786684733411026 -3.249838017060322 0.008314620900903017 0.008172703448066837 0.9999320346891706 -0.053447436982564864
1636239303434082 1606417097502930 0.9970200268835208 -0.07673613658449852 -0.007913996445168431 -4.574606734113865 0.07666804872451415 0.9970197940707916 -0.008575578130812727 -3.2470740819733805 0.008548467840756805 0.007943272473443097 0.9999319117419888 -0.05880916106203894
1636239303537720 1606417097502930 0.9970111033900567 -0.0768299462821644 -0.008125212347178435 -4.575551941423954 0.07675887545618525 0.9970115120540424 -0.008724670473970155 -3.2505860797370834 0.008771246211845673 0.008074911173337479 0.9999289279991025 -0.061869072488188126
1636239303641358 1606417097502930 0.9970033063805533 -0.07694140060259047 -0.00802670193925689 -4.574886247936092 0.0768702693974886 0.9970020614294385 -0.00882333228848988 -3.251341676207117 0.008681517924157875 0.008179876724456423 0.9999288579010537 -0.06625819933190111
1636239303745117 1606417097502930 0.997005822602009 -0.0768999855393607 -0.00811060578520563 -4.576204402728219 0.07682608464460258 0.9970033373944185 -0.009060791744496005 -3.251940623345098 0.008783075790247782 0.008410556040054744 0.9999260573296208 -0.0696460615336334
1636239303848755 1606417097502930 0.9969698427230094 -0.07733000379129015 -0.008438199983566198 -4.58012824164864 0.07724905181562969 0.9969662640769972 -0.009531646783565164 -3.248602590130717 0.009149682995040466 0.008850921446921336 0.999918968962301 -0.06644816278979652
1636239303952515 1606417097502930 0.9969618962513439 -0.07735617564318886 -0.009110407084768103 -4.582854651731209 0.07726155994454763 0.9969574828956101 -0.01031642660273959 -3.2553832550853326 0.009880727823654277 0.00958119996528463 0.9999052814266461 -0.06708594792934497
1636239304056152 1606417097502930 0.9969883824100083 -0.07691364637253921 -0.009922517101049607 -4.58401682164773 0.07680090854790084 0.9969826067657656 -0.011282830195531281 -3.2662127340986578 0.010760380576798794 0.010486792297183418 0.9998871143269917 -0.06634375985192176
1636239304159912 1606417097502930 0.9969717901512197 -0.07714580640521869 -0.009786429442152926 -4.584421359812337 0.07703377123323006 0.9969638685296669 -0.011350900422988062 -3.264548933152562 0.010632390922274429 0.010562641947674102 0.9998876851218649 -0.06718407691906382
1636239304263672 1606417097502930 0.9969802498243574 -0.07699937776650495 -0.010073593608967497 -4.582537025920809 0.0768862318046973 0.9969772443332481 -0.01117504563850846 -3.2621647967429577 0.010903615157454524 0.01036677913913023 0.9998868141278687 -0.06717040818173842
1636239304367432 1606417097502930 0.9969789875695045 -0.07707340914309117 -0.00962226337266554 -4.585344317654389 0.07696548761778924 0.9969717043977352 -0.011123594315523113 -3.26394414527625 0.010450457650609002 0.01034940760633703 0.9998918329984955 -0.06573779629842492
1636239304471069 1606417097502930 0.9969834778673353 -0.07697497640028034 -0.009939711876823068 -4.584170797119006 0.07686534628723328 0.9969810502027654 -0.010977435092049717 -3.262984961718877 0.010754692192790077 0.010180302020704607 0.9998903430109755 -0.067501661388509
1636239304574829 1606417097502930 0.9969951141223518 -0.07677016788648763 -0.010348127526499721 -4.579279867595609 0.07665830324987769 0.9969988693668904 -0.010805509171609207 -3.2582611888874977 0.01114661219716314 0.00997976995168154 0.9998880723502196 -0.06695038175727676
1636239304678467 1606417097502930 0.997019892947996 -0.07642294399854949 -0.010529325763149149 -4.576910822682685 0.07630767108709455 0.9970242276778473 -0.010946632410065424 -3.2619559977223145 0.01133456676259408 0.01011054194649865 0.9998846456156094 -0.06909266328650567
1636239304782227 1606417097502930 0.9970333659517792 -0.07627819095480552 -0.01030071686791879 -4.5729216678713325 0.0761592861268846 0.9970295636791191 -0.0114809533982949 -3.252925703323572 0.011145865600036702 0.010662398367757807 0.9998810343941291 -0.06961747466796404
1636239304885986 1606417097502930 0.9970820838174517 -0.0756142609031996 -0.010478629813889955 -4.563912372344364 0.07548939328275882 0.9970763093554849 -0.011839967411768163 -3.2415527303482574 0.011343263926869232 0.011014393972146753 0.9998749989318226 -0.07104013316935053
1636239304989746 1606417097502930 0.9970876938246527 -0.07559055707817676 -0.010109327797245465 -4.55666865927416 0.07546889143072714 0.9970769155866254 -0.011919347085472836 -3.235586338797529 0.010980767464906154 0.011121694535356927 0.9998778578689221 -0.06931202265651878
1636239305093384 1606417097502930 0.9971327531882318 -0.07505838820250099 -0.009618257854980166 -4.548948220162863 0.07495079840619236 0.9971254836368988 -0.011097193547034891 -3.221409877652869 0.010423547476579854 0.010344479048687098 0.9998921648914023 -0.06546747315609121
1636239305197022 1606417097502930 0.9971786687592208 -0.07443539169484491 -0.009699228798648514 -4.545642342940551 0.07432743587951597 0.9971726384081326 -0.011052668917748955 -3.2156646601331014 0.010494515311815143 0.010300566871002007 0.9998918758898417 -0.06826467041742869
1636239305301026 1606417097502930 0.9972332044607471 -0.0736692638199281 -0.009938586098890353 -4.532131751257675 0.07356035239353424 0.9972310650218386 -0.01091226445857763 -3.2017285545045233 0.010714965289455536 0.010150986558199952 0.9998910675622328 -0.06193167183557427
1636239305405029 1606417097502930 0.9972957416101789 -0.07281375682327572 -0.009967978127467449 -4.5220433557314665 0.07270538556244693 0.9972946129262313 -0.010834294762465096 -3.191428378770283 0.010729896592451644 0.01008027033689785 0.9998916228617234 -0.06493113948898836
1636239305508667 1606417097502930 0.9973812995635577 -0.07159218644621104 -0.010251932755594644 -4.509250502556005 0.07147801329677136 0.9973803965086043 -0.01110127379859573 -3.174689334907546 0.011019841220309419 0.01033941510220921 0.9998858232792501 -0.06637199185449034
1636239305612427 1606417097502930 0.9974817046660259 -0.07016918488396652 -0.010321548030420562 -4.50026098413103 0.07005242105630585 0.9974796450647592 -0.011270137093108375 -3.160929443829532 0.01108635039923197 0.010518706130850172 0.9998832180090627 -0.06577271837207371
1636239305716065 1606417097502930 0.9975926592241947 -0.06853676356463885 -0.010564009965440897 -4.478503961331093 0.06841849946030264 0.99759409362005 -0.011177357042554358 -3.1394407805858386 0.011304653823345048 0.010427675625037647 0.999881727197269 -0.06356791985690748
1636239305820435 1606417097502930 0.9976949658574243 -0.06695420700622462 -0.011040347430479935 -4.4600615197897815 0.06683311776778256 0.9977035867063995 -0.010994882768327703 -3.1194300112382245 0.011751147886728165 0.010231678348111738 0.9998786042723015 -0.06439528940537818
1636239305924561 1606417097502930 0.9978110005918644 -0.06519801290330975 -0.0110646380775559 -4.43441874201322 0.06507957328087315 0.9978222049548253 -0.010746927241560605 -3.088315786540055 0.011741219864513947 0.01000332029957256 0.999881031592798 -0.06477522012651583
1636239306028320 1606417097502930 0.9979530743063522 -0.06294870948905451 -0.011274815325684437 -4.4074464079755415 0.06283315200521916 0.9979706234451187 -0.010326168414059948 -3.0672601487960285 0.011901953455407 0.009596599329405353 0.9998831175618762 -0.06842510724387266
1636239306131958 1606417097502930 0.9980940307258366 -0.06063033611156011 -0.011500790273604183 -4.382422217223609 0.060514548966235135 0.9981155840925015 -0.010162192655297032 -3.0359379533201025 0.01209525515775788 0.009446858692154387 0.9998822238961546 -0.06568182823068923
1636239306235718 1606417097502930 0.9982731274392197 -0.057663224316363226 -0.01121229675961334 -4.355839686996601 0.05754551709837391 0.9982871187359585 -0.010551873397849127 -3.0064377520279253 0.011801546469238628 0.009888434242299089 0.9998814641592125 -0.0651624740506378
1636239306339356 1606417097502930 0.9984683732656672 -0.05410535962604697 -0.011554983877698646 -4.318995708744425 0.053985720455528005 0.9984872705680901 -0.01042652889742762 -2.966798702301896 0.012101635409121276 0.009786755217510603 0.9998788775860493 -0.06775336820057125
1636239306443115 1606417097502930 0.9986760367338001 -0.05007343457686255 -0.011782393976246905 -4.281253802931779 0.04995177072245928 0.998697448405501 -0.010403228080643707 -2.9312432264706554 0.012287972160842988 0.009800903146329976 0.999876466388569 -0.05869481734837391
1636239306546753 1606417097502930 0.9988789307320945 -0.04557233751993752 -0.012807958344003148 -4.236832427597024 0.04542447308126895 0.99890033188956 -0.0116079369692233 -2.8862740474392345 0.01332287466209426 0.011013128908775543 0.9998505948402379 -0.06397535811844712
1636239306650513 1606417097502930 0.9990999193724965 -0.040351107654664806 -0.013082019162874528 -4.186183514724946 0.04018034647491548 0.9991070456032818 -0.013063352843082169 -2.835945477296034 0.013597458273216805 0.012525954709674117 0.9998290901884782 -0.0642687766568711
1636239306754273 1606417097502930 0.9993330244511328 -0.03411113729336687 -0.013035971707930898 -4.119757785143216 0.03392193412665292 0.9993197369039064 -0.014469479046583465 -2.7732573908461746 0.013520674203747559 0.014017622884269935 0.9998103308216771 -0.058350122766040784
1636239306858032 1606417097502930 0.9995547547766422 -0.027137193341773346 -0.012404230947666616 -4.051079953505677 0.02694498291692827 0.9995181556187577 -0.015408584897670006 -2.702555194547396 0.012816399786143448 0.015067492507829452 0.9998043361408516 -0.060282188920107664
1636239306961792 1606417097502930 0.9997463477823418 -0.01894040145957325 -0.012186110654532676 -3.9744654942057545 0.018747197225367333 0.9996997532546875 -0.0157780208890455 -2.6299759145308026 0.0124812938643188 0.015545563339171363 0.9998012566325075 -0.0582263101210995
1636239307065430 1606417097502930 0.9998594317785147 -0.011152654413744441 -0.012519384471233401 -3.8831607140931634 0.010950548906410867 0.9998104598467578 -0.016097511115943555 -2.536949950278314 0.012696541523551421 0.015958154185469604 0.9997920459517241 -0.05600030312013734
1636239307169190 1606417097502930 0.9999188660574567 -0.0034816174194223703 -0.012253148451730271 -3.777596844086892 0.0032816154230191413 0.9998616806396885 -0.016304925423261087 -2.4362456945803816 0.012308221116423147 0.01626339241940257 0.999791983244496 -0.05189194213447846
1636239307272827 1606417097502930 0.999903793295842 0.005196379475083973 -0.01286086301156216 -3.6676766596309376 -0.0054006804182970885 0.9998589686281633 -0.015902059907765522 -2.3309511998986405 0.012776416088663837 0.015969987433985765 0.9997908394725812 -0.05283564171713223
1636239307376587 1606417097502930 0.9998138317081755 0.013943460704242355 -0.013337234836011158 -3.5435324905104064 -0.01414700350454327 0.9997830059195676 -0.01529063016169116 -2.212302362113518 0.01312113643417048 0.015476465439124435 0.9997941362081438 -0.04750019745564503
1636239307480225 1606417097502930 0.9996590973240084 0.022262470469087855 -0.013640804610689353 -3.4123391494482127 -0.02244888359992343 0.9996545486891661 -0.013668610560031862 -2.0890538405198757 0.013331795337879792 0.013970171728998365 0.9998135313821933 -0.0458813873902811
1636239307583862 1606417097502930 0.9994480685972839 0.030318351348049933 -0.013577766869421604 -3.266800802718947 -0.0304824414051764 0.9994627150709746 -0.012045827219460431 -1.9519547941029063 0.013205262117965829 0.01245306223212883 0.9998352575766866 -0.05000037695815426
1636239307687500 1606417097502930 0.9991988803377363 0.03801311630727182 -0.012514013140854147 -3.111153422688482 -0.03816072569163139 0.999202225172989 -0.011775917310377965 -1.8100412026184745 0.01205639046181436 0.012244027214221694 0.9998523527234461 -0.04978989061903593
1636239307791260 1606417097502930 0.9989455284399051 0.04457829706776034 -0.010982105668884367 -2.948212156761843 -0.0447191309388646 0.9989159113268529 -0.012930639217795166 -1.6682180134333244 0.010393774216171287 0.01340811444784752 0.9998560856065724 -0.04729613036712784
1636239307895020 1606417097502930 0.9986310594915396 0.0515114878135088 -0.009087004264849964 -2.7721921254458546 -0.05163117653549701 0.9985753895808566 -0.01346896200403437 -1.52066685927901 0.008380252551745335 0.013919696517686321 0.999867997995748 -0.040016305803277814
1636239307998535 1606417097502930 0.9982534179396723 0.05849357826473211 -0.008283409806062594 -2.592907297540164 -0.058588918895982306 0.9982127220508352 -0.011777101635264882 -1.3550439177038855 0.007579720234121317 0.012241847986108329 0.9998963371265333 -0.044177204625149735
1636239308102295 1606417097502930 0.9977731661909783 0.06624566820320994 -0.0077601725500250985 -2.399166472059413 -0.06631882054151264 0.9977524709595673 -0.009582313944238821 -1.1889998261390873 0.007107944546675244 0.010075621214272915 0.9999239766009556 -0.04148403688054549
1636239308206177 1606417097502930 0.9972947967755711 0.07315921216241614 -0.007128674814618447 -2.206085752760632 -0.07321267042412448 0.9972877662035989 -0.0075509121614601195 -1.0102081406671934 0.006556921397008017 0.008052394729278996 0.9999460814068515 -0.040147023693285926
1636239308310181 1606417097502930 0.9967074659593468 0.08083308763896734 -0.006343441346316447 -1.9980845889319578 -0.08087203248615726 0.9967055594109555 -0.006143468508730078 -0.8388135256452643 0.005825947727284492 0.006636247924155927 0.9999610085131161 -0.038333434074236596
1636239308413941 1606417097502930 0.9960149720644461 0.08895258982655682 -0.006450751202329242 -1.7803149004303818 -0.08898840015272522 0.9960175088756804 -0.0054942384192654915 -0.6521162455325594 0.005936334406389279 0.006046385754945177 0.9999640999321516 -0.035396139348760965
1636239308517578 1606417097502930 0.9952380397456062 0.09726830878360689 -0.00633406300613169 -1.5564202435702728 -0.09729775035955779 0.9952450622920842 -0.004518159211443917 -0.46293525708789546 0.005864471225774197 0.005112933997976898 0.9999697324835259 -0.037979402293319385
1636239308621338 1606417097502930 0.9944990962078673 0.10461390167656143 -0.005242062781733833 -1.3260409378071925 -0.10463738215624718 0.9945005988025104 -0.004424617655937829 -0.27370638474289244 0.004750358058969388 0.0049487939864638125 0.9999764714914002 -0.033196193022436135
1636239308725098 1606417097502930 0.9939485517986881 0.10980395151695295 -0.003060819011070844 -1.0762000846929745 -0.1098175878236857 0.993940578632413 -0.004714186771497882 -0.07962989755080523 0.002524635883247788 0.005021790874988322 0.9999842037902724 -0.03679199887249472
1636239308828858 1606417097502930 0.9932967838378358 0.11557546952031632 -0.0019519393012854427 -0.8237312049788389 -0.11558413026192826 0.9932843889359988 -0.00514116057896631 0.11934564374513161 0.0013446387883211005 0.005332311474732349 0.9999848790861117 -0.04069390127881188
1636239308932495 1606417097502930 0.9926415036195836 0.12106675625970229 -0.002384496817306304 -0.5631474126095101 -0.12107648268869403 0.9926330884857545 -0.004476269365486496 0.33157808753487505 0.0018250030280190079 0.004732037241174062 0.999987138511039 -0.03728101651184058
1636239309036133 1606417097502930 0.9920625742213804 0.1257063741048538 -0.003123514546809742 -0.29364753388127984 -0.12571670314790964 0.9920604753448217 -0.003365087323143344 0.5447451555803834 0.0026757024001100044 0.003731055143328448 0.9999894598665445 -0.0370816651323431
1636239309140015 1606417104969727 0.9949619948348956 0.10012016491367406 0.0051557168550577705 -0.8100303093593181 -0.10010684115552636 0.9949728063045459 -0.00278119988213203 -0.04758496136157407 -0.005408252258633355 0.002251065654503491 0.9999828416082579 -0.023991581710948336
1636239309243652 1606417104969727 0.994569253783471 0.10399153532170442 0.004214263220295747 -0.5321839636427455 -0.10398759273932687 0.994577935733525 -0.00114468894720023 0.18889175680391973 -0.004310451175354974 0.0007002413445811216 0.999990464790902 -0.028721948271122046
1636239309347412 1606417104969727 0.9941950618126922 0.10750194629496021 0.004417082127182308 -0.2450070126856496 -0.10750001598883671 0.9942048550884202 -0.0006728190537404256 0.43303922796475636 -0.0044638138539404 0.0001940769814256863 0.9999900183001842 -0.02739546219345322
1636239309451172 1606417105591919 0.9966675842176141 0.08139301987377451 0.005376140820155327 -0.8296037129783155 -0.0813872192851995 0.9966817234908978 -0.0012894187458047104 -0.21140209556410158 -0.005463250983952881 0.0008475727145860998 0.999984717137807 -0.019712185099318554
1636239309554810 1606417105591919 0.9965255475283061 0.08304773991367764 0.0063171214255750095 -0.5264633688377639 -0.08304018560092406 0.9965451454924801 -0.0014493361244093503 0.03875858709862803 -0.006415660779636431 0.0009197255392842 0.9999789964802727 -0.036929206626902605
1636239309658447 1606417105591919 0.9963576538252666 0.08507818521808716 0.005755698764921382 -0.2308478930383369 -0.08507781118275355 0.996374261911054 -0.00031024187315909445 0.29635601737322725 -0.00576122492421508 -0.00018057038788722938 0.9999833877028697 -0.03436196859158582
1636239309762207 1606417105591919 0.9961811214284039 0.08722865254604813 0.0037862235953743046 0.07838057665550241 -0.08724098958773543 0.9961820148375135 0.0032253766431888826 0.5647419925972195 -0.0034904225913186503 -0.003543373214693862 0.9999876306516974 -0.07102066496613686
1636239309865967 1606417106006592 0.9972837659127163 0.07335173029790543 0.006679364769163852 -0.37912457643812725 -0.0733535622951205 0.9973059981970703 2.9380721482095336e-05 0.04976649101303593 -0.006659215421660318 -0.00051925611625043 0.9999776923627115 -0.05007267041577459
1636239309969483 1606417106006592 0.9972147722391776 0.074551399106256 0.0021879039582356507 -0.06353987321480409 -0.0745606719567566 0.9972062497034607 0.004516830103253971 0.3475108614642128 -0.0018450554971765707 -0.004667381291951946 0.9999874055817343 -0.028411433281027444
1636239310073242 1606417106421387 0.9980096531940357 0.06247892163242549 0.00855081795124533 -0.6591875453862623 -0.06251018318015943 0.9980384024799036 0.0034386303393332683 -0.30434924012968056 -0.008319202772444708 -0.003966299468884169 0.9999575287649742 -0.016417454958020623
1636239310177002 1606417106421387 0.9979518389110525 0.06358571105752327 0.0069988976148663545 -0.3435966062634021 -0.06362308649250485 0.9979601710758206 0.00525355269812237 -0.01250262193679265 -0.0066505701771710475 -0.00568808404419747 0.9999617070749384 -0.025602434806433892
1636239310280640 1606417106421387 0.9979238358564617 0.06423847234735892 0.004629957285866046 -0.02256568564149186 -0.06426245623631871 0.9979193162745074 0.0052321056144270925 0.2758344784443687 -0.0042842213372512195 -0.005518775331801881 0.9999755939853585 -0.03662568143215928
1636239310384400 1606417106732422 0.998477325581999 0.05424780670092901 0.01001028327385811 -0.48336318400077344 -0.054289335081627366 0.9985175349288221 0.003924352243247748 -0.23791456704032138 -0.009782555876612111 -0.004461828355386263 0.9999421951734252 -0.02438297052933572
1636239310488037 1606417106732422 0.9985639007183524 0.05316413469463753 0.006611427136733617 -0.16484796307110863 -0.05318093593938329 0.9985820282921544 0.00239182545431321 0.058485679192397735 -0.006474892989471623 -0.002739992438516845 0.9999752837956606 -0.03703343272293192
1636239310591797 1606417106732422 0.9985726167491822 0.05332202266912343 0.003080743681347487 0.16752302838086439 -0.053326016827569295 0.9985763992134958 0.0012291735356049756 0.36234524860870254 -0.0030108159130831664 -0.001391702823277757 0.9999944990602645 -0.059677466461556104
1636239310695557 1606417107043579 0.9989112789903135 0.046568280950480316 0.002766210353347991 -0.34713978658527733 -0.04657370580739484 0.9989129914294497 0.0019301516261996314 -0.1848421504404344 -0.0026733196157741005 -0.002056882896765909 0.9999943112813097 -0.04687087748722368
1636239310799194 1606417107043579 0.9989932819065166 0.04485964789588788 -0.0001862814265241914 -0.016728038563904073 -0.044858892981534115 0.9989888703196598 0.0029860847923259023 0.14396260532988048 0.000320047784215227 -0.002974722268153254 0.9999955242884055 -0.05836035223362923
1636239310902954 1606417107043579 0.9990892497917553 0.04264892948022819 -0.0013190031098830196 0.3289033458723559 -0.04264259438551254 0.9990802260037618 0.004506790078376186 0.4679645511235388 0.0015099996973530834 -0.004446439803755888 0.9999889744762117 -0.05739239092715881
1636239311006714 1606417107354736 0.999284538906686 0.037763737375009564 0.002076161359080224 -0.21522205177425383 -0.03775908602636709 0.9992843704877331 -0.0022356935957796877 -0.13043795664650293 -0.002159103742536634 0.002155700088628391 0.9999953456032468 -0.049834894408900265
1636239311110352 1606417107354736 0.9994910548202627 0.03179553013648547 0.002583718654216543 0.13797690528518602 -0.03178571567333804 0.9994876536604786 -0.0037547921208242368 0.2047158441354167 -0.0027017805014495706 0.003670755790942409 0.9999896129130769 -0.0488795492153289
1636239311213989 1606417107665772 0.9995880181324269 0.028307303897655595 0.004742420963859467 -0.431312134687755 -0.02831816617262295 0.9995964523859165 0.002239162025290032 -0.3963395000816397 -0.00467712253125811 -0.0023725361960468465 0.9999862477038503 -0.03303845660450378
1636239311317627 1606417107665772 0.999777321679456 0.021067405157539406 0.0012130539342088253 -0.0831873462059942 -0.0210671387256036 0.999778036289424 -0.00023199923512577653 -0.03897565526853166 -0.0012176723021363738 0.00020639199841165757 0.9999992373379629 -0.03287367374152033
1636239311421265 1606417107665772 0.9998926863876054 0.014438123311856845 -0.0024811908985423866 0.27244183768303765 -0.014442814951215906 0.9998939231715146 -0.0018834822610836505 0.3294842754062718 0.002453733752534295 0.0019191155188003465 0.999995148081378 -0.039670996174620284
1636239311525025 1606417107976807 0.9998949966865714 0.014333680291421702 -0.002131012653667272 -0.32022215110425967 -0.014333385758365487 0.9998972599817267 0.00015342165052525136 -0.2993150287502516 0.0021329928102719426 -0.00012286091432234567 0.9999977176208289 -0.012537716949638535
1636239311628662 1606417107976807 0.9999567067014532 0.009148164555234234 -0.0017017087060732974 0.05529126146438621 -0.009149304240303918 0.999957924345781 -0.0006631549301710989 0.08021101503844183 0.001695570455135598 0.0006786956706854349 0.9999983322051184 -0.023519258922502548
1636239311732422 1606417107976807 0.9999892774510373 0.004620881653783827 0.0003040397339833372 0.43234654161094244 -0.004620607636862564 0.9999889236448121 -0.0008958667434225386 0.4655530668540302 -0.00030817606052948714 0.0008944522891287658 0.999999552491209 -0.03512579310333545
1636239311836182 1606417108287964 0.9999617488064393 0.00818298906820289 -0.003088627258630845 -0.19920679325230362 -0.008198700139200932 0.9999533394800442 -0.0051088338395915795 -0.1849064281405327 0.003046677610209539 0.0051339611493233395 0.9999821799404511 -0.032075836099190604
1636239311939942 1606417108287964 0.999983850014738 0.005075618373708865 0.0025569146039818814 0.20556428883105157 -0.0050832750108104315 0.9999825891914751 0.002996937360669012 0.2158953128564463 -0.0025416587756929743 -0.0030098864602792676 0.9999922402469752 -0.040141448806742835
1636239312043701 1606417108495361 0.9999569296827777 0.006800280218808914 0.00631624673388976 -0.10402816056303561 -0.006810479300088784 0.9999755369586741 0.0015946348735824778 -0.10557871482887694 -0.006305248255283749 -0.001637582859784414 0.9999787808582823 -0.0365423054349539
1636239312147583 1606417108495361 0.9999900776826328 0.004296742716427204 -0.0011758157917984842 0.28560448489755674 -0.0043002569082641485 0.9999862456994224 -0.003002699945509958 0.29488745087715107 0.001162897790151575 0.0030077264617429525 0.9999948006116137 -0.02897311423744901
1636239312251221 1606417108702881 0.9999648829040684 0.007939775259509547 0.0026819641956944886 -0.025035790242955932 -0.007944309588238484 0.9999670250424197 0.0016842735658624485 -0.03231669793577835 -0.0026685030044444587 -0.0017055207729374318 0.9999949851327298 -0.028817281679704123
1636239312354981 1606417108702881 0.9999778588136561 0.005915355821469998 -0.00304802434815198 0.380200964353703 -0.005930663949474071 0.999969722481205 -0.005037990715142304 0.38080531337009904 0.003018130553825439 0.005055955976158488 0.9999826639482943 -0.04744961240949042
1636239312458862 1606417108910401 0.999957711333505 0.008962891439489487 0.002059642242769653 0.05227688592571411 -0.008962997723347755 0.9999598306333858 4.2378383543702474e-05 0.0262989637340796 -0.0020591796753896283 -6.083716015107273e-05 0.9999978780367008 -0.019755534432892137
1636239312562500 1606417109117676 0.9999367742575799 0.011209363800816932 -0.0008931153297786949 -0.31326518059467284 -0.011216004370139273 0.999906567439254 -0.007813938973605548 -0.3664152549952089 0.0008054425990520257 0.00782346211693709 0.9999690718730878 -0.03786256005342007
1636239312666260 1606417109117676 0.9999481947207746 0.009081057760034187 0.004598072323102125 0.12117682730916139 -0.009078392703145482 0.9999586104523475 -0.0006001438191344669 0.07153239983536923 -0.004603331951644208 0.0005583696222884987 0.999989248721359 -0.024389951977178553
1636239312770020 1606417109325195 0.999934727675473 0.01064686649127337 0.004145434471833097 -0.2675406946895001 -0.010661197684616545 0.9999372145220713 0.003450490144351053 -0.31924875818162546 -0.004108437290843013 -0.003494460219223625 0.999985454639618 -0.0033348088363202885
1636239312873535 1606417109325195 0.9999636602206909 0.008340428883190809 0.0017650746581698424 0.1623136152279883 -0.00834133964861309 0.9999650807453593 0.0005092614843566708 0.11061518843320634 -0.001760765563881239 -0.0005239660651344969 0.9999983125806722 -0.021892522519873298
1636239312977295 1606417109532715 0.9999543835859909 0.009548417853308505 0.0002418018305995136 -0.22932547756936708 -0.009547917266573006 0.9999524313821252 -0.00199305125689683 -0.3037459728613188 -0.0002608208146239765 0.0019906516371676376 0.9999979846372502 -0.02033476922236015
1636239313080811 1606417109532715 0.9999765090356247 0.006494065965167701 0.002192826630338908 0.21049546928434795 -0.006486436323987339 0.9999729466577774 -0.0034687318781437644 0.13466468053508848 -0.0022152934806768556 0.0034544267639718285 0.9999915796698124 -0.026756992121327955
1636239313184448 1606417109739990 0.999982665868436 0.005539605282888243 0.001995179298103541 -0.1882576186989962 -0.00552883975499952 0.9999703428935875 -0.005361461434168626 -0.2827369262401657 -0.002024820506938952 0.00535033747125711 0.9999836368615531 -0.02238563357444217
1636239313287964 1606417109739990 0.9999906028114596 -0.000244740616932335 0.004328324764806218 0.260807902578645 0.0002609502088138436 0.9999929540335448 -0.0037448354728640905 0.17832968592634157 -0.0043273777542215145 0.003745929759181927 0.9999836207718662 -0.025069502229893872
1636239313391602 1606417109947388 0.999998912186138 -0.00015266501470770328 0.0014670802294764022 -0.15107585964765094 0.00015516055769687476 0.9999985411549198 -0.001701063696405373 -0.23873220670286222 -0.0014668183963161211 0.001701289478947498 0.9999974770257678 -0.02047632530432639
1636239313495361 1606417109947388 0.9999816507354959 -0.005094183512040168 0.0032783366398291256 0.3088255828301166 0.005098213119375977 0.9999862574001002 -0.0012219813401689044 0.23949182581251172 -0.0032720665897579284 0.0012386725765742264 0.9999938796165105 -0.02419667832658568
1636239313598877 1606417110154785 0.9999982355413939 -0.0015880582650672174 0.001003488670337721 -0.11462227545028336 0.0015890752071414291 0.9999982239073008 -0.0010134232559103127 -0.1923661500446227 -0.0010018775128690623 0.0010150160867313032 0.9999989829913793 -0.02766343763767273
1636239313702637 1606417110154785 0.9999662999544432 -0.008169738451869033 0.0008089088417571448 0.34692284750774355 0.008171238483467576 0.9999648686423844 -0.0018687822588049907 0.2983373753573117 -0.0007936129614116635 0.0018753290678109212 0.9999979266575281 -0.032573492510131655
1636239313806275 1606417110362061 0.9999822189661882 -0.004491872284107944 0.003922351247311434 -0.07045962628396714 0.004506275413485521 0.9999831085493235 -0.003670981121613285 -0.13888235395165133 -0.0039057954147444203 0.0036885910427544213 0.999985569425028 -0.024651479824322413
1636239313910156 1606417110362061 0.9999106206448569 -0.012739591431278539 0.0040562958776246254 0.404702150821232 0.012763284172597457 0.9999013178814751 -0.005869674648957502 0.35383966551871066 -0.0039811183368829075 0.005920921678183522 0.9999745463676907 -0.027935910943139474
1636239314013794 1606417110569336 0.999925451526709 -0.011691037441190903 0.0035229301896739884 -0.02954465124703471 0.011703940949889177 0.9999247912692489 -0.003664638570986817 -0.09337230392333594 -0.003479821807816262 0.0037055975446784644 0.9999870796100432 -0.02192566556292726
1636239314117676 1606417110569336 0.9998043779236999 -0.019380585283228797 0.003949532016414487 0.44158559357653565 0.019389123348767662 0.999809733548122 -0.0021350884443695466 0.41845890305630995 -0.00390740128927909 0.002211248737366191 0.9999899212463024 -0.027304397606086814
1636239314221436 1606417110776978 0.9998424711986049 -0.017547608614820707 0.0026672502382885386 -0.013932724802892163 0.017553659404637784 0.999843363200575 -0.0022623239676393702 -0.018435923899633055 -0.002627134073198006 0.002308787588681094 0.999993883814512 -0.02512578268014496
1636239314325318 1606417110984375 0.9998677308237464 -0.0162628347251843 -0.00020265374232222654 -0.4925168833881211 0.016263161543410388 0.9998662466556945 0.0017315830134440743 -0.46936462062889445 0.00017446618834548097 -0.0017346497689301613 0.9999984802747094 -0.0028274289884800768
1636239314429077 1606417110984375 0.9997939651018088 -0.020296155433091087 -0.00030565520523702594 0.015351324520741168 0.020296186567107317 0.9997940062800809 9.9104613530147e-05 0.05655258890886071 0.00030358079954326424 -0.0001052878295916515 0.9999999483765842 -0.02300877971607981
1636239314532837 1606417111192017 0.9998626078059489 -0.01630018292075488 -0.003011569807036614 -0.46670471642756756 0.016316588100710124 0.9998517177849972 0.005505578952974502 -0.4108744974870264 0.0029213813007703334 -0.005553961073468177 0.9999803093299837 0.0006233405542418258
1636239314636719 1606417111192017 0.9998350810910648 -0.01815447936998249 0.0004748714503552829 0.037613796662518545 0.018154346152649187 0.9998351561280872 0.00028335588753281964 0.11414481078458033 -0.00047993734932025187 -0.00027468817610063303 0.9999998471032616 -0.030432150871591457
1636239314740479 1606417111399414 0.9998973434461658 -0.00996324281337046 -0.010297396098419223 -0.4322322842098987 0.009883866444508914 0.9999212692442327 -0.007730750388896105 -0.3694556825405136 0.0103736087198729 0.007628178688922648 0.9999170961294828 -0.023371035221160696
1636239314844360 1606417111399414 0.9999548591795384 -0.009268597611384485 -0.0020911016266861476 0.07189226343506515 0.009278516066628814 0.9999455078114199 0.004784407155400383 0.17419673506202069 0.0020466429332449384 -0.004803593503365412 0.9999863682781672 -0.019134882532219497
1636239314948120 1606417111606934 0.9999900945692456 -0.0011639945559884022 0.004296031253448445 -0.3855283874722401 0.0011651617442287748 0.9999992849674959 -0.0002691970884409066 -0.3004429437335638 -0.004295714837691436 0.00027419999319569293 0.9999907357812856 -0.0486570354161579
1636239315051880 1606417111606934 0.9999955929299897 -0.002897905983179171 -0.000645186776578652 0.12552135829186878 0.0028956122455681133 0.9999895837539418 -0.0035281465116255837 0.22478717413847363 0.0006554042930385193 0.003526262752098091 0.9999935679374222 -0.040665277091537375
1636239315155640 1606417111814331 0.9999732870020869 0.004093621177773758 0.006055373841507688 -0.33011378761179483 -0.004116043670258084 0.9999847021244873 0.0036950921464104546 -0.25243188818012907 -0.006040154899674599 -0.00371991762258477 0.999974839054298 -0.017753571233091646
1636239315259155 1606417111814331 0.9999823938963802 0.004410321686880269 -0.003970008104339263 0.18408708096737905 -0.004401181920182987 0.9999876512847878 0.0023080034888807994 0.2785359297281081 0.003980138117671295 -0.0022904901260353363 0.9999894560221857 -0.03762918052418757
1636239315362793 1606417112021729 0.9999229822112622 0.012200348639161637 -0.002276212486643178 -0.2922561421862388 -0.012211236539949556 0.9999137631565154 -0.0048323862435635506 -0.2310115494436939 0.0022170593963277015 0.004859809432939487 0.9999857333481856 -0.042613648902963555
1636239315466187 1606417112021729 0.9999403649704607 0.010254127365644747 -0.003757576236951438 0.2376201043249298 -0.01019083795253965 0.9998120624523771 0.016492016281043596 0.3306856788468669 0.0039259812827417626 -0.016452739928603702 0.999856936776362 -0.028907154078649366
1636239315569824 1606417112229004 0.9998207729753736 0.01821552616037402 -0.005159121833492655 -0.25792988568042224 -0.018154929752217108 0.9997683743899044 0.011558377910642017 -0.18807542198775865 0.005368468783941223 -0.0114626428424638 0.999919890472223 -0.03474495220165096
1636239315673462 1606417112229004 0.9998320230498638 0.017503391223086168 0.005436633533157552 0.301647040471627 -0.017512881418447562 0.9998451875345482 0.0017029248054396449 0.32694803564686487 -0.005405984915411342 -0.0017978498717022616 0.9999837713997829 -0.025278757995073016
1636239315776978 1606417112436279 0.9997510455226951 0.021881309587663197 0.004365234412090002 -0.19713414065669665 -0.021895106364031042 0.9997553479252373 0.0031382505733457593 -0.20335552873735863 -0.004295497416065642 -0.003233046563564021 0.9999855479515024 -0.023138423879678703
1636239315880371 1606417112436279 0.9996631338388551 0.02281226784310011 -0.012378177725309802 0.32713420230489204 -0.02283091480434272 0.999738405820948 -0.001367208927777236 0.32214448274866025 0.012343750529784089 0.001649353482430171 0.9999224527211842 -0.07859860465163554
1636239315984009 1606417112643555 0.9996257586708159 0.027349784365563377 0.0005761088600182442 -0.15784929033726827 -0.027348903854141994 0.9996248464901174 -0.0014845006068776906 -0.22449300569666472 -0.00061649350224461 0.0014681890995719617 0.9999987321774612 -0.02811629391038972
1636239316087647 1606417112643555 0.9996612103824895 0.025539774272075193 0.005018405246024283 0.3962805742787841 -0.025544691865045016 0.9996732593810321 0.0009182594891297523 0.30806491354985294 -0.004993313389101253 -0.0010461420080099169 0.9999869861194681 -0.046457468849679925
1636239316191528 1606417112851074 0.9996769661404203 0.025166575827636185 0.0035506103506794495 -0.1248509511914517 -0.02516490103016193 0.9996831807768043 -0.0005155895451694867 -0.2513936847495451 -0.0035624610724427656 0.00042607223421628807 0.999993563646066 -0.035648283610088004
1636239316295410 1606417112851074 0.9996593338067186 0.024992169461511508 0.007523815732738765 0.4260222241903145 -0.025032329478868395 0.9996726365471859 0.005291712778026225 0.2892673848661169 -0.007389101327935569 -0.005478248704726195 0.9999576940914525 -0.035979482343959396
1636239316399292 1606417113058594 0.9996910033337696 0.02446569948573123 0.004396294651264498 -0.10884080618746098 -0.024469575963372764 0.9997002304326568 0.0008301382604699233 -0.28211860645809844 -0.004374666862696943 -0.0009374572164393191 0.9999899916818207 -0.029242258050004955
1636239316503052 1606417113058594 0.9997164865775708 0.023626248996071967 0.002957503649822477 0.4316102571612925 -0.023619780851810983 0.9997185863747375 -0.002203182669370598 0.23934955819971462 -0.003008724310322315 0.0021327024494297692 0.9999931995560203 -0.03505286277411515
1636239316606812 1606417113266113 0.9997082843628649 0.023934472033109427 0.0032383991753862137 -0.11292178651940271 -0.023935186150488348 0.9997134958418888 0.0001819340448726537 -0.34501866843102663 -0.003233116865240748 -0.0002593926589587224 0.9999947398215574 -0.033248315534042755
1636239316710816 1606417113266113 0.9997014970564798 0.024107634789467664 0.003967207122942243 0.4331467363328692 -0.02410865016758114 0.9997093225519381 0.0002083130040764393 0.191384107926558 -0.003961032011466797 -0.0003038948307002269 0.9999921089055334 -0.042435577639743385
1636239316814575 1606417113473633 0.9997125656773442 0.023755667420800923 0.003233310483055968 -0.12321909209823846 -0.023754761254397332 0.9997177651497923 -0.00031838045985616785 -0.39985535895747565 -0.0032399612704664973 0.0002414824277974754 0.9999947221546737 -0.028327501023703437
1636239316918579 1606417113473633 0.9997060854394757 0.023496024061899868 0.005973239743037899 0.417071239080882 -0.023503737307569134 0.9997229992390748 0.0012243894279039065 0.12463532880483161 -0.00594281686761145 -0.0013644230198157626 0.9999814104659651 -0.035185890511604125
1636239317024292 1606417113681030 0.9997509812384107 0.021998019956929713 0.003750018036653496 -0.14422647039805447 -0.021997985049001204 0.9997580137722988 -5.0560038605546735e-05 -0.46901096457241703 -0.0037502228046648895 -3.1945392496360154e-05 0.9999929673794747 -0.029842389381416496
1636239317130127 1606417113681030 0.9997612170473101 0.021747237694522994 0.0021369476373955276 0.39907120088933895 -0.021744783547241495 0.9997628754250146 -0.001165038564107357 0.06405357888399588 -0.002161777285167342 0.0011182929089295773 0.999997038065583 -0.03409048363201526
1636239317234009 1606417113888428 0.9997802607495135 0.020637857386380933 0.0036754676708701324 -0.17034308120837566 -0.020631629515749185 0.9997856582236008 -0.0017243776824942868 -0.5564570382966597 -0.0037102673252837554 0.0016481678817485837 0.9999917586955447 -0.03078257289794131
1636239317337891 1606417113888428 0.9998018971914124 0.01977189804407733 0.0022887605057382433 0.356379841641517 -0.019767716294780788 0.999802914731279 -0.001835508592668744 -0.031031330677482535 -0.0023246009135070127 0.001789901404913224 0.9999956962325156 -0.03868265597244355
