1615317786803162 1606417097502930 0.9999237987093258 -0.01164205927175556 -0.004105999889231547 -2.3817150692384934 0.01162628052852402 0.9999250160976908 -0.0038460093045730066 -1.1143881462657577 0.004150467473611239 0.003797978727129309 0.999984174363444 -0.009954816941986022
1615317786906799 1606417097502930 0.9999214532320463 -0.01174647096756246 -0.004371245884932023 -2.3820089539658764 0.011728293863648577 0.9999225636380112 -0.004160992081328578 -1.1119718455673402 0.004419784364223049 0.004109397992551188 0.9999817890113363 -0.005044003405895248
1615317787010559 1606417097502930 0.9999240507735775 -0.01160544337319166 -0.004148056549421789 -2.3802913539828787 0.011590427934272843 0.9999262551843296 -0.0036257658237796465 -1.1081905355020605 0.004189829271699147 0.003577412699158778 0.9999848236093656 -0.01721821309179692
1615317787114258 1606417097502930 0.9999219427981451 -0.01174773710093514 -0.004254290570226185 -2.3794601060260927 0.011731430910981071 0.9999238196462402 -0.0038377646253657956 -1.1049340450101572 0.004299051526730037 0.003787556144289433 0.999983586152505 -0.01014456905719753
1615317787217957 1606417097502930 0.9999238493373861 -0.011533770868191882 -0.0043894943137101705 -2.3888961542145295 0.011516970998856952 0.9999263290609072 -0.003833514608740084 -1.1163937882394184 0.004433385814649082 0.003782669005343428 0.999983018108515 -0.00939589380477456
1615317787321655 1606417097502930 0.9999253207278958 -0.011472596032462172 -0.004210998926194832 -2.3831879308485666 0.011456833918194877 0.9999273429203213 -0.003748311799013504 -1.1078422362479634 0.004253695834374632 0.003699787162481348 0.9999841086970838 -0.013710198191703545
1615317787425354 1606417097502930 0.9999263688589142 -0.011443735589809493 -0.004037051008216372 -2.3887866078208533 0.011428163627054984 0.9999272481384227 -0.0038594702875299424 -1.1101688550470008 0.004080924062718335 0.0038130500308275208 0.9999844032324988 -0.01428325858447572
1615317787529114 1606417097502930 0.9999255118077456 -0.011527144575025997 -0.004011954440197126 -2.3865062333023546 0.011511758824646903 0.9999263750557753 -0.0038371709690791576 -1.112919263894172 0.004055890684785857 0.0037907004932108044 0.9999845900515287 -0.012689842719046713
1615317787632752 1606417097502930 0.9999253540322067 -0.011556993894959157 -0.0039651305329799925 -2.3843793794626498 0.01154135446641771 0.9999256154435241 -0.003944708029180861 -1.1080398669930587 0.004010424555105631 0.003898650595636899 0.9999843583868805 -0.010078090880637613
1615317787736389 1606417097502930 0.9999263832180935 -0.011435579922058263 -0.0040565577395591974 -2.383601026741075 0.011419583161910113 0.9999270127161259 -0.003944916409575131 -1.108652549159858 0.00410137406930627 0.003898301799057495 0.9999839908587673 -0.01099071379441756
1615317787840149 1606417097502930 0.9999238458642504 -0.011638340215409985 -0.0041050595053935945 -2.3835956181030076 0.011622513783824735 0.9999250123022976 -0.003858361058858722 -1.10816506696255 0.0041496565950999926 0.003810356118013491 0.9999841306422801 -0.013780283619141126
1615317787943787 1606417097502930 0.9999235954146461 -0.011630990059073152 -0.004186096959996355 -2.382845849600228 0.011614909742519754 0.9999251506236495 -0.0038453902806563638 -1.108314254291422 0.0042305093293676784 0.0037964753368341783 0.9999838446524179 -0.01636992123336568
1615317788047424 1606417097502930 0.9999240287996578 -0.011614590535351918 -0.00412770156659669 -2.3815444584191274 0.011598589955771458 0.9999252086306211 -0.003879414970405812 -1.1029507743488771 0.0041724506665328205 0.0038312447286545557 0.999983955980927 -0.012949918333789927
1615317788151184 1606417097502930 0.999922674104047 -0.011701778828936627 -0.004208822794576647 -2.3861672365940945 0.011685834931118907 0.999924524136236 -0.0037930591018503217 -1.107894559572588 0.004252890668726228 0.0037435821917167684 0.9999839491278516 -0.010875890847739928
1615317788254822 1606417097502930 0.9999230811250442 -0.011704639661664322 -0.0041028341733891005 -2.384825566941158 0.01168854086132955 0.9999239790508058 -0.003926084079889081 -1.1069978327921015 0.0041484756714681124 0.003877825945027072 0.9999838761777828 -0.012340259936282603
1615317788358582 1606417097502930 0.9999263178547991 -0.01139588624150311 -0.0041824206602640735 -2.3834707120981444 0.011379875832187813 0.9999279042550515 -0.0038320650581753187 -1.1117680888455108 0.004225788902994478 0.0037841872756010256 0.9999839111879804 -0.012725933997981928
1615317788462280 1606417097502930 0.9999268600091925 -0.01139625049363098 -0.004049705089126047 -2.3840594515421656 0.011380768990953114 0.9999279189524684 -0.0038255719867892977 -1.1128674146629913 0.004093010358774758 0.003779203426380081 0.9999844823234334 -0.012465953031172632
1615317788565979 1606417097502930 0.9999240206832729 -0.011599396345822131 -0.004172154057042624 -2.3844426624505823 0.011583397157738574 0.999925541904183 -0.0038386927954390817 -1.1117587340348487 0.004216369925570804 0.0037900734167289132 0.9999839286549292 -0.012764383569160124
1615317788669678 1606417097502930 0.9999262170666685 -0.011473334022905 -0.003990367602892169 -2.386174602271962 0.01145756127892121 0.9999265449390242 -0.0039533555760845425 -1.1103352909995998 0.00403543265922333 0.003907344004569326 0.999984223848598 -0.012300122807712218
1615317788773316 1606417097502930 0.9999261018467998 -0.011518504777780615 -0.003887788267556443 -2.3859203032692333 0.011502968793797478 0.9999258577766477 -0.003995079852754604 -1.1092324775394649 0.00393351736465313 0.003950063516604204 0.9999844620989652 -0.01286749501194486
1615317788877075 1606417097502930 0.9999257234453133 -0.011443873047783158 -0.004193490968004361 -2.385124311596736 0.011428225214421594 0.999927714086479 -0.0037366127311976136 -1.110153397826151 0.004235949159393988 0.0036884110292525157 0.9999842260549905 -0.010591732743569721
1615317788980774 1606417097502930 0.9999250173845723 -0.011533399644829969 -0.0041158602455753915 -2.38571488352549 0.011517031464277419 0.9999257614432938 -0.003978642075579601 -1.1095853392985784 0.0041614419591432346 0.003930941254631313 0.9999836149166013 -0.013962643609214617
1615317789084473 1606417097502930 0.9999264633273023 -0.011455662127160121 -0.003979415465538562 -2.383369414223913 0.01143969258330085 0.9999265124007979 -0.004012883756397254 -1.107903630636173 0.00402509326830962 0.003967065372682056 0.9999840303807408 -0.012983567929745629
1615317789188172 1606417097502930 0.9999263987025939 -0.011450301079848468 -0.0040109584026531845 -2.386115703337734 0.01143507733391335 0.9999274039795639 -0.0037981286870072623 -1.1074557228481585 0.00405415694003218 0.0037519835202823857 0.999984743099198 -0.01250710832055862
1615317789291870 1606417097502930 0.9999250565557413 -0.011579448526565388 -0.003974625552677019 -2.3874828614831447 0.011563101422931547 0.9999246923058932 -0.004111496918816415 -1.1069833817520196 0.004021935099721288 0.00406522979068341 0.999983648838721 -0.011873735455106013
1615317789395569 1606417097502930 0.9999248324436073 -0.011618125726491858 -0.0039177317025348 -2.3872911338422274 0.011602864695886566 0.9999250950989171 -0.0038958602049218184 -1.1049226707515487 0.0039627008388939105 0.0038501104517622868 0.9999847367093013 -0.010424712364145048
1615317789499268 1606417097502930 0.9999231937902653 -0.011700431016911775 -0.004087351068814962 -2.383569002897177 0.011684237965050517 0.9999238820745817 -0.003963413243642582 -1.1074550392887434 0.004133413591370651 0.0039153512463502675 0.9999837923270058 -0.012451197667543788
1615317789602905 1606417097502930 0.999922983355805 -0.011710646215149076 -0.004109516579367294 -2.386830141139374 0.011694272993965346 0.9999236754352204 -0.0039858860656368554 -1.1069118829859852 0.004155880223862184 0.003937521277306819 0.9999836121585972 -0.013197920632471924
1615317789706604 1606417097502930 0.9999217675589851 -0.01179236549834899 -0.004171196726826192 -2.3830130050011085 0.011775825548062753 0.9999227900416864 -0.003967857403799482 -1.1086447079611121 0.004217665093642329 0.003918427703638661 0.999983428475437 -0.010561058441429315
1615317789810303 1606417097502930 0.9999252211703921 -0.011427200329168857 -0.004355590022639917 -2.3831959570459142 0.011410484666339645 0.9999275116576856 -0.00384347163565911 -1.1103197401516138 0.004399194413469695 0.0037934848321739124 0.9999831281383404 -0.010154493831908463
1615317789914002 1606417097502930 0.9999227815173622 -0.011677732586764333 -0.004249890431425936 -2.3859368857255494 0.01166168926949819 0.9999248539735159 -0.0037803986416894927 -1.1069777053213048 0.004293717553446462 0.003730545823393572 0.9999838233778738 -0.009625650561483106
1615317790017761 1606417097502930 0.9999240844608761 -0.011619615711334626 -0.004099981739639263 -2.3839946381298516 0.011603379876369585 0.9999248300751696 -0.003961789880030536 -1.1091192177667695 0.004145708020245814 0.0039139154729959744 0.9999837470532614 -0.008981916658472377
1615317790121399 1606417097502930 0.999923375325277 -0.011550524866934241 -0.00445296057350666 -2.381767963187199 0.011533139135105988 0.9999258449299229 -0.003910415238276438 -1.110632004344992 0.004497797712343004 0.0038587589901147483 0.9999824397432162 -0.009769077558649536
1615317790225037 1606417097502930 0.9999228991114582 -0.01170975608061582 -0.004132487088298311 -2.3858966307575438 0.01169432406489739 0.9999246287556889 -0.003738929917566111 -1.111190444421761 0.004175957574932245 0.0036903149995344818 0.999984471356199 -0.013779318534016295
1615317790328797 1606417097502930 0.9999242257237565 -0.01158856354600102 -0.004153072375019811 -2.3847980034528944 0.011573448952152721 0.9999263814964795 -0.0036451160714569618 -1.1100978142478135 0.004195008291263824 0.0035967744942898916 0.9999847324427876 -0.011072140382667758
1615317790432495 1606417097502930 0.9999236209528096 -0.011671387643801642 -0.004065830241820387 -2.3840048661236173 0.01165555257529435 0.9999244785373537 -0.0038968346682102346 -1.108413942509083 0.0041110046523609705 0.0038491475335368543 0.9999841417262643 -0.011522027009350606
1615317790536194 1606417097502930 0.9999229878161578 -0.011755957276171656 -0.003976922150917472 -2.384205638431466 0.011740588761887329 0.9999236035990942 -0.003865946894572313 -1.1128431530873333 0.0040220662348940135 0.00381895776203886 0.9999846191541217 -0.011968868767149716
1615317790639954 1606417097502930 0.9999232991957151 -0.011716845476330498 -0.004013883668704153 -2.3860582963263335 0.011701045191972527 0.9999237877878668 -0.0039375324565371446 -1.110495628753792 0.004059713221092729 0.0038902638104193203 0.9999841921630801 -0.009919259051618461
1615317790743714 1606417097502930 0.9999241913104234 -0.011588184447774305 -0.004162405298090064 -2.383574953770004 0.011572660219577093 0.9999260606025027 -0.003734550557657732 -1.1079744590297456 0.004205374193032479 0.0036860973440545953 0.9999843636348854 -0.011803870480324921
1615317790847412 1606417097502930 0.9999250964672097 -0.011523910692266494 -0.004123219841749668 -2.386291409439339 0.011509037742269261 0.999927242049628 -0.003612846763613667 -1.1107799813897026 0.004164553968164499 0.003565121855841289 0.9999849730852955 -0.010859927233068742
1615317790951111 1606417097502930 0.9999230802188407 -0.011775395564789739 -0.0038953445835210976 -2.3878723416689445 0.01176013214558742 0.9999231699848067 -0.003918344538145358 -1.1098051018007815 0.003941185361024531 0.0038722333728775475 0.999984736316838 -0.010368303818531587
1615317791054810 1606417097502930 0.9999224578771634 -0.011775579333618082 -0.004051415643412367 -2.384405702494811 0.011760063135850703 0.999923503265281 -0.0038325627449358303 -1.107470465581531 0.004096236369989579 0.0037846206561201216 0.9999844486261227 -0.01068270021953334
1615317791158508 1606417097502930 0.999924296749546 -0.011602191447033257 -0.004097551466172304 -2.3856827358347577 0.011587291472928508 0.9999262342767934 -0.0036415224588752667 -1.1094344388649944 0.004139498848042306 0.0035937672606166635 0.9999849745802002 -0.013309962807967344
1615317791262268 1606417097502930 0.9999226875777986 -0.011726019932628869 -0.0041375509903090885 -2.3866940841167086 0.011710712706209162 0.9999245646567226 -0.0037046198781864126 -1.110418577188076 0.004180679319254895 0.0036558797940873353 0.9999845781127631 -0.013562628034896891
1615317791366028 1606417097502930 0.9999252743708311 -0.011559691289503612 -0.0039773378251406356 -2.384615009461251 0.011544204394179265 0.9999257775798919 -0.0038949557917687507 -1.1106788928506146 0.004022067104031776 0.00384874953793993 0.9999845049315539 -0.013630838461642123
1615317791469727 1606417097502930 0.9999255227174502 -0.01149695837723204 -0.004094993378741992 -2.386522925860598 0.011481299304057932 0.9999267636464106 -0.0038271548664206355 -1.111774241082329 0.004138694116552191 0.0037798539856883605 0.999984291834055 -0.012456170804377142
1615317791573364 1606417097502930 0.9999241279243977 -0.01157486365032003 -0.0042143719075053605 -2.3842938868376087 0.011559234227331365 0.999926291468066 -0.0037142616310182736 -1.109633151806548 0.004257053344270199 0.003665264910270854 0.9999842215405009 -0.012893948394304801
1615317791677063 1606417097502930 0.9999252825973057 -0.011564886964631326 -0.0039601283639828415 -2.384063667275579 0.011549541839428306 0.9999257892300701 -0.0038760960238730085 -1.108983862162938 0.0040046610921791554 0.003830068743807612 0.9999846465136125 -0.009719289374662123
1615317791780762 1606417097502930 0.9999241649090173 -0.011519027329251568 -0.0043561961454882375 -2.3860675838065086 0.011503061997281107 0.9999270937280632 -0.0036724375694426005 -1.1127556558835532 0.004398181460185006 0.003622049475463435 0.9999837682469854 -0.014092017968912131
1615317791884400 1606417097502930 0.9999245533505234 -0.011571963776653845 -0.00412034774911838 -2.385225099049815 0.011554691220414415 0.9999244576649989 -0.004191429186360536 -1.1109909279546282 0.004168539555136039 0.004143503611100886 0.9999827271787259 -0.016281749188160145
1615317791988037 1606417097502930 0.9999246456601607 -0.011502986144909752 -0.004287693507916737 -2.387979205584514 0.011485980653956 0.9999261534952337 -0.003969862605769244 -1.108153120414736 0.004333042151279374 0.003920315094702532 0.9999829277919067 -0.015178552314623315
1615317792091736 1606417097502930 0.9999239659790117 -0.011580003837285423 -0.004238605478014524 -2.3854037238763546 0.011561858413065987 0.9999239964320338 -0.00428074688481439 -1.1079072764447688 0.004287854394218032 0.004231415246000794 0.9999818545502263 -0.012469342410784566
1615317792195435 1606417097502930 0.9999211417019391 -0.011724721754967199 -0.00449903119845339 -2.383260193778091 0.011705591628248548 0.9999224336764064 -0.004255086338841326 -1.1113814138537335 0.004548571928499725 0.004202086968033302 0.9999808262954467 -0.01891635994579086
1615317792299072 1606417097502930 0.9999205827237166 -0.011748359947226013 -0.004561171831768876 -2.3809789112763986 0.011728252364520513 0.9999214950467056 -0.004410424526182797 -1.1135433578403442 0.004612629012030631 0.004356579687949011 0.9999798717309364 -0.01779031428818241
1615317792402771 1606417097502930 0.9999216300683141 -0.011674161778519708 -0.004521910299861105 -2.382954257625636 0.011654778046201403 0.9999228801290418 -0.004289516010138994 -1.109425857892505 0.004571638074565994 0.0042364779801631475 0.9999805760011735 -0.0162208713704672
1615317792506531 1606417097502930 0.9999210390751994 -0.011753439844353676 -0.004446602193179344 -2.383265364131479 0.01173490814767473 0.9999224443653375 -0.004170993847985235 -1.1095482440620243 0.0044952808593975895 0.004118484034138253 0.9999814150969286 -0.014115772084999268
1615317792610230 1606417097502930 0.9999210036116205 -0.011761114603676785 -0.004434267027850635 -2.3862861071846293 0.011742782570734758 0.9999224898748461 -0.004137789802570615 -1.1077653025941216 0.004482588347322279 0.004085392298542602 0.9999816078166016 -0.0149030342469594
1615317792713928 1606417097502930 0.999922441062699 -0.011660726316202252 -0.00437485147836357 -2.384889783218705 0.011642530063751731 0.9999235619156842 -0.00416194954696839 -1.1118026781765578 0.0044230484276965324 0.004110692410713983 0.9999817692590754 -0.012480371764523933
1615317792817627 1606417097502930 0.9999242160628743 -0.011481910283674132 -0.0044416068882087625 -2.3822518379300313 0.011463773200476722 0.9999259340461546 -0.004087582463876652 -1.106396091324216 0.004488211171475319 0.0040363551167630915 0.9999817817329733 -0.012490917890961262
1615317792921326 1606417097502930 0.9999215759385758 -0.011675776627366942 -0.0045297038676160705 -2.3854049755800233 0.0116572364621372 0.9999236544757663 -0.0040980559244488965 -1.113110993015315 0.004577206030569791 0.004044930709162053 0.9999813436862269 -0.010109900911539446
1615317793025147 1606417097502930 0.9999225977522026 -0.01159105885508908 -0.004521710248354182 -2.383081994857997 0.011573619712818305 0.9999255574670716 -0.0038640465026613417 -1.1112290259358912 0.004566162031211082 0.0038114148619019265 0.9999823114840859 -0.014614656536333754
1615317793128845 1606417097502930 0.9999244770570531 -0.011539063702110398 -0.004229680309795222 -2.3854347500606705 0.011521891607029636 0.9999253701655587 -0.004062033669476719 -1.1141496438514693 0.0042762367147166445 0.00401299297466882 0.9999828046956333 -0.013185253564494978
1615317793232544 1606417097502930 0.9999220206540491 -0.011702956395953354 -0.004358144924545735 -2.3850097963517456 0.01168472214560335 0.9999229686718561 -0.004186167138075028 -1.1130986781011056 0.004406799742327164 0.004134916990976755 0.9999817411220611 -0.016614390535471604
1615317793336365 1606417097502930 0.9999218355127695 -0.011745011395107667 -0.00428690757638761 -2.385800855679941 0.01172687172683385 0.9999222810361356 -0.0042323009651270335 -1.1124416826878971 0.00433628282542583 0.0041816981342298835 0.999981854861363 -0.017092705688386375
1615317793440064 1606417097502930 0.9999235727252099 -0.011597315793282372 -0.0042838043032299026 -2.383417692583546 0.011579296508359765 0.9999241055593671 -0.004207495470810738 -1.11286376684204 0.004332274839962652 0.004157570463178042 0.9999819728387881 -0.016511997491738394
1615317793543701 1606417097502930 0.9999218187575662 -0.011736632570656576 -0.004313679743305903 -2.3823602535381934 0.011718440251777991 0.9999224373234945 -0.004218708282571771 -1.1143313094497556 0.004362858591785031 0.004167828860370214 0.9999817971680779 -0.016478970394512706
1615317793647400 1606417097502930 0.9999202979393724 -0.011838194090291408 -0.0043880444372293844 -2.3874157809194854 0.011819192288878143 0.9999207701891145 -0.004331286473137322 -1.1166379778824391 0.004438971383218204 0.0042790781196949375 0.9999809923311066 -0.014474943490065765
1615317793751160 1606417097502930 0.9999204120187782 -0.011778624024361804 -0.00452035936128849 -2.384355188274889 0.011758589418511706 0.9999210373352831 -0.004433359187296196 -1.110907801725224 0.004572221292689767 0.004379853295425134 0.9999799556378924 -0.013375652175739057
1615317793854859 1606417097502930 0.9999217028640941 -0.011718137019917713 -0.0043901492706272345 -2.3800815590944464 0.011698022654158436 0.9999210881735062 -0.004579704833244202 -1.11046349810196 0.004443468444666506 0.004527990189839437 0.9999798762440283 -0.013858585091463186
1615317793958618 1606417097502930 0.9999230524032053 -0.011574706352738254 -0.004462672962502404 -2.375515325053294 0.01155432147961122 0.9999228175581706 -0.004566901152949638 -1.1070372563935056 0.004515189062283355 0.004514986582803928 0.9999796137741455 -0.014996338408866194
1615317794062317 1606417097502930 0.999922134501111 -0.01166281837717501 -0.004438874486724778 -2.372053759657279 0.01164317080734623 0.9999224176656731 -0.004426649709630941 -1.102214279995569 0.004490157320053066 0.00437462245249184 0.9999803503897661 -0.014134119918192823
1615317794166077 1606417097502930 0.999922157746046 -0.011541845203825623 -0.004739647903365398 -2.3657609386685183 0.011521093026747494 0.9999240256037217 -0.004382629391366389 -1.0931800665689653 0.004789871441487579 0.004327682313197935 0.9999791639316142 -0.013271917054467028
1615317794269714 1606417097502930 0.9999181705369381 -0.011630153120505367 -0.005328393090049079 -2.3609805554799284 0.01160543510555349 0.999921858465709 -0.004646594770296503 -1.0842343939808112 0.005382017329893178 0.004584376221707716 0.9999750083797688 -0.015994859957700332
1615317794373474 1606417097502930 0.999914703413831 -0.011469572029627745 -0.006247785107800195 -2.3483460114892463 0.011434688044036927 0.9999189920798034 -0.005590813170848896 -1.071773608337251 0.0063114032220759255 0.005518894819885321 0.9999648533770252 -0.015449668209302086
1615317794477173 1606417097502930 0.9999084302238572 -0.011464816564828891 -0.007189516872642634 -2.3306293488088436 0.011413977973314669 0.9999098441125408 -0.007072818258980613 -1.0590282894068133 0.007269957259287925 0.0069901096153572205 0.9999491417512261 -0.01841803974187305
1615317794580811 1606417097502930 0.999910118126226 -0.010701930195805343 -0.00807616018577651 -2.3045285495145365 0.010643082924420491 0.9999167527687817 -0.007294677694365902 -1.0283427251719166 0.00815355499926994 0.007208066792481968 0.9999407799034847 -0.015300247952644145
1615317794684448 1606417097502930 0.9999186246720253 -0.009066185025483906 -0.008974872007706377 -2.275022279517348 0.009001856944847461 0.9999336890139509 -0.007182210729401673 -0.9936214837550853 0.009039392126438462 0.007100835760720448 0.9999339315782239 -0.018567276289710177
1615317794788147 1606417097502930 0.9999387845760556 -0.006553961176815247 -0.008914746093915998 -2.231305893395735 0.0064912906687328645 0.9999541437824141 -0.007040843862681627 -0.9463047264603878 0.00896048271468741 0.006982544646290508 0.9999354748281424 -0.01027209318599449
1615317794891846 1606417097502930 0.9999537911988454 -0.0028851983663900167 -0.009170120059629987 -2.1739029644922576 0.002827541749488328 0.9999761937330123 -0.0062942020429496755 -0.8962100048237612 0.009188061774735056 0.006267982298088644 0.9999381440462879 -0.011415199995842756
1615317794995545 1606417097502930 0.9999495561534804 0.0023955682246381855 -0.009754301912699615 -2.108828950984657 -0.0024486691469414053 0.9999822292648086 -0.005435547668648826 -0.8276347220944432 0.009741107346283065 0.005459158536847884 0.9999376522642489 -0.012732713233894286
1615317795099304 1606417097502930 0.9999053091515623 0.00914523522918478 -0.010282869618299379 -2.028737554985854 -0.009187741062700906 0.9999494108444532 -0.00409404084752933 -0.753388536938167 0.010244908449997368 0.004188129522753038 0.9999387488351235 -0.015264653539662776
1615317795203064 1606417097502930 0.9997939527739139 0.017356633174121464 -0.010526123979754422 -1.946138876244658 -0.017391047639032643 0.9998436858132015 -0.0031867547685138567 -0.668422117939623 0.010469167263688017 0.0033691584701123845 0.9999395208251389 -0.013997679922343405
1615317795306824 1606417097502930 0.9995845372182909 0.02685942041899307 -0.010455835371515534 -1.842836075141948 -0.026881975726902357 0.9996365681099482 -0.0020226425410373363 -0.580464752669663 0.010397708381114111 0.0023028757209972773 0.9999432906039398 -0.011126902862068274
1615317795410706 1606417097502930 0.9992509703921137 0.03743542933570821 -0.00980238773645464 -1.730875245826494 -0.037446868521701225 0.9992981336263074 -0.000985988520637398 -0.4812993281944412 0.009758596866508597 0.0013523187108051107 0.999951469333038 -0.011289961309413272
1615317795514343 1606417097502930 0.9987444372398524 0.049164046833479136 -0.009614862758853248 -1.6111676144053915 -0.04916960955735397 0.9987903843801879 -0.0003428849947467736 -0.3756258739721144 0.009586374856716156 0.0008152135289149079 0.9999537173509627 -0.005000705658656638
1615317795618103 1606417097502930 0.9980452584541868 0.06176761829276174 -0.009509122568385578 -1.4820913483493414 -0.061767836957473614 0.9980905073677915 0.0002709693061936491 -0.26668242291636757 0.009507702097555274 0.0003169183011787891 0.9999547505580514 -0.0041586880033711035
1615317795721863 1606417097502930 0.9971815428173415 0.07456545810742861 -0.008304404019627348 -1.3381192872902157 -0.07456375668454865 0.997216115614794 0.0005147345869062123 -0.15416649319910847 0.008319666939206488 0.00010592373121686568 0.9999653853620054 -0.010123277072032191
1615317795825562 1606417097502930 0.9961064430665935 0.08786449569019011 -0.007196143605666083 -1.185694864283621 -0.08786920322891141 0.9961319628976341 -0.0003400324813984055 -0.03662336860945254 0.007138431872693119 0.0009710279505214127 0.9999740496108478 -0.01279385305263136
1615317795929199 1606417097502930 0.9948531190068383 0.10111547274381573 -0.006552310937828328 -1.0213440782397913 -0.10112764736173485 0.9948722461229016 -0.0015533312327671493 0.08757857796182525 0.006361646478069733 0.00220795621168935 0.9999773269346938 -0.01590824994765949
1615317796032959 1606417097502930 0.9934215978150919 0.11431558870936186 -0.0067435285279585245 -0.8476798643446884 -0.11433214639032023 0.9934403141541094 -0.0021219141434807723 0.22221367739250672 0.006456725234805174 0.0028789574296825358 0.9999750108394512 -0.015443749033864782
1615317796136658 1606417097502930 0.9919102718238493 0.12671848337634736 -0.007512564515627559 -0.6669598405669952 -0.12673313942549655 0.9919357051041343 -0.0015060927552600282 0.3598401306057989 0.007261131190162451 0.0024459997604585107 0.9999706460986798 -0.014896592618577285
1615317796240235 1606417097502930 0.9902573171923644 0.13898952551250784 -0.008506324074157492 -0.46748603773224706 -0.1390007352259955 0.9902920027121703 -0.0007382245033442382 0.5046353159741143 0.008321139229656068 0.001913417516541537 0.9999635480732927 -0.011869409044281862
1615317796343750 1606417097502930 0.9885412313958427 0.15067435651720035 -0.009136307951463349 -0.2589548156150455 -0.1506876136093781 0.9885811247275729 -0.0007764931059712908 0.6637089290776862 0.008914983991412934 0.0021443238935488483 0.9999579615841221 -0.011275152803390035
1615317796447388 1606417104969727 0.9911993780103263 0.13237692962494296 -0.0003762173322247078 -0.8301851105958531 -0.13237723526254472 0.9911989465345756 -0.0009570671126308209 0.008188542781675289 0.0002462126175535521 0.000998446937049336 0.9999994712413907 0.005845097991981758
1615317796551026 1606417104969727 0.9897553930492299 0.14276945485509063 -0.0010699041127832632 -0.5952252146150642 -0.14276876328357901 0.9897558253418797 0.0006974501829810115 0.1903203443848964 0.0011585184105946656 -0.0005375561929733467 0.9999991844338832 -0.0008935272038957377
1615317796654541 1606417104969727 0.9883514339133651 0.15218326995214845 -0.0013020877591268458 -0.346499753094098 -0.15218110610857707 0.9883512882055805 0.0016254385271184894 0.374085465755034 0.001534284664249405 -0.0014083513435780815 0.9999978312561794 -0.002129767645608586
1615317796758118 1606417104969727 0.9869190166224587 0.16121076562526984 -0.0013941592229231763 -0.08870282885249887 -0.1612084458238125 0.9869190144484525 0.0016419255865986174 0.5567424390463351 0.0016406183271831813 -0.0013956973437316666 0.9999976801975239 -0.008805108920173112
1615317796861755 1606417105591919 0.9900787693111455 0.14051254968425306 -0.0005039295819586674 -0.6975569096835539 -0.14051202991630693 0.9900785152170806 0.0009503466765564157 -0.12796777125974765 0.0006324654868850879 -0.0008701098994460818 0.999999421447918 -0.004746020151759101
1615317796965454 1606417105591919 0.9889522905953936 0.14823416175463416 1.481522652747606e-05 -0.41752822344669804 -0.14823407431371102 0.9889515883342369 0.0011895999382352382 0.0802736883075122 0.00016168780786142507 -0.001178653705197294 0.9999992923159976 0.0010173383184558951
1615317797069092 1606417105591919 0.9879334702493537 0.1548693022490098 -0.001719763483710172 -0.1333526300785345 -0.1548609139742181 0.9879271444648162 0.004249065441922534 0.29740909245438785 0.0023570508278123133 -0.003931469822439513 0.9999894938730258 0.0016912683131658185
1615317797172669 1606417106006592 0.9894148145911539 0.14510233592629979 0.0019070345433141271 -0.5939076427719218 -0.14510633704478273 0.9894137076714712 0.002160098540414604 -0.26228460324461333 -0.0015734107741093373 -0.0024139562940557312 0.999995848588156 0.012411927821835117
1615317797276428 1606417106006592 0.988812956821939 0.14915995751181607 -0.0004934577923236178 -0.2900696586286648 -0.14915299581853567 0.9887897687263664 0.006940972905888696 -0.03063895598444828 0.0015232412400775178 -0.0067897232342425395 0.9999757894041871 0.013098988065425948
1615317797380127 1606417106006592 0.9882043366187322 0.15313129824916483 -0.0017304880590847816 0.023957196274692002 -0.15311102909423996 0.9881711996452515 0.008642509232449422 0.2111438253432536 0.0030334571202061903 -0.008275608295193705 0.9999611554681734 0.0037733339509793363
1615317797483826 1606417106006592 0.9877751288012524 0.1558811699723233 -0.0011643771702295256 0.3470488965280751 -0.15586584798958508 0.9877415903559564 0.0085081205938167 0.45339052187946055 0.0024763595503209165 -0.008222623280377981 0.9999631273750881 -0.007282770721767506
1615317797587708 1606417106421387 0.9895466555392795 0.14389260153931835 0.009609148647987866 -0.23546669645397186 -0.14390403411456856 0.9895915184654993 0.0005055206881087451 -0.2311642456857421 -0.009436391314758028 -0.0018830315610717306 0.9999537032838546 -0.004190470118946851
1615317797691467 1606417106421387 0.9895194192077589 0.14412424627869558 0.008917435158334389 0.10044269414840629 -0.14410081849568349 0.9895577742623439 -0.003219551256925423 0.03241315799163401 -0.009288332685649412 0.001900798784660047 0.9999550559099649 -0.015759261349484674
1615317797795227 1606417106421387 0.9896330308984687 0.1434896434604956 0.006098063525112139 0.4336325640584306 -0.14346318437119873 0.9896450695767076 -0.004577225912584117 0.288226668976475 -0.006691703015812679 0.0036549263411590244 0.9999709308895879 -0.0181137237373169
1615317797899109 1606417106732422 0.9910851020702169 0.1329283133602574 0.008965710575871335 -0.002235392188826899 -0.13289528544077328 0.9911212408621619 -0.004186767718585374 -0.24422903645225819 -0.009442646162410251 0.0029579424455520864 0.9999510423065424 -0.009453461487546494
1615317798002869 1606417106732422 0.9913009686901469 0.13149812857736046 0.005534587526989643 0.3472288099346913 -0.13147911291162426 0.9913121424821334 -0.003671381200649841 0.030564365343752994 -0.005969283576301223 0.0029117610822481464 0.9999779444072683 -0.04747606139271301
1615317798106751 1606417107043579 0.9924091567145782 0.12285040588927568 0.005642999766589619 -0.12553196716570186 -0.12282505420470112 0.9924174913140611 -0.004639935127093421 -0.5383437752666276 -0.006170229585494258 0.003911612354471913 0.9999733134217387 -0.027623923464068945
1615317798210449 1606417107043579 0.9927627214267994 0.11996480771156398 0.0055338829448945605 0.24444481964904163 -0.11992001851559868 0.9927527635449189 -0.007819183947838499 -0.24899762940454012 -0.0064318044854276045 0.00709897099016213 0.9999541171983554 -0.03940248114327131
1615317798314148 1606417107043579 0.9930614170182706 0.11740804957198787 0.006661225850519238 0.6148939019244571 -0.11733859324446241 0.9930415695160191 -0.010004786506344935 0.028882759273702135 -0.00778951664357702 0.009153748594352154 0.9999277635495132 -0.029308656678696227
1615317798417847 1606417107354736 0.99347962375891 0.1136229193076486 0.009384529201160445 0.0975427085575275 -0.11346321527468717 0.9934119455453465 -0.016087424647982698 -0.5913936137054056 -0.011150603564372636 0.0149177297294915 0.999826547647075 -0.020647979154041457
1615317798521546 1606417107354736 0.9938454225724722 0.1104298145039408 0.00874826296100784 0.4786687945940101 -0.11027753455947606 0.9937670021160193 -0.01630984001417873 -0.2801043042272453 -0.010494827663814663 0.015244722969928903 0.9998287138374641 -0.014501936916842966
1615317798625244 1606417107354736 0.9942780613370316 0.10662581568066284 0.00648630702116652 0.8511150310089073 -0.10650768625010477 0.9941760962238955 -0.016431751919081413 0.03185164126815971 -0.008200580344629014 0.01564688888930813 0.9998439504993255 -0.02075459831618559
1615317798728943 1606417107665772 0.9943954273710962 0.10547734540594512 0.007229359171832023 0.30218179833334585 -0.10541018892848757 0.9943870506506972 -0.009115128783176987 -0.5971985247339339 -0.008150220732037246 0.008301994265736613 0.9999323231065346 -0.010274889780190685
1615317798832581 1606417107665772 0.9949241462924066 0.1004743228145794 0.005554600232543112 0.6859370499981765 -0.10040483043213402 0.9948787400431998 -0.01162594686100982 -0.27061925284565314 -0.006694262818719453 0.011009226561039717 0.9999169884424617 -0.022659479471725096
1615317798936340 1606417107976807 0.9948912440075918 0.10058217983958184 0.00863931132729933 0.12448989433826098 -0.10048238215366019 0.9948746703685158 -0.011299607972324495 -0.9328262169172105 -0.009731571210125287 0.010373782450026726 0.9998988354625993 -0.0032632341831473777
1615317799040039 1606417107976807 0.9955192445473745 0.0941535716876901 0.008748638679313038 0.525150453992633 -0.09404601594384869 0.9954957024059036 -0.011985548837311353 -0.5936469207395528 -0.009837714438806324 0.011109069911259416 0.9998898979089287 -0.013376130377334323
1615317799143738 1606417107976807 0.9961789762943982 0.08694221054131684 0.008276425538811921 0.929191203186466 -0.08685836441982976 0.996170454666864 -0.010002488869807284 -0.2403887941498914 -0.009114369085250337 0.00924539233715637 0.99991572194696 -0.018240543503060643
1615317799247315 1606417108287964 0.996301385723798 0.08591308537152341 -0.0015781543811170832 0.3080074616912377 -0.08592588118847393 0.9962291070582137 -0.012012876276878052 -0.9321660736648995 0.0005401400647660927 0.012104049587004053 0.9999265974221838 0.0032808224431595924
1615317799350952 1606417108287964 0.9970467342952053 0.07679678618350569 -0.0002515305489499089 0.721722812489829 -0.07679714583625907 0.9970368869333552 -0.00443221052228645 -0.5550305769982995 -8.959428830645863e-05 0.004438437855194622 0.9999901460725846 -0.007688982516535641
1615317799454590 1606417108495361 0.9972423119033591 0.0739401348938079 0.006373994508518922 0.4468147291012978 -0.07390873882047648 0.9972523323851353 -0.005028308148851555 -0.9033843054909549 -0.006728274673029228 0.004543347747939812 0.9999670436125211 -0.011998928305787799
1615317799558228 1606417108495361 0.9978526035320794 0.06535669080947161 0.004322568119932325 0.8632228592665113 -0.0653117338649295 0.9978164719060325 -0.00983187759383128 -0.5300116702433005 -0.004955708654969898 0.009528450235929938 0.9999423231306037 -0.0030296924758004655
1615317799662048 1606417108702881 0.9980705506926988 0.061613595006180126 0.007677288248637372 0.5663167434215686 -0.06159996999842433 0.9980989169048613 -0.0019989432212271603 -0.8843636538701279 -0.007785855163787035 0.0015221656358249164 0.9999685312404315 0.004922556931813887
1615317799765747 1606417108702881 0.9985792034084227 0.053287603764093604 -7.622169362618217e-05 0.9781935397684013 -0.053287502922110076 0.9985718166562804 -0.0038430478227263775 -0.4849573343937528 -0.00012867397455069683 0.0038416492971918353 0.9999926125595557 -0.016078589001545608
1615317799869446 1606417108910401 0.9987879065127422 0.04919915864405472 -0.0014698969611880298 0.6513148881334134 -0.04919052338404244 0.9987746805705292 0.005424929944887525 -0.8519384163792343 0.0017349978568696916 -0.005346049421779109 0.9999842046442616 0.014620694544932623
1615317799973145 1606417108910401 0.9992615308101618 0.03840284371255598 -0.0012706857151607298 1.0824022895233 -0.03838827786720827 0.9992129863205363 0.009987396820552934 -0.42404985462707495 0.0016532301073118884 -0.00993124199937661 0.9999493173469155 0.007600344996867925
1615317800076965 1606417109117676 0.9994285454500617 0.033525270911861874 -0.004317262364727855 0.7355837811160036 -0.03352932790136827 0.9994373546830773 -0.0008707692237276907 -0.8284722907929359 0.004285640503139665 0.001015026524153768 0.9999903014562858 -0.018695088258745163
1615317800180725 1606417109117676 0.9996734233240099 0.025539801825386312 -0.0008747724508311793 1.1757343845386568 -0.025538575154912892 0.999672876784251 0.0013858590917769189 -0.3932252852777487 0.0009098808590138741 -0.0013630660605392934 0.9999986570829668 -0.016245472194431725
1615317800284485 1606417109325195 0.9997999449152661 0.019633383145041074 -0.003821049355419463 0.7995341300333172 -0.019614080112358868 0.9997949959845481 0.005025322882087612 -0.7783775325792505 0.003918930114521156 -0.004949371172511113 0.9999800726573277 0.00028433585042412905
1615317800388367 1606417109532715 0.9998748239459825 0.0139053834693301 -0.007548294776100036 0.4065168685812253 -0.013855931597821471 0.9998824524925262 0.006564629582334094 -1.178896774977387 0.007638691184522826 -0.006459219191794642 0.9999499631903689 0.006442677205872206
1615317800492127 1606417109532715 0.999954994493414 0.004764069895553594 -0.008204427473750326 0.851396555209081 -0.004694408944896443 0.9999529478929444 0.00848908295011271 -0.7172959420253483 0.008244484022655608 -0.008450185956894667 0.9999303089918289 -0.004361994282033758
1615317800595825 1606417109739990 0.9999478653012933 -0.0009257481594161411 -0.01016905473470417 0.4484559896657561 0.0010091617018374668 0.9999658651505537 0.008200617710245932 -1.125821158922803 0.010161115908777765 -0.008210452394076221 0.9999146664565799 -0.0019699262635360245
1615317800699646 1606417109739990 0.9999021384262443 -0.010587043179743526 -0.009144839626781089 0.9055870730919242 0.010667157125833675 0.9999047617210737 0.008756668935240295 -0.6533738037158542 0.00905126145584569 -0.008853361435007059 0.9999198431161167 -0.008220229171129672
1615317800803345 1606417109947388 0.9998268397923582 -0.014380427892829962 -0.011810746331659799 0.48558490977254404 0.01449457968136964 0.9998485059854378 0.009637024593412974 -1.0581231003299523 0.011670372536990001 -0.00980654764801209 0.9998838102640105 0.008345378099942739
1615317800907044 1606417109947388 0.9997050044608534 -0.022612938149959898 -0.008863356509609864 0.9455164531051857 0.022698292963285276 0.9996957787516089 0.00965077443694927 -0.5648293718206382 0.008642427722766298 -0.009849110564212265 0.9999141480467966 0.00582290769954265
1615317801010803 1606417110154785 0.9997146213824187 -0.022489387023925562 -0.008056256572430552 0.5200443999385965 0.022557047963080726 0.9997101962461682 0.008408514322076795 -0.9772114460458162 0.007864819506131077 -0.008587840077771662 0.9999321945096752 0.004025863792935687
1615317801114441 1606417110154785 0.9995065097766278 -0.030909612815460636 -0.005597566811377276 0.9881247850645577 0.030951364150384568 0.9994925087124751 0.007532469006820375 -0.4821094242448618 0.0053619003944319205 -0.0077020041357255 0.9999559636086249 0.000665989519499096
1615317801218079 1606417110362061 0.9996091126398525 -0.027933333475475445 -0.0011622447161248565 0.5629505014352361 0.027939488663565944 0.9995935468563201 0.005667985610968255 -0.9096346149663628 0.001003446585898654 -0.005698242590093165 0.9999832614230769 0.017076797594953334
1615317801321839 1606417110362061 0.999366177473579 -0.035472595363166534 0.002989699736346488 1.0426972712333664 0.035465606753186545 0.9993681131770838 0.002359047894688336 -0.3927738111580488 -0.0030714921358823708 -0.0022515211618273725 0.9999927482679647 0.008413428670896903
