1611676773087158 1606417097502930 0.9991400720533851 -0.040704625115707695 -0.00788986158381318 -3.313830573522946 0.040649287346939865 0.9991485919956169 -0.0070517058806856 -2.298534582418232 0.008170181136788551 0.006724924671064462 0.9999440101967514 -0.04221981570626804
1611676773190796 1606417097502930 0.9991342812326363 -0.04075630002054028 -0.00834338533477452 -3.3119854802387905 0.04069137245395754 0.9991412455439109 -0.007809203880101959 -2.2941924721128633 0.008654494671679096 0.00746293950554392 0.9999346999959121 -0.0217838264153135
1611676773294556 1606417097502930 0.9991461149904551 -0.040423292689120746 -0.00854390496875748 -3.3096325267031976 0.04035309972530557 0.9991515521457652 -0.008234269350285133 -2.2862011403367046 0.008869512190927796 0.00788246518185695 0.9999295967697687 -0.016231196764200373
1611676773398193 1606417097502930 0.9991449756975609 -0.04046265485418005 -0.008490648087004652 -3.313872330871399 0.04039836168552894 0.999154658360169 -0.007611902177818879 -2.3022431903402842 0.008791468359212804 0.007262385544089467 0.9999349818064663 -0.01942938977775206
1611676773501953 1606417097502930 0.9991470461911032 -0.040422111682941866 -0.008439963219751797 -3.312934086853503 0.04035297993383413 0.999151783770984 -0.008206704709307957 -2.303994038257581 0.008764536640265523 0.007859127102801153 0.9999307061085102 -0.010606487139861835
1611676773605713 1606417097502930 0.9991482462480247 -0.04041685730202928 -0.008322239469611869 -3.3108019902746095 0.04035093966936531 0.9991540061981472 -0.007941887084164862 -2.3009709903683286 0.00863618502357328 0.0075993123692738775 0.9999338311907209 -0.021854717275067114
1611676773709351 1606417097502930 0.9991416000509612 -0.04045028792852081 -0.008935169756095908 -3.311722310942142 0.04037940295874716 0.999152583242603 -0.00797616579526039 -2.300502419853817 0.00925023614647765 0.007608522234845026 0.9999282691876635 -0.008496807374406069
1611676773812988 1606417097502930 0.9991305763916429 -0.04054563487843858 -0.009702722096050465 -3.3101291131643165 0.04046495389409013 0.9991458835576543 -0.008372029658876182 -2.2987151999424835 0.010033884099290562 0.00797213061635924 0.9999178797797937 -0.002579690095105706
1611676773916870 1606417097502930 0.9991305373887973 -0.04069089713238103 -0.009078554521545025 -3.3095047848274324 0.04061360022045786 0.9991384126173672 -0.008542125850507773 -2.2941088796245968 0.00941831931777054 0.008165986007524688 0.999922302948461 -0.0020686986060834186
1611676774020508 1606417097502930 0.9991397548143938 -0.040575531073185955 -0.008566016111799605 -3.312710887519883 0.040504151084419265 0.9991444946216472 -0.008348210386034859 -2.295876465907857 0.008897420908849084 0.007994069667440097 0.9999284628168773 -0.008297534309830195
1611676774124268 1606417097502930 0.9991432667892478 -0.04045161447047077 -0.008740670506772666 -3.3107410463421854 0.04037893169007148 0.9991496492423437 -0.008337883360647386 -2.301927135203078 0.009070518714169196 0.007977801081728752 0.9999270375283171 -0.015006023898935768
1611676774227905 1606417097502930 0.9991401494322419 -0.04036928660783002 -0.009448941515180326 -3.313367744343017 0.04028911109386492 0.9991516782979034 -0.008527091310327728 -2.2977207254011236 0.009785158366047073 0.0081390698315805 0.9999189998285003 -0.004108192767584089
1611676774331543 1606417097502930 0.9991294079203273 -0.040732071629611954 -0.009018013861252045 -3.3140172843018822 0.040654812367688475 0.9991363177926256 -0.008590966395409416 -2.295554891093535 0.00936015302169873 0.008216861506632079 0.9999224323528259 0.0011837649708326672
1611676774435181 1606417097502930 0.9991079667393894 -0.0411895381700067 -0.009310894032816213 -3.3210828962005103 0.04111197409849764 0.9991194544116079 -0.008373852544734836 -2.2995102186775704 0.009647610485151458 0.007983593555416654 0.9999215898488586 -0.012817631355339849
1611676774538941 1606417097502930 0.9991146102969461 -0.04105639132274542 -0.009185217863518126 -3.319092601308821 0.04097847205062408 0.9991237340694759 -0.008516387258043285 -2.301941275418225 0.009526821297940873 0.008132450742940573 0.9999215483831074 -0.006818400064707297
1611676774642578 1606417097502930 0.999134836139085 -0.04058742094245401 -0.00906865365030505 -3.3193691503424354 0.040511508841310856 0.999143733640817 -0.008403403010329364 -2.308489909313186 0.009401960922569536 0.008028747847185087 0.9999235682485023 -0.004928513368751973
1611676774746338 1606417097502930 0.9991380040866988 -0.04047929282835618 -0.009201937091139749 -3.3118744643156135 0.040401241484115925 0.9991472500869629 -0.008515417468775932 -2.3030281540728965 0.009538788217338475 0.008136307531158859 0.9999214029208013 -0.0017040607454440187
1611676774848633 1606417097502930 0.999126877642947 -0.04075253630253086 -0.009203975273323233 -3.317769197180055 0.040676002004948836 0.9991374569790098 -0.008354934283179113 -2.3051604557674863 0.009536521211345086 0.007973258486575763 0.9999227379714356 -0.005688239807160844
1611676774955200 1606417097502930 0.9991310070732103 -0.04068225683384656 -0.009065577104792331 -3.32054958119856 0.04060709786726167 0.9991405013804131 -0.008325989944812102 -2.3100809159977564 0.009396505315094878 0.007950627941706291 0.9999242437320921 -0.0034877315508854085
1611676775059204 1606417097502930 0.9991362462583653 -0.04059567534376847 -0.008874263946487347 -3.3188864699112908 0.04051936122375234 0.999141599797743 -0.008616549430676409 -2.30621543898516 0.009216440919771505 0.008249527347404605 0.9999234983314059 0.002271892038684113
1611676775160889 1606417097502930 0.999151154473849 -0.040306750078844954 -0.008505081782186993 -3.3192231493788507 0.040234694085736336 0.9991542743764577 -0.008479704685135796 -2.3130287650382515 0.008839678154059926 0.008130307362052114 0.9999278764952658 -0.007898014881374673
1611676775264893 1606417097502930 0.9991438300336635 -0.040571278848158115 -0.008098039438779212 -3.317955375554975 0.04050537094072519 0.9991461359840219 -0.00814333332351798 -2.306766542490831 0.00842151026130563 0.0078083471547226915 0.9999340517652303 -0.020932214701523337
1611676775368530 1606417097502930 0.9991290596952485 -0.04073967211609896 -0.009022260959803376 -3.3194863927816436 0.040665005630526406 0.9991382774887109 -0.008310221322365632 -2.3049993393418937 0.009353041966296091 0.00793609332292638 0.9999247666843475 -0.009270729304694117
1611676775472168 1606417097502930 0.9991321766982446 -0.04073078142516307 -0.00871188470934895 -3.3149399812878637 0.040657756972542695 0.9991378113483124 -0.00840123422666884 -2.3040036851240138 0.009046562256185586 0.00803973774853996 0.99992675848198 -0.01664779212384157
1611676775576050 1606417097502930 0.9991690632970084 -0.039811813863985475 -0.008729400409174911 -3.308212283258497 0.03974057332183163 0.9991764822998898 -0.008188043437572332 -2.2942716311470455 0.009048192454653258 0.007834328314720432 0.9999283741914523 -0.013026678480373333
1611676775679688 1606417097502930 0.9991642185819697 -0.039953345772390354 -0.008636809106323855 -3.3141338172783286 0.039888065740628316 0.999175228449376 -0.007602964492480107 -2.2977423544300573 0.008933449581128117 0.007252104466596839 0.9999337980383438 -0.007177226711819017
1611676775783447 1606417097502930 0.9991630115799206 -0.03991940078652539 -0.008928478921611284 -3.308266179527845 0.03984497839001306 0.9991708705891547 -0.008363555922915867 -2.2983850927268428 0.009254944198010002 0.00800080067375254 0.9999251637980069 -0.015863672598336546
1611676775887207 1606417097502930 0.9991394469260731 -0.04063378823946719 -0.008322310618822017 -3.312180265284624 0.04056669286205711 0.9991441763355232 -0.008078262777962752 -2.2983363210169268 0.008643438607494522 0.007733702385303523 0.9999327381461487 -0.010600588174818243
1611676775990967 1606417097502930 0.999155154445203 -0.040211390663823315 -0.008486542931571353 -3.3083878339205497 0.04014416936133222 0.9991622863652313 -0.007948029702867402 -2.2947412804633687 0.008799034966215556 0.007600629628549347 0.9999324014216727 -0.01693430658138327
1611676776094727 1606417097502930 0.9991435571743293 -0.04046909165365106 -0.008625820669452765 -3.3076139981619574 0.04040058161140349 0.9991517440389447 -0.007974045012475872 -2.2904475014941217 0.008941206124091168 0.007618727526894793 0.9999310025316336 -0.00958158855600819
1611676776198364 1606417097502930 0.9991376894012564 -0.04060915310956008 -0.008647213777179828 -3.313257800342862 0.040540087002555895 0.9991457414691303 -0.008018020603154517 -2.300618515427173 0.008965431847331519 0.007660547780133787 0.9999304661022682 -0.011960848350889865
1611676776302124 1606417097502930 0.9991446326210447 -0.04043454331117037 -0.008663187418046732 -3.3041242032518943 0.04036570439254879 0.9991531146530843 -0.007978934289698406 -2.2947963641362144 0.00897847525565853 0.007622413707157047 0.9999306404903096 -0.0059290039844857355
1611676776405762 1606417097502930 0.9991460492843288 -0.04038652525525869 -0.008723576204131922 -3.3118359181771084 0.040318935059769655 0.9991564959732593 -0.007789739055306351 -2.299682006946434 0.009030818325544991 0.007431361699585246 0.9999316072530468 -0.011727294216174038
1611676776509400 1606417097502930 0.9991179391275293 -0.041110658795699535 -0.00855905668911508 -3.3149442042492887 0.0410426149384289 0.9991255341810505 -0.007979392891161624 -2.296589909430103 0.008879610185123553 0.0076210685129617034 0.999931533575015 -0.014170440996104691
1611676776613159 1606417097502930 0.9991456968529191 -0.04045584392202466 -0.00843807782122043 -3.311463348984379 0.04038460446224108 0.999148488317918 -0.008448788014457836 -2.297099375621896 0.008772695548604928 0.008100801753018387 0.9999287058704586 -0.008441465197998614
1611676776716797 1606417097502930 0.9991272391923797 -0.04088626683267658 -0.00854828010573581 -3.317329845691331 0.04081391403099835 0.9991308317200077 -0.008473814514215373 -2.3013319873615106 0.008887312853118372 0.008117530131649823 0.9999275580634893 -0.011228808450159621
1611676776820557 1606417097502930 0.9991392791552287 -0.04052084466717174 -0.008874795833969065 -3.3083222808146537 0.04044676717963905 0.9991466098248913 -0.008373237403058698 -2.296827168586361 0.009206512822548387 0.008007073582206422 0.9999255606765424 -0.0114406618397959
1611676776924072 1606417097502930 0.9991536224702496 -0.04012606390724539 -0.009051944783024667 -3.3089662841862926 0.04004828564220692 0.9991605966917779 -0.00861608032204233 -2.2967256226213615 0.009390075940239228 0.008246272994956748 0.9999219096787156 -0.0034489854883966134
1611676777027832 1606417097502930 0.9991234047103712 -0.04082765659527986 -0.009247952279238794 -3.307158724373248 0.040748519276096726 0.9991325090073547 -0.008589972406195624 -2.291080144274075 0.009590638207477806 0.008205602115113014 0.9999203407035493 -0.010247718031072005
1611676777131470 1606417097502930 0.9991491746081269 -0.0403555815172879 -0.008506111024762564 -3.306682848092986 0.04028408624362657 0.9991528283028909 -0.008415348734040378 -2.2951124010448156 0.008838511180063159 0.00806552783151858 0.9999284114279978 -0.006350048692220035
1611676777235230 1606417097502930 0.9991378724878854 -0.040575345001315315 -0.008783686177897604 -3.3096603896894576 0.04049993043747647 0.9991425312914537 -0.008599872297400763 -2.305311452680203 0.009125097227268278 0.008236719431684632 0.999924441672268 -0.006233382360646596
1611676777338867 1606417097502930 0.9991247263396619 -0.040693461787305894 -0.00968624741198694 -3.3099644831159805 0.0406092635710508 0.999136911364926 -0.008736135578063072 -2.2956643916839146 0.01003339092122138 0.008335137694512038 0.9999149246542107 -0.010355858566704864
1611676777442627 1606417097502930 0.9991392153067163 -0.04061745674057006 -0.00842915468315274 -3.302420921965411 0.040546729815109546 0.9991423452497366 -0.008398609088545231 -2.2938609006679807 0.008763055519913422 0.008049605036871387 0.9999292038523055 -0.012158169798689994
1611676777546387 1606417097502930 0.9991246495397168 -0.040854211669460246 -0.00899266787280742 -3.3102230381036257 0.04077615678716845 0.9991304420368966 -0.008698553746996174 -2.2968296886943955 0.009340220782826165 0.008324253028834841 0.9999217304805613 0.005855636625971205
1611676777648682 1606417097502930 0.9991253932201997 -0.04083649966700749 -0.008990490642540056 -3.315836909427525 0.040764933136723074 0.9991367003071472 -0.008004644287547632 -2.3028006394018687 0.009309610808491903 0.007631146621457355 0.999927545749109 -0.007750527867712784
1611676777755127 1606417097502930 0.9991453902278752 -0.04027108464058354 -0.009312836985758303 -3.310212502144525 0.040198670098662216 0.9991609758973137 -0.007836527974311504 -2.303418336382095 0.009620608772383181 0.007455467139235364 0.9999259272049029 -0.0013434093318417798
1611676777853027 1606417097502930 0.999157400412486 -0.0402077157692664 -0.008235824066004118 -3.313687755091337 0.04014115126411164 0.9991612340393041 -0.00809421847446433 -2.3081237958993572 0.008554366172895784 0.0077568028296810905 0.9999333251918558 -0.01687129762363655
1611676777961060 1606417097502930 0.9991406562042252 -0.04042134804830677 -0.009168628371435358 -3.3219934717632964 0.04034872871566557 0.9991538572201355 -0.007971806421388066 -2.3130480944491345 0.009483101564649076 0.00759501340012798 0.9999261905541662 -0.003257894504633009
1611676778065308 1606417097502930 0.999107422556216 -0.041267539070040625 -0.009019335709625934 -3.3196229019654258 0.04119533831605413 0.9991186864704521 -0.008049500049684112 -2.3008773855050677 0.009343569904811291 0.007670760661544772 0.9999269258962414 -0.009609738226754101
1611676778168823 1606417097502930 0.9991314863502249 -0.040766457776164694 -0.008623740977104664 -3.3147423966996397 0.040694674344510656 0.9991368059644584 -0.008341849411243827 -2.297019843284292 0.008956364667107754 0.007983664070453301 0.9999280197294005 -0.013091068621276765
1611676778272461 1606417097502930 0.9991395166053463 -0.04058014410388856 -0.008571946488876775 -3.30729069860377 0.040509032502161625 0.9991445924348952 -0.008312743127973823 -2.292571717818778 0.008901946295014406 0.007958348891605729 0.9999287074762283 -0.02016499488788597
1611676778376221 1606417097502930 0.9991314002821298 -0.04066876737392974 -0.009082749309602536 -3.3042441878049735 0.04059666150205119 0.9991436934661012 -0.00798691969852668 -2.290026631259815 0.009399789871255624 0.007611252963082953 0.9999268537141647 -0.016253002572913046
1611676778480103 1606417097502930 0.9991491541371783 -0.04031487875062536 -0.00869933001725145 -3.3084175455471847 0.04024644356967638 0.9991585255545106 -0.007903454699997932 -2.2911555084102813 0.009010636571270401 0.0075466129836143 0.9999309261449294 -0.01495441308635142
1611676778583740 1606417097502930 0.9991446325539759 -0.04034509551998723 -0.009070640028627716 -3.3124559121346593 0.040270478421108355 0.999154642530392 -0.008263708741544081 -2.295492479620867 0.009396372213831375 0.00789136122054701 0.9999247144696977 -0.011516171237170853
1611676778687500 1606417097502930 0.9991460775193598 -0.040430797214615594 -0.008512720994696332 -3.310328616231627 0.04036035724097678 0.9991507979504354 -0.008290025503841782 -2.298501775923622 0.008840664314610338 0.007939370004242541 0.9999294020371701 -0.014026302839683301
1611676778791138 1606417097502930 0.9991522382865466 -0.04030713140847056 -0.008374956063749373 -3.315252798387176 0.04023749205348529 0.9991554734213948 -0.008323711298434948 -2.297708669584941 0.008703388115851632 0.007979667546601083 0.9999302855405225 -0.013705122655256799
1611676778894898 1606417097502930 0.9991517306236936 -0.04021160710942312 -0.008879518557958915 -3.3105469906197316 0.04014040741147412 0.9991615713378679 -0.008056181412383583 -2.298937308226283 0.009196025716830447 0.007692920107850113 0.9999281234624967 -0.019838658683614868
1611676778998535 1606417097502930 0.9991410479452694 -0.04060650048707204 -0.008263076514710418 -3.31137772082164 0.04054138818752475 0.9991466244867362 -0.007900545870686363 -2.30005516912957 0.00857683852727555 0.007558763087954273 0.9999346493353741 -0.024587731866051635
1611676779102295 1606417097502930 0.9991433456099711 -0.04044358975740439 -0.008768749928818006 -3.307162364160654 0.040371240639253396 0.9991504697236058 -0.008276580502298608 -2.29610600610331 0.009096035236676115 0.007915485019777483 0.9999273009773636 -0.011326070199090954
1611676779205811 1606417097502930 0.9991450810147413 -0.04036990402144906 -0.008909429712980607 -3.29930398644963 0.04029377441844276 0.9991511651651687 -0.008565097586534825 -2.2878982494655684 0.009247639246163874 0.008198780570927362 0.9999236276663948 -0.004631266594790624
1611676779309448 1606417097502930 0.9991311996130856 -0.04074132442135974 -0.008774420127591958 -3.3085441280546117 0.04067215403119292 0.9991411363123848 -0.007922475580593027 -2.293079181638378 0.009089656244593451 0.00755871796376257 0.9999301195244095 -0.012307741810735085
1611676779413086 1606417097502930 0.999122304458755 -0.041131781278775315 -0.00792447514521006 -3.306177150184162 0.041071553838187384 0.9991271604057799 -0.007618714410266064 -2.292959814719412 0.008230929644270062 0.007286556991015996 0.9999395771167416 -0.017752585458878613
1611676779516846 1606417097502930 0.9991562674933403 -0.04023160926257124 -0.00825655796236851 -3.3027014865093136 0.04016196466820138 0.99915758422715 -0.00843436303589995 -2.2896917641390875 0.008588930505731366 0.00809564710044993 0.9999303429593448 -0.012444754258224104
1611676779620606 1606417097502930 0.9991310829577821 -0.04063184273628075 -0.009280755784385876 -3.3103256909172063 0.04054634706866778 0.9991351026155687 -0.009221738731374614 -2.29706277591756 0.00964742512084916 0.008837425060319051 0.9999144098905872 -0.0038100153167575663
1611676779724121 1606417097502930 0.9991813240411574 -0.03950980201060189 -0.008698116859863802 -3.3032552859739615 0.03943599534633505 0.9991859496795882 -0.008499425769366017 -2.295650352843361 0.009026846784378373 0.008149448597798984 0.9999260485279317 -0.01378636164479034
1611676779827881 1606417097502930 0.9991430904801623 -0.04052060370394722 -0.00843596027036604 -3.312467169725068 0.040454493636112886 0.9991504252942837 -0.00786521349763577 -2.3050583250736643 0.008747496491067023 0.007517201220225273 0.9999334842833065 -0.023319336158755175
1611676779931641 1606417097502930 0.9991322047684746 -0.04076705848747597 -0.00853723264477678 -3.305189239628055 0.04069937404209065 0.9991397511243374 -0.007957303578757347 -2.299357327578582 0.00885428436037089 0.007602938243944786 0.9999318961701965 -0.021707648096783338
1611676780035278 1606417097502930 0.9991318949363442 -0.040720319093425765 -0.00879273212972403 -3.3138820730131595 0.040650994194176844 0.9991419836206611 -0.007924218703513711 -2.2969752665515326 0.009107864535690435 0.007559906346358416 0.9999299448559554 -0.02845497328794301
1611676780138916 1606417097502930 0.9991427695949439 -0.040399599888482456 -0.009033177705603619 -3.304619196500927 0.04033130524905662 0.9991573133734881 -0.007618986392320998 -2.295117016645755 0.00933336956934091 0.007248135318099952 0.9999301739356068 -0.027943243632754237
1611676780242798 1606417097502930 0.9991315478885364 -0.040595634828965214 -0.009388527635146027 -3.310108989006429 0.040519532127016755 0.9991454345428092 -0.00815893086955122 -2.301143668014147 0.009711721501888529 0.007771426481655249 0.999922640705725 -0.0015284420048403162
1611676780346436 1606417097502930 0.999144947900407 -0.04036905691893418 -0.008928176355466819 -3.308666643199871 0.04029790753834936 0.9991555993252385 -0.008010430045877785 -2.301348994810861 0.009244010903774401 0.007643793885572683 0.9999280577508795 -0.008866679561055595
1611676780448853 1606417097502930 0.9991362086529826 -0.040593167679880665 -0.008889955046123487 -3.3083710656489638 0.04051960568139307 0.9991442344773904 -0.00830423208244947 -2.301781238972801 0.009219442414452397 0.007936841485621071 0.9999260014765088 -0.0057619516317060065
1611676780555420 1606417097502930 0.9991548477466451 -0.04018751114101023 -0.008634476077635365 -3.316606139151857 0.04011978579781022 0.9991638148158021 -0.007878702604943817 -2.308591354093115 0.008943881505358867 0.0075256305709558696 0.9999316836004988 -0.014472936702852636
1611676780655029 1606417097502930 0.9991390813413481 -0.040642434810527754 -0.008323979427214082 -3.3168195737397537 0.040579013968161444 0.9991470365715618 -0.007651335837846703 -2.3062941658022305 0.008627848295167453 0.007306969782596386 0.9999360821704516 -0.01945403607413294
1611676780761353 1606417097502930 0.9991626693609035 -0.03995986678594821 -0.008784600532105554 -3.3099198313610723 0.039891115684787676 0.9991730623459103 -0.007867043674971643 -2.3071085355589154 0.009091702232380226 0.007510028842175835 0.9999304677912898 -0.01472942943661017
1611676780865112 1606417097502930 0.9991560923930205 -0.04020764076690719 -0.008393370141653329 -3.313680739300228 0.040138061122529524 0.9991596701413724 -0.008299976914040243 -2.3025991789399294 0.00872003943222266 0.007956078896597274 0.9999303284333824 -0.01393628088902145
1611676780968750 1606417097502930 0.9991438058927536 -0.04051640270235779 -0.008371156590899617 -3.3107519124213196 0.040451833324821156 0.9991514809223866 -0.0077438592270267954 -2.301666225542129 0.008677806823723747 0.007398600349221715 0.9999349760767462 -0.016911386672891958
1611676781072510 1606417097502930 0.9991445811316195 -0.04047148760847695 -0.008494980314462525 -3.3120647728437618 0.04040419986646408 0.9991518012346017 -0.007948504718960274 -2.294096060976594 0.008809462692867382 0.007598472535544054 0.9999323260012098 -0.01755819880777154
1611676781176148 1606417097502930 0.9991329360716935 -0.04064061384112364 -0.009039721668226247 -3.3069022836375996 0.040565587129567635 0.9991421226911825 -0.00833377522237024 -2.2925020931947953 0.00937065643675921 0.007959847689511051 0.9999244129546515 -0.006525668780720401
1611676781279907 1606417097502930 0.9991203590505974 -0.04100554314902161 -0.00877801606996495 -3.3061269527347665 0.04093716577932395 0.9991310220584433 -0.0078325744728045 -2.293113051959114 0.009091567138121735 0.0074663375204725765 0.9999307962109196 -0.007127583632007886
1611676781383667 1606417097502930 0.9991431814678761 -0.04034206952241108 -0.009242313420633775 -3.305125892432553 0.04026070499605123 0.9991502217250563 -0.008826667800316474 -2.293671034534501 0.00959054554950887 0.008447002893640233 0.9999183314542133 0.007137716551133566
1611676781487305 1606417097502930 0.9991503502141059 -0.0401632713998162 -0.009246042502586389 -3.3021871458362626 0.04008600313842474 0.9991609587636293 -0.008395882288166583 -2.287047904219871 0.00957549079061266 0.008018111839783447 0.9999220068878593 -0.007327958396429777
1611676781590943 1606417097502930 0.9991623251406755 -0.03999216662990544 -0.008676095446131644 -3.3026505433953424 0.03992437484773963 0.9991718598829088 -0.007851032773566514 -2.289569443918629 0.00898289023431025 0.007498068473969497 0.9999315409827806 -0.01938650317550202
1611676781694580 1606417097502930 0.9991747333386761 -0.03958396626150943 -0.009108341070621686 -3.307429252226688 0.03950960074238649 0.9991855060447015 -0.008204630633766336 -2.2918840308524633 0.009425694204050972 0.007837992706492568 0.9999248582564118 -0.012508548443945607
1611676781798340 1606417097502930 0.9991562086244501 -0.04016960205514044 -0.008560014159545989 -3.3105805140085804 0.04010178972225993 0.9991639591832798 -0.00795167496382224 -2.2996697109999933 0.008872273257265651 0.007601693521203938 0.9999317461821374 -0.01659424937156014
1611676781901978 1606417097502930 0.999150178518813 -0.0402828293189502 -0.008730087763019442 -3.3069901176179193 0.0402131234484007 0.9991589524641085 -0.008018255284958479 -2.3020030647493037 0.009045743353277777 0.007660377102428922 0.9999297441069726 -0.015349588503582956
1611676782005615 1606417097502930 0.9991435219790834 -0.04043869018783639 -0.008771250058603224 -3.309082509501903 0.04036835853294009 0.9991524166744119 -0.00805257024211576 -2.2955696120749245 0.009089451086525382 0.00769159242552658 0.9999291081296241 -0.010750638431094105
1611676782109375 1606417097502930 0.9991244410612312 -0.04095265561382231 -0.008557527488913039 -3.3133879682636707 0.04087668126335361 0.99912480877101 -0.008872059042427544 -2.2969416198397354 0.008913372394443033 0.008514487708241968 0.9999240247596937 0.00030026760592415336
1611676782213135 1606417097502930 0.9991100479755145 -0.041176924242276085 -0.0091418241492902 -3.3127462795477403 0.04109898836882129 0.9991184500886278 -0.008555457440907563 -2.2975171273854027 0.009486052597902684 0.008172123769837912 0.9999216125273024 -0.0002776985607576877
1611676782316651 1606417097502930 0.999112791798113 -0.041132664714863064 -0.009040639540466536 -3.317477104271452 0.041055500182630086 0.9991201873808293 -0.008561371228734774 -2.296871703626448 0.00938483748394354 0.00818260753163824 0.9999224818751619 0.006516817662059291
1611676782420410 1606417097502930 0.9991053977804393 -0.04113340075993952 -0.009820767402683417 -3.3125973449960777 0.04104871957388176 0.999119494580395 -0.008673994191054182 -2.296641563794006 0.010168911042987996 0.008263104489466877 0.9999141534913867 0.0035651748392918833
1611676782524170 1606417097502930 0.9991196060594129 -0.04081616982362055 -0.009698096363646451 -3.312508553428914 0.04073425515759297 0.9991338681542242 -0.008499056912319522 -2.2958585186198808 0.01003659548379394 0.00809652966227543 0.9999168530225515 -0.005081184982743803
1611676782627930 1606417097502930 0.9991442136237624 -0.040270060471582936 -0.009442595841939808 -3.307574183545622 0.04019075661387808 0.9991563526603079 -0.008443105223806948 -2.2920379518361544 0.009774633978986775 0.008056374658078675 0.9999197724607439 -0.0062839888775402175
1611676782731690 1606417097502930 0.9991500308847201 -0.0403101523831818 -0.008620174149801964 -3.3074508834434857 0.040239926749720316 0.9991566388674857 -0.008170636858372748 -2.3022430566721703 0.008942263846777205 0.007816816893015638 0.9999294641578255 -0.007186018867270565
1611676782835327 1606417097502930 0.9991291030750015 -0.04082072501449275 -0.008643136137976088 -3.313831146745017 0.04074773049511937 0.99913365426556 -0.008459514046967173 -2.303901683185361 0.008980971690498208 0.008099958500195719 0.9999268637354384 -0.0033846837741501544
1611676782938965 1606417097502930 0.9991459805214126 -0.04047705277978169 -0.008301675170313022 -3.3101943038695825 0.04041003962400931 0.9991504524458574 -0.00808715520377855 -2.303523662912073 0.008621966710479158 0.0077447775931128865 0.9999328377996579 -0.012474886311965508
1611676783042847 1606417097502930 0.9991422215329322 -0.04039285884321585 -0.009123492158958106 -3.31290186399145 0.0403195755988206 0.9991541778324997 -0.008078412459013631 -2.3041835716211074 0.00944208548115819 0.0077036276389126175 0.9999257478147904 -0.01797402887458503
1611676783146485 1606417097502930 0.9991165748042214 -0.04112641603448888 -0.008642213842759825 -3.314291456015823 0.04106210172145209 0.9991285064817963 -0.00749208529967218 -2.302213357416682 0.008942804826393173 0.007130599138823645 0.9999345882595315 -0.031217217390458716
1611676783248901 1606417097502930 0.9991417781947424 -0.04050170588857411 -0.00867864565638724 -3.3107708833798477 0.0404348378089815 0.9991521470335692 -0.007746675030979322 -2.2999758383081153 0.008985040994621888 0.007389107036015361 0.9999323327783414 -0.02358018026858267
1611676783354859 1606417097502930 0.9991576536240185 -0.040102756864575886 -0.008703568283867329 -3.3017300912435683 0.040033256379002784 0.9991661786836005 -0.008017840293367872 -2.2959727858714296 0.009017848562947307 0.0076626543141162145 0.9999299786165822 -0.02102791752819199
1611676783456543 1606417097502930 0.9991484549766806 -0.040186575286121795 -0.009349015400053458 -3.3032267756723637 0.04011088604198132 0.9991620175415362 -0.008147363237239932 -2.297306337124136 0.009668595715239446 0.007765428099288468 0.9999231052352627 -0.009093634262004735
1611676783560913 1606417097502930 0.9991592368295076 -0.03991054984563569 -0.009379097705027333 -3.307887838823138 0.03983610725748761 0.9991742471455425 -0.007994273211113444 -2.3046188534998917 0.009690408727775298 0.007613925178449774 0.9999240591775287 -0.014011567290069724
1611676783665283 1606417097502930 0.9991358470523235 -0.04051982899925528 -0.009257569733615538 -3.311919266757175 0.04045240167648865 0.9991543720011182 -0.007358268418630168 -2.3009713563857774 0.00954789705147938 0.006977418819858525 0.9999300741994447 -0.02211069713360627
1611676783768799 1606417097502930 0.9991472925181003 -0.04029119146652593 -0.00901708092582867 -3.3146188638153418 0.040224524288875484 0.9991628428788313 -0.007456611864058613 -2.303749881247188 0.009309967988605018 0.0070875457646009336 0.9999315432523799 -0.010819801787565609
1611676783872315 1606417097502930 0.9991175576094585 -0.04087057076915555 -0.009680006507193927 -3.308611936084803 0.040789667925978 0.9991323378511162 -0.008412755500839553 -2.2941085192755417 0.010015441650984976 0.008010487477796733 0.9999177581275893 0.0029606891919268987
1611676783976074 1606417097502930 0.9991571039486562 -0.040079865227437984 -0.008870515021708204 -3.3047031279917447 0.040006061398197366 0.9991645734753758 -0.008346865737477177 -2.294991353462684 0.00919764561198105 0.00798495582869605 0.9999258191464058 -0.011391306923356657
1611676784079834 1606417097502930 0.9991311716019488 -0.0407677634571757 -0.00865398177041503 -3.3128005583087434 0.04070081581898038 0.999141118416237 -0.007776187117491264 -2.297581506325793 0.008963566781830792 0.007417206827140009 0.999932317466253 -0.01387659545888042
1611676784183472 1606417097502930 0.9991604535490312 -0.040040521384062985 -0.008668605161860842 -3.303082191143809 0.03997108021394731 0.9991684817582136 -0.008041008144625772 -2.292539666282895 0.00898336321708218 0.007687763832490781 0.999930096293019 -0.015763558343832744
1611676784287354 1606417097502930 0.9991636891851489 -0.03994427744296368 -0.008739388877282676 -3.3048365031146507 0.0398755249531111 0.9991733873537909 -0.007904714930369997 -2.2961343265495704 0.009047912914182613 0.007549616412517528 0.9999305668714811 -0.023455501331322112
1611676784390869 1606417097502930 0.9991559181279278 -0.040118349636325004 -0.00883002247227897 -3.3091880066213366 0.040046594654091286 0.9991645062663523 -0.008158411523866031 -2.300149664300852 0.009149947049806467 0.007797912825842542 0.9999277329010066 -0.018745279609622
1611676784494629 1606417097502930 0.9991461199948372 -0.04027540952667452 -0.009215329141507165 -3.307479914275069 0.04019758719637111 0.9991557668826017 -0.008479828612403643 -2.2957172428576422 0.009549077825517446 0.008102153859577198 0.9999215820330704 -0.014220400803619113
1611676784598389 1606417097502930 0.9991276381665452 -0.04079201777952777 -0.008942815087057483 -3.3134233207022468 0.04071514677311075 0.9991336475350748 -0.008615752489848945 -2.299467753487455 0.00928652138589264 0.008244128407357557 0.9999228944610443 -0.007522101843599097
1611676784702026 1606417097502930 0.9991253096925721 -0.04084562884599751 -0.008958244267858686 -3.316219513916769 0.04077322113027256 0.9991354165308322 -0.008121814876504022 -2.3015916609375586 0.009282239753932775 0.00774945432926313 0.9999268903188621 -0.00884230352078103
1611676784805786 1606417097502930 0.9991066303731055 -0.04131874017432679 -0.008871463203483667 -3.320201962902595 0.041243983738467084 0.9991133685952795 -0.008450473598557487 -2.297989753294465 0.009212760408549849 0.008077029717992758 0.9999249405013306 -0.008661288411189261
1611676784909546 1606417097502930 0.9991098058951534 -0.041182285531773194 -0.009144130740196202 -3.315107916014582 0.041103677426976355 0.9991176652565003 -0.008624307441439378 -2.2952593563569126 0.00949123124749099 0.00824077273348309 0.9999209999765792 -0.004382763587938731
1611676785013184 1606417097502930 0.9991126071035071 -0.04113920763560682 -0.009031274905167037 -3.308952206818224 0.04105822855482663 0.9991164362796948 -0.008976002905945763 -2.2910093136364162 0.009392560845577267 0.008597229515511114 0.999918930436573 -0.0011937167964462272
1611676785116821 1606417097502930 0.9991302669541363 -0.04075389741230558 -0.008822103282612313 -3.309248681974244 0.040681602812001026 0.9991383091967118 -0.008224736630920168 -2.2945723002647567 0.009149691430227343 0.007858686003951506 0.9999272594549182 -0.010014652439728816
1611676785220581 1606417097502930 0.9991118808319583 -0.0411068683186507 -0.009256077026761173 -3.31496756313697 0.04102401924399538 0.9991178994081793 -0.008969555826301627 -2.2978152873689983 0.00961662258594501 0.00858186830975457 0.9999169326030808 -0.004655161055816599
1611676785324219 1606417097502930 0.9991156139601802 -0.041069707196706357 -0.009014937393810343 -3.3145463933024106 0.04099319927290584 0.9991231533731364 -0.008513636799710466 -2.2996517579494333 0.00935668524688752 0.008136556333141294 0.9999231214909617 -0.012769707116799865
1611676785427979 1606417097502930 0.9991433660967992 -0.040399383148075514 -0.008967933456380285 -3.3071550790650095 0.04032518216768405 0.9991520837392702 -0.008306217375120162 -2.2987577113109507 0.009295895458005415 0.007937468437395342 0.9999252886703284 -0.020522162685882188
1611676785531738 1606417097502930 0.9991440827631185 -0.040335809884541794 -0.009171931359881876 -3.315774916005391 0.04025623827567813 0.9991515059187251 -0.008700776097628855 -2.299524483618393 0.00951510188090983 0.0083241014991025 0.9999200828918423 -0.014149778843279733
1611676785635376 1606417097502930 0.999136673483336 -0.04051832873808725 -0.009174570365497466 -3.3138315844413624 0.04043762604252514 0.9991431588962262 -0.008817393910959119 -2.307601108155754 0.009523975281575016 0.008438783775428263 0.9999190371341211 -0.001909868811544071
1611676785739136 1606417097502930 0.9991396725301855 -0.04048626725056443 -0.008987599504607556 -3.3084226019539056 0.04041037030822004 0.9991472541059059 -0.008471516313300538 -2.2992396495899734 0.009322915439489207 0.008101035810923989 0.9999237253243363 -0.011918073010342657
1611676785842774 1606417097502930 0.999129652426728 -0.04074991701601701 -0.008909652591369487 -3.305497025557757 0.04067770611422048 0.9991391521073145 -0.008141188858363596 -2.2969989201943597 0.009233735506081048 0.007771678964688307 0.9999271669150078 -0.019883158079319032
1611676785946533 1606417097502930 0.9991316199077319 -0.04060895177013231 -0.009323043556050608 -3.3088912317448993 0.0405272787212203 0.9991397828317826 -0.008788290321553831 -2.3011113040829234 0.00967190697171198 0.008402821160448595 0.999917920037478 0.00378181036940412
1611676786048706 1606417097502930 0.9991425841698005 -0.040462670675904845 -0.008767484515621595 -3.3126285761649226 0.040389059004847135 0.99914858107947 -0.00841646268037361 -2.301146216204661 0.00910057227109123 0.008055135822593653 0.9999261444582888 -0.0036046449673262965
1611676786156372 1606417097502930 0.999158689298335 -0.0400932768291059 -0.008628021627436144 -3.303269259893669 0.040020990986428424 0.9991635830426934 -0.00839372421612502 -2.300876516118275 0.008957336912443216 0.008041360510314883 0.9999275486936944 -0.003402144402914968
1611676786256470 1606417097502930 0.9991617555024542 -0.04010529050841067 -0.008206827581673936 -3.31535556466488 0.040040241103018674 0.9991664982494133 -0.007942787475613583 -2.3143481180523735 0.008518534975654878 0.007607526122638857 0.9999347779271217 -0.020374965849785744
1611676786362183 1606417097502930 0.999167379790969 -0.03987355223643252 -0.008639849429459362 -3.3091988420457286 0.039802474776274445 0.9991735235257685 -0.008248205335125595 -2.303835816908025 0.00896159404343194 0.007897450323670847 0.9999286575104177 -0.010464168897902434
1611676786465454 1606417097502930 0.9991569846215231 -0.04009747552612991 -0.008804120792115323 -3.307707117193399 0.04002894090050985 0.9991678619555359 -0.007827357795075778 -2.300980553067175 0.009110651835858123 0.0074683395811964695 0.9999306075558574 -0.013176166613235086
1611676786568604 1606417097502930 0.9991284011838457 -0.040802518285922705 -0.00880865788896196 -3.305486477852662 0.040735162173625036 0.9991403454016466 -0.007695242545395069 -2.2912702702292234 0.00911507076035513 0.007329713273447267 0.9999315930544265 -0.020466770948059623
1611676786672241 1606417097502930 0.9991198068468178 -0.041033050867404545 -0.008712078245515207 -3.3145233123522546 0.04096640400681951 0.9991308895801518 -0.007695403432562328 -2.2991468619414133 0.009020272368006904 0.007331727473988824 0.9999324379470117 -0.019262239443718833
1611676786776123 1606417097502930 0.9991343874321849 -0.04073438028938949 -0.008437186581883251 -3.3108762754466423 0.0406621590221215 0.9991362712373243 -0.008561560961712702 -2.2914300577700146 0.008778649021222018 0.008211075744433942 0.9999277541685108 -0.007493105767611863
1611676786879761 1606417097502930 0.9991225188620967 -0.04098752667049428 -0.008614810767535086 -3.306343715498601 0.04091461805090593 0.999126697566287 -0.008475626495977993 -2.2915324457072392 0.008954682399358867 0.008115717601443213 0.9999269717289061 -0.012524679414429345
1611676786983521 1606417097502930 0.9991383398055859 -0.040645871562314 -0.008395895422353293 -3.3074498760453785 0.04057677765274663 0.9991424280188412 -0.008242187355299666 -2.2901974789811184 0.008723706226298894 0.007894407008774544 0.9999307852484878 -0.014776269679980952
1611676787087402 1606417097502930 0.9991371160176893 -0.04070794546360897 -0.008239331068215167 -3.3139930119973178 0.04063944255409328 0.9991392567048685 -0.008317537171609204 -2.2962171760405767 0.008570828968796108 0.00797551828036285 0.9999314636508582 -0.005833906245556911
1611676787191040 1606417097502930 0.999136074459904 -0.04063021288134123 -0.008734444374752532 -3.3126845121102346 0.04055687533008031 0.9991417897242032 -0.008415693354796255 -2.2973199274783145 0.00906887979736595 0.00805418105076709 0.999926440087881 -0.005113779047697708
1611676787294678 1606417097502930 0.9991318205954322 -0.040751070244498915 -0.008657675903519655 -3.31252308908958 0.04067858670786532 0.9991370615171874 -0.008389570353496986 -2.29496344193046 0.00899208883258725 0.008030104681355036 0.9999273272379516 -0.005224489567977316
1611676787398560 1606417097502930 0.9991450464115784 -0.04038774220638263 -0.008832129705841182 -3.316106914939749 0.04031242660615695 0.9991505808169998 -0.008545473576138498 -2.3029146988874887 0.009169759909246365 0.008182123012278757 0.9999244813315749 -0.004356378825170384
1611676787502197 1606417097502930 0.9991352459093068 -0.040574982424909 -0.009079162264917071 -3.3137296964742258 0.04050116659264776 0.9991460755219314 -0.008171614174878765 -2.301652272126334 0.009402972447526537 0.007796831074662992 0.9999253939841435 -0.004911284000765264
1611676787605835 1606417097502930 0.9991290574385984 -0.040728703584489316 -0.009071895648116331 -3.312120575736765 0.04065496129491284 0.9991398427252318 -0.008169994221164316 -2.299051598637557 0.009396845663978476 0.007794061059007638 0.9999254731747642 -0.008173107227331545
1611676787709473 1606417097502930 0.9991522702307545 -0.04018693176221135 -0.00893036464732337 -3.307510691402013 0.04011769263255936 0.9991645030749983 -0.007801700916904687 -2.2975617464370153 0.009236429777477594 0.007436821558752079 0.9999296885531849 -0.018992437467283654
1611676787813233 1606417097502930 0.999133822963869 -0.04076270883041829 -0.008366921947544171 -3.312741940668687 0.04070066934954884 0.9991435658363509 -0.007455894767631736 -2.30462326603728 0.008663678697207558 0.007108897319123872 0.9999372001532586 -0.024595651185270614
