1611676772951936 1606417097528152 0.9990534218796698 0.04350011762839673 -1.141703762381792e-06 -3.9171128697281596 -0.043500117622256924 0.9990534202325486 -5.7384330803484416e-05 -0.8897795792274509 -1.355602091275473e-06 5.7379676299321315e-05 0.9999999983528676 -4.622421596795651e-06
1611676773201935 1606417097528152 0.9989181750834008 0.04650245213963743 3.791456908576973e-05 -3.911028597391149 -0.04650244903016302 0.9989181728128061 -7.913903388704342e-05 -0.8856390776333863 -4.1553711209758675e-05 7.729029899172462e-05 0.9999999961497493 -0.000827038177395171
1611676773451943 1606417097528152 0.9989573339739718 0.04565352935472005 1.2709750622368657e-05 -3.9114324679472445 -0.04565352825098292 0.9989573311639942 -7.665775750158821e-05 -0.8918532865815892 -1.6196195743811095e-05 7.599758410293884e-05 0.9999999969810253 -0.00018751413127095402
1611676773701941 1606417097528152 0.9988539947575358 0.047861227889733494 5.1249587859843835e-06 -3.906691275820096 -0.04786122758800998 0.9988539936220863 -4.8202107122069614e-05 -0.8855721921975848 -7.426097584247269e-06 4.790158043566777e-05 0.9999999988251458 -0.00011947340492414563
1611676773951325 1606417097528152 0.9987812499051785 0.04935600098818609 2.9612793571879823e-06 -3.9035768899233183 -0.04935600091013224 0.9987812496642449 -2.2310389048313098e-05 -0.8835467295585834 -4.058821880883485e-06 2.2137041352846997e-05 0.9999999997467387 -0.00014367609031055908
1611676774201323 1606417097528152 0.9988541147209647 0.04785872447784814 -9.037075358204174e-07 -3.8998064998142774 -0.0478587244863201 0.9988541145716233 -1.7272694055781143e-05 -0.8849467718691825 7.602288471765102e-08 1.7296151819867762e-05 0.9999999998504187 -1.276648812654951e-05
1611676774451325 1606417097528152 0.9987697888386218 0.049587386470093704 3.284249575602576e-06 -3.889313667291705 -0.049587386476409825 0.9987697888419562 1.870420223055624e-06 -0.8767016162577412 -3.1874600046596186e-06 -2.0309765642066017e-06 0.9999999999928576 -0.00014407749842609716
1611676774701327 1606417097528152 0.9988776901274111 0.04736412314930052 2.9139608862415363e-06 -3.9009539693243664 -0.047364123206237375 0.9988776898335233 2.4294295556494428e-05 -0.8821608574275165 -1.760012511746904e-06 -2.440504703112339e-05 0.999999999700648 -9.18065913375147e-05
1611676774951959 1606417097528152 0.9989872840621882 0.04499340267831582 1.394767582368627e-06 -3.9007405830665673 -0.04499340269456857 0.9989872839418087 1.5524098846561936e-05 -0.8803820537663025 -6.948730482176057e-07 -1.557113268370393e-05 0.9999999998785285 -2.1806465443110554e-05
1611676775201956 1606417097528152 0.9991671353349754 0.040804848551741824 2.3735860201085614e-06 -3.8982715798409324 -0.040804848585581525 0.9991671351987327 1.658705534477422e-05 -0.8896877683922457 -1.6947768625929635e-06 -1.667009439059891e-05 0.9999999998596178 -6.6567052066378e-05
1611676775451966 1606417097528152 0.9991873702099671 0.04030631723081738 -2.940151781566326e-06 -3.890577569127731 -0.04030631732358484 0.9991873691474223 -4.609260604711885e-05 -0.8899958293029653 1.0799393221846531e-06 4.6173656512928934e-05 0.9999999989334136 8.36439849212881e-05
1611676775701967 1606417097528152 0.9990964073108473 0.042501398827601046 8.48775848861732e-07 -3.872914615980045 -0.042501398802328776 0.9990964071141365 -1.9898092562781846e-05 -0.8894513157095117 -1.6937056689585398e-06 1.9844038630923464e-05 0.9999999998016728 -2.444607728274457e-05
1611676775951976 1606417097528152 0.9989442546724496 0.04593882955088681 -9.296257250544262e-07 -3.90025734688442 -0.04593882955472717 0.9989442540318836 -3.578114519992775e-05 -0.8809060506649855 -7.150996540300569e-07 3.578607534072159e-05 0.9999999993594227 -1.3811112252391292e-05
1611676776201344 1606417097528152 0.9986322600422134 0.05228392876826131 4.473360470382146e-08 -3.8859041616430776 -0.052283928756454524 0.998632259834167 -2.0414695005068817e-05 -0.8938008371938768 -1.1120328802242166e-06 2.038443416233749e-05 0.9999999997916191 -2.4392830329423846e-05
1611676776451347 1606417097528152 0.9989238668562289 0.04638004121738087 2.4776082746807307e-06 -3.898968755800824 -0.04638004120059502 0.9989238668392567 -6.450048430133917e-06 -0.8919287542636187 -2.774095550294541e-06 6.328195745366564e-06 0.9999999999761292 -5.562147403639697e-05
1611676776700732 1606417097528152 0.9987240961394561 0.050499304860225316 1.877716813058197e-06 -3.8914612880695723 -0.05049930486940021 0.9987240961271653 5.21048146606365e-06 -0.88600390661052 -1.6121953348774198e-06 -5.298656786435003e-06 0.9999999999846625 -2.522872130455163e-05
1611676776950734 1606417097528152 0.9987560757034286 0.04986282430934811 1.3594222929803826e-06 -3.892309045396495 -0.04986282431381 0.9987560756980892 3.4739046837355385e-06 -0.8901523908444565 -1.1845125756384206e-06 -3.5373680442507238e-06 0.999999999993042 -1.9957081464952143e-05
1611676777201375 1606417097528152 0.9989685771375598 0.04540684673410604 -1.2879829199439199e-05 -3.9121621609644985 -0.045406848209217324 0.9989685645132408 -0.00015891672442302848 -0.8782439124483825 5.650637137164508e-06 0.00015933764652929826 0.9999999872897922 0.00020732381826057186
1611676777451985 1606417097528152 0.9988933520006558 0.047032662409030125 -2.789163037814973e-07 -3.9068819093606257 -0.047032662297445085 0.9988933491856379 -7.506250000166131e-05 -0.8800870501929783 -3.251781581321953e-06 7.499255041236625e-05 0.9999999971827717 -0.0001629656915961409
1611676777702611 1606417097528152 0.9988989846001327 0.0469128827635509 3.20428227093849e-07 -3.9124927018840454 -0.046912882705384504 0.9988989836583274 -4.344072266624334e-05 -0.9013997748119112 -2.3580049599796067e-06 4.337786154967644e-05 0.9999999990564005 -0.00011218520378686524
1611676777951999 1606417097528152 0.9988505575883794 0.04793290730383875 2.692691846702509e-06 -3.90656785796364 -0.04793290724337822 0.99885055740953 -1.9244065686107958e-05 -0.8979537014339276 -3.612020768684063e-06 1.9092877192270704e-05 0.9999999998112077 -0.00012138247558976245
1611676778201997 1606417097528152 0.9988019790058359 0.04893471913563999 1.2678475593389087e-06 -3.9044740757974736 -0.048934719116495835 0.998801978932461 -1.2249666922238322e-05 -0.89502956077485 -1.8657626615931024e-06 1.2172949799867997e-05 0.9999999999241691 -5.9079583330598365e-05
1611676778451997 1606417097528152 0.9988661814045592 0.047606214402448555 1.004020032648821e-06 -3.906686900936585 -0.0476062143948914 0.9988661813839923 -6.543250733991919e-06 -0.890915126178585 -1.3143810533734122e-06 6.4880342816895565e-06 0.9999999999780889 -3.501477483099027e-05
1611676778701377 1606417097528152 0.998832274897008 0.04831238585359177 -1.291061386615435e-06 -3.905845091816163 -0.0483123858701682 0.9988322746676063 -2.1408702051361763e-05 -0.8956867732622291 2.552483073980439e-07 2.1446076828398272e-05 0.9999999997700003 2.2212177119125865e-06
1611676778950765 1606417097528152 0.9988991676923437 0.04690898408605298 1.5228532000405836e-07 -3.908195012664479 -0.046908984078608926 0.9988991675820857 -1.486586810709441e-05 -0.8973159659944454 -8.49460449846179e-07 1.4842359729516145e-05 0.9999999998894914 2.1946073621640112e-05
1611676779200757 1606417097528152 0.9987034654165169 0.05090567911334033 1.8749016104435566e-06 -3.89878488824639 -0.05090567911342882 0.9987034654182722 -5.65727179434266e-10 -0.8906043834407745 -1.8724995343903607e-06 -9.487814605569634e-08 0.9999999999982424 -8.397807654915479e-05
1611676779450765 1606417097528152 0.9986070078603267 0.05276403838118004 -1.0508100864075444e-05 -3.8991164885788065 -0.0527640392275868 0.9986070016106137 -0.00011181732763092592 -0.8776538381112848 4.593529329687075e-06 0.00011221601681840573 0.9999999936932326 0.00014485650248229753
1611676779700768 1606417097528152 0.9986490808317382 0.05196165276247214 -7.629453417614351e-07 -3.9046426884642957 -0.051961652723143535 0.9986490792499949 -5.6248394194294734e-05 -0.8781325006975885 -2.1608448644976054e-06 5.621205106116356e-05 0.999999998417768 -6.356336000110864e-05
1611676779950765 1606417097528152 0.9988968173951431 0.046959005485373344 2.4787485087702133e-06 -3.9261872434888163 -0.04695900541735065 0.9988968171443667 -2.2661241137903094e-05 -0.8754861618166407 -3.540163342804125e-06 2.2519842086173428e-05 0.999999999740162 -0.0001392438090405119
1611676780201400 1606417097528152 0.999071941222886 0.043072685830430744 9.76057556897654e-07 -3.915090907387727 -0.04307268581232176 0.9990719411237683 -1.416205442958907e-05 -0.8814988316873217 -1.58514943917384e-06 1.4106869790159236e-05 0.9999999998992417 -6.851399749788384e-05
1611676780451401 1606417097528152 0.9991097071859799 0.04218759308288475 1.0411402709873832e-06 -3.917732966820844 -0.042187593069978824 0.9991097071341367 -1.0284286026652995e-05 -0.8869996409310543 -1.4740826252688974e-06 1.0231206798602113e-05 0.9999999999465747 -1.791614476444133e-05
1611676780702028 1606417097528152 0.9990548039242001 0.043468365048114195 -6.980918097359265e-07 -3.9067235279911094 -0.043468365053675684 0.9990548038172423 -1.4619057119676802e-05 -0.8949374631500866 6.196546448468267e-08 1.4635584153849295e-05 0.9999999998928979 -1.5738292196974303e-05
1611676780952657 1606417097528152 0.9988860513663123 0.047187460095257074 2.0272172218574094e-07 -3.8920525229574605 -0.047187460091071484 0.9988860513193965 -9.703750560820225e-06 -0.9014140027987078 -6.60391242952337e-07 9.683375157944498e-06 0.999999999952898 -3.6986683098116424e-05
1611676781202652 1606417097528152 0.9989395053220498 0.04604198856194188 8.160987302550488e-07 -3.8962499820422165 -0.04604198856022465 0.9989395053204377 -2.0110915932194108e-06 -0.8976754885382776 -9.078279180236145e-07 1.9713840328811124e-06 0.9999999999976448 -6.951434249653516e-06
1611676781452040 1606417097528152 0.9988549977629619 0.047840291054015195 5.349163340795567e-07 -3.8975975972833927 -0.047840291053204 0.9988549977621078 -1.4385122024817899e-06 -0.8969960346460278 -6.031226961300867e-07 1.4112745496773113e-06 0.9999999999988223 -1.5564160440353558e-06
1611676781702042 1606417097528152 0.9988401619354885 0.048149048880491256 1.0277747073649903e-06 -3.891955454526282 -0.048149048884471364 0.9988401619266459 4.282254997688077e-06 -0.8757390012564955 -8.203961499243166e-07 -4.326774649957294e-06 0.999999999990303 -2.8038822491832083e-05
1611676781952048 1606417097528152 0.9987505303353817 0.0499737747112912 -6.035136580201112e-07 -3.88772442062675 -0.04997377471403893 0.9987505303169718 -6.071516181061059e-06 -0.8810504055046998 2.993430042121458e-07 6.094089861343719e-06 0.9999999999813862 2.7561003173130515e-06
1611676782201424 1606417097528152 0.9990287128876423 0.04406394025188415 -7.004816580590637e-08 -3.8978297437986646 -0.04406394025162932 0.9990287128733693 -5.342740736906091e-06 -0.8746322538430433 -1.6544207968775833e-07 5.340637999864548e-06 0.9999999999857251 1.7690180454979232e-05
1611676782451428 1606417097528152 0.9989924361224093 0.044878865568045184 7.066811942302878e-08 -3.9077180157031957 -0.0448788655678869 0.9989924361212698 -1.5150644534243394e-06 -0.883096376172144 -1.3859129071036465e-07 1.5103664241739534e-06 0.9999999999988498 -2.082840429877771e-05
1611676782700804 1606417097528152 0.9990188875108593 0.044286142221059116 -2.8647447535489564e-06 -3.9016043319841947 -0.04428614229799612 0.9990188867896106 -3.7979913578692816e-05 -0.884572600892312 1.1799502603347007e-06 3.806951950486238e-05 0.9999999992746597 4.038895714261034e-05
1611676782950803 1606417097528152 0.9989159575332991 0.046550078299875945 2.707091573370618e-07 -3.8938973442835434 -0.04655007829016823 0.998915957414686 -1.542549336353171e-05 -0.8878568918140292 -9.88473620966649e-07 1.5396169941153543e-05 0.9999999998809904 -5.11168679167255e-05
1611676783200804 1606417097528152 0.9989664610326617 0.045453378442231775 1.1159406292790431e-05 -3.8945866887482365 -0.04545337932132412 0.9989664562180826 9.830474497020507e-05 -0.8868627887079061 -6.679589781994043e-06 -9.871037591261067e-05 0.9999999951058224 -0.00016424295641178087
1611676783450811 1606417097528152 0.9990747624806535 0.04300719674852895 2.554327490737707e-06 -3.8988369331871073 -0.043007196820985395 0.999074761386209 4.67670349239807e-05 -0.8916300330961191 -5.406450559887355e-07 -4.6833618773635294e-05 0.9999999989031599 7.703690050120726e-05
1611676783701439 1606417097528152 0.9991823196498482 0.04043132577106948 -8.738321436086281e-08 -3.9060192043608986 -0.04043132576051564 0.9991823194339644 2.0791228116942363e-05 -0.8921637084117895 9.279286799793076e-07 -2.0770694519003417e-05 0.9999999997838586 9.261313484288821e-05
1611676783951445 1606417097528152 0.999135054423444 0.041582965546407856 -1.7588825903262345e-06 -3.9086517119768747 -0.04158296553239098 0.9991350543983927 7.370082908260699e-06 -0.8992672000932165 2.0638311562097452e-06 -7.290568633505014e-06 0.9999999999712941 8.899985845566476e-05
1611676784202071 1606417097528152 0.998994924118633 0.044823449075178254 1.6363018266103933e-06 -3.8928733308052452 -0.044823449104743104 0.9989949235802951 3.2796645732013286e-05 -0.9067982481746413 -1.6459843842301525e-07 -3.283702730597005e-05 0.9999999994608513 -2.3420468914690398e-05
1611676784452070 1606417097528152 0.9988926343817249 0.04704790093372328 3.65794470067505e-07 -3.9030535568782305 -0.04704790093430603 0.9988926342872712 1.3739604952649227e-05 -0.8955979269812256 2.8103017086668634e-07 -1.3741600048475352e-05 0.9999999999055448 6.371062923151677e-05
1611676784702701 1606417097528152 0.9990739035417043 0.043027145672938936 1.2830655541378445e-06 -3.907431221353826 -0.04302714569054333 0.9990739033132232 2.1369840709185507e-05 -0.8886278152254049 -3.623940621767851e-07 -2.1405256823871e-05 0.9999999997708419 1.6837931177480715e-06
1611676784952080 1606417097528152 0.9989683853995766 0.04541106667247848 -5.44290175194708e-07 -3.905289530521835 -0.04541106666184373 0.998968385318639 1.2765967314891214e-05 -0.8695086240588694 1.1234448703317413e-06 -1.2728080959163072e-05 0.999999999918367 2.2590685579396925e-05
1611676785202089 1606417097528152 0.9990560532604247 0.043439641431450265 -6.900515335531817e-07 -3.918638724486308 -0.043439641428165594 0.9990560532518977 4.218870038319732e-06 -0.8879230613329615 8.726663633606074e-07 -4.184912058508519e-06 0.9999999999908625 3.8976874694624003e-05
1611676785451460 1606417097528152 0.9989290746382009 0.04626774077170058 -3.2887418934117086e-06 -3.909045710660747 -0.046267740836659486 0.9989290743611579 -2.36283150187406e-05 -0.8870198329184108 2.191991141234489e-06 2.3755173514480452e-05 0.9999999997154434 7.57792254740204e-05
1611676785701468 1606417097528152 0.9990713385754485 0.04308665076213309 -3.1106738534933875e-05 -3.909095004463619 -0.043086659846133454 0.9990712562731038 -0.0004057544219970368 -0.8965291813339029 1.3595249270848374e-05 0.0004067178989787561 0.9999999171978565 0.0005153870695668177
1611676785951469 1606417097528152 0.9990133791981204 0.044410226099895915 -2.3181793263889053e-06 -3.91187897838558 -0.0444102256786719 0.9990133593121217 -0.00019943807137880987 -0.8964191901360911 -6.541197726502297e-06 0.00019934425249550428 0.9999999801095407 -0.00031504980706237225
1611676786201473 1606417097528152 0.9990643161849302 0.04324918627701762 4.096252847699762e-06 -3.9050857042073104 -0.043249185655228575 0.9990643112551929 -9.960327181438651e-05 -0.8917920103723779 -8.400180486496245e-06 9.933291504489908e-05 0.9999999950312045 -0.000401477045617002
1611676786451474 1606417097528152 0.9990352867832707 0.043914641570616156 4.696567329083481e-06 -3.9097828180103433 -0.04391464126182539 0.9990352854101884 -5.284594360068195e-05 -0.9036357663754709 -7.012747153728332e-06 5.2588714350903726e-05 0.9999999985926242 -0.00028151222846394946
1611676786702101 1606417097528152 0.9988969330328598 0.04695654556180321 3.303673740550221e-06 -3.9058785436066197 -0.0469565454489118 0.9988969326368922 -2.8505745320994994e-05 -0.9060056059385284 -4.638560894796789e-06 2.8319172468747936e-05 0.9999999995882541 -0.00016493376489859214
1611676786952116 1606417097528152 0.9987933529967566 0.04911046739882187 2.4148118961146503e-06 -3.8980409861497196 -0.049110467350593 0.9987933528559364 -1.70841548429602e-05 -0.8979047642961594 -3.2509088996810927e-06 1.6944947757896204e-05 0.9999999998511502 -7.499518058735788e-05
1611676787202107 1606417097528152 0.9988110833229197 0.04874853671668536 1.9348115926796455e-06 -3.899278064425535 -0.04874853669644422 0.9988110832814969 -9.405495832637607e-06 -0.89258123295509 -2.3910154217605708e-06 9.299994247838762e-06 0.9999999999538965 -6.418987024507017e-05
1611676787452109 1606417097528152 0.9987632906626539 0.04971809759901313 5.545765510995716e-07 -3.8938437615391623 -0.04971809759200607 0.9987632906224609 -9.01612605155297e-06 -0.9006807842521659 -1.0021553360721595e-06 8.977403233168475e-06 0.999999999959201 -2.700520627390486e-05
1611676787702114 1606417097528152 0.9987767281534763 0.049447419583731375 1.1317363638476228e-07 -3.8932523898965634 -0.04944741958218379 0.9987767281358345 -5.950285986988602e-06 -0.8936215497121724 -4.0726148210053046e-07 5.937411025364739e-06 0.9999999999822906 -2.6448599885754682e-05
1611676787952122 1606417097528152 0.9989860642168419 0.045020478577109994 3.7010140678652854e-06 -3.9023033874858544 -0.04502047866380462 0.9989860638214819 2.821008998383078e-05 -0.8876870962215332 -2.427229724023873e-06 -2.834810818896354e-05 0.9999999995952467 -6.563671879753846e-05
1611676788201496 1606417097528152 0.9990073683808528 0.04454523458110708 1.1587627807008276e-06 -3.901357006722468 -0.04454523459365334 0.9990073682632036 1.533914513531351e-05 -0.8965185745684913 -4.7432673766203704e-07 -1.537553637471189e-05 0.999999999881684 2.5995673221685857e-06
1611676788450871 1606417097528152 0.9987372298507187 0.05023888647616058 -4.6227744295240773e-07 -3.881251508040764 -0.050238886470151026 0.9987372298122922 8.807556045831594e-06 -0.8839459318278449 9.041755010959269e-07 -8.77320982297501e-06 0.9999999999611067 1.952735815716615e-05
1611676788700880 1606417097528152 0.9986506448743432 0.05193158475946185 -9.460264218975924e-07 -3.8855916990486015 -0.051931584757642923 0.998650644873162 1.8553622225303619e-06 -0.8901932002444594 1.0411017968115942e-06 -1.8037300286896693e-06 0.9999999999978313 3.469056416796888e-05
1611676788950879 1606417097528152 0.9986744257973187 0.05147217264394315 8.189122836892085e-05 -3.8858109635824203 -0.051472224856203105 0.9986740387270002 0.0008800258629884752 -0.8853807164348783 -3.648580062054436e-05 -0.0008830744471251894 0.9999996094240773 -0.001155897867932323
1611676789200879 1606417097528152 0.9988325455936016 0.04830678798395917 1.0106632506974574e-05 -3.8855976058424244 -0.048306787968704495 0.9988324574705816 0.0004196949970927034 -0.8891163579436879 1.0179284658770231e-05 -0.0004196932412716591 0.9999999118769788 0.0007589411402048826
1611676789450884 1606417097528152 0.9989346269387709 0.04614770908092481 -7.331182292110755e-06 -3.895071161411638 -0.04614770651510923 0.998934604867378 0.00021068060113064194 -0.8862452911885151 1.7045798776113826e-05 -0.00021011783044437956 0.9999999777799687 0.0008449380512404339
1611676789701512 1606417097528152 0.9991285726956973 0.04173841322193218 -9.446659061913289e-06 -3.9021112475185316 -0.04173841199775296 0.9991285672367048 0.00010535606445306146 -0.8936948221761283 1.3835821887250796e-05 -0.00010486996575366056 0.9999999944054302 0.0005958037354919948
1611676789951521 1606417097528152 0.9990747833431742 0.043006711607617404 -6.996725259851517e-06 -3.9017620652313783 -0.04300671114310605 0.9990747817782188 5.670910985603646e-05 -0.8870695178983755 9.42912409523041e-06 -5.635573550067998e-05 0.9999999983675614 0.00034221024600778854
1611676790202145 1606417097528152 0.9989944135291443 0.04483482697684252 -5.655341856958004e-06 -3.880774838824986 -0.04483482679776935 0.998994413144319 2.8581753824104625e-05 -0.9007057330546479 6.931112906905254e-06 -2.82994561264437e-05 0.9999999995755502 0.00021592280083853214
1611676790452146 1606417097528152 0.9988556880752063 0.04782587575607268 -3.5265528689200175e-06 -3.884805799483793 -0.04782587569869521 0.9988556879734671 1.4871779712214667e-05 -0.8899025146496169 4.233773280838517e-06 -1.4686101278160439e-05 0.9999999998831968 0.0001248194057885694
1611676790702146 1606417097528152 0.9988523150960431 0.047896269470689874 -1.5911191241264443e-06 -3.8853735905802385 -0.047896269447482445 0.9988523150221438 1.2344365461442053e-05 -0.8816531974119911 2.1805420751907556e-06 -1.2253989349233463e-05 0.9999999999225425 3.7126308943998046e-05
1611676790952154 1606417097528152 0.9987267605380722 0.050446583507589335 -1.4161969511311746e-06 -3.8899688303701163 -0.05044658349908594 0.9987267605243226 5.507012995006972e-06 -0.8806340860426823 1.6922037841938797e-06 -5.4285589509858705e-06 0.9999999999838336 3.0128979110931194e-05
1611676791202159 1606417097528152 0.9985949797805226 0.052991191345114576 -1.1952649586229016e-06 -3.8889640528682525 -0.052991191342604375 0.9985949797792826 2.042263410797923e-06 -0.8957564816715781 1.3018075583627326e-06 -1.9760554752803463e-06 0.9999999999972002 3.444180444644257e-05
1611676791451535 1606417097528152 0.9989271910752402 0.046308389466317386 1.7918498812564176e-07 -3.902740560223185 -0.046308389466660604 0.9989271910691946 3.4753309323586913e-06 -0.88461826511939 -1.8055778530067258e-08 -3.479900334526895e-06 0.999999999993945 1.6586901015425325e-06
1611676791701535 1606417097528152 0.9988650514888116 0.04762991620488094 1.017436038020527e-06 -3.899268068609026 -0.04762991621490164 0.9988650513705057 1.5376067818406157e-05 -0.8944453077385736 -2.8392047863168753e-07 -1.5407077166338264e-05 0.9999999998812706 -9.785820372378892e-06
1611676791951541 1606417097528152 0.9989408015437327 0.046013856756391074 -1.4256723724827134e-06 -3.893971413340427 -0.04601385676442292 0.9989408015249229 -6.234795443738925e-06 -0.883431317548029 1.1372753180236698e-06 6.2937922423561395e-06 0.9999999999795474 2.7216106461887403e-05
1611676792202171 1606417097528152 0.998908905133765 0.046701169672736915 -3.5589436494032605e-07 -3.892198820928578 -0.046701169673485976 0.9989089051306309 -2.513504490032807e-06 -0.8858773608646717 2.381224507619632e-07 2.5273827013047463e-06 0.9999999999967778 3.6246424468082672e-06
1611676792452169 1606417097528152 0.998879912436086 0.04731723042041633 -1.5539754481785626e-05 -3.90218642628803 -0.04731723230205051 0.9988798996935887 -0.00015974938182121572 -0.8798100945891257 7.963450088858077e-06 0.00016030574669766837 0.9999999871193255 0.00020903965047297193
1611676792702801 1606417097528152 0.9988909015929273 0.0470846760313734 -1.5346108717186526e-06 -3.8928113828069884 -0.047084676016936756 0.9988908988914504 -7.348928731632294e-05 -0.8778557270327 -1.927310451961818e-06 7.348003712036636e-05 0.9999999972984848 -0.0001367880802171695
1611676792952807 1606417097528152 0.9988586688588861 0.047763580757671745 1.767783402168468e-06 -3.883162010526343 -0.04776358066378736 0.998858668221976 -3.5839353469855165e-05 -0.87421795559672 -3.4775816285473673e-06 3.57140132344573e-05 0.9999999993562079 -0.0001405622279597542
1611676793202811 1606417097528152 0.99870499305655 0.05087569996454179 1.2246821294111786e-06 -3.892113320741787 -0.050875699922667016 0.9987049927914572 -2.313567086386329e-05 -0.8869153667864283 -2.400139606568354e-06 2.304340344888519e-05 0.9999999997316205 -6.964415141736241e-05
1611676793452184 1606417097528152 0.9989088385458292 0.04670259379841618 3.4623726223030287e-06 -3.9013136271156306 -0.04670259382700277 0.9989088385126517 8.694850856878835e-06 -0.8880494538522238 -3.0525225269292957e-06 -8.84706515301144e-06 0.9999999999562058 -0.0001425807218772759
1611676793701563 1606417097528152 0.9989575467098577 0.045648875431420696 6.909028597359533e-06 -3.9067845184710093 -0.04564887576099607 0.9989575449661048 5.917360128511112e-05 -0.8899075163914917 -4.200617891817008e-06 -5.942730495769923e-05 0.9999999982253751 -0.00010028140012937868
1611676793951568 1606417097528152 0.9989046025533282 0.046793108481532494 9.373309372184095e-07 -3.891088207057936 -0.04679310849025996 0.9989046022323755 2.5323181355786164e-05 -0.8827629855187801 2.486461852759569e-07 -2.5339303035767387e-05 0.9999999996789289 8.539155016275293e-05
1611676794201570 1606417097528152 0.9989141611473701 0.04658861087913989 -2.528812259593909e-07 -3.8831444033818014 -0.04658861086814569 0.998914161003756 1.6970675982610184e-05 -0.886345458959436 1.0432468573702593e-06 -1.6940467178202967e-05 0.9999999998559661 4.792198518879078e-05
1611676794451568 1606417097528152 0.998958685429807 0.045623949947554227 2.0089960014828735e-08 -3.893925594073351 -0.0456239499421479 0.9989586853044559 1.584091311017434e-05 -0.8933270134611405 7.026559868163828e-07 -1.5825334319842272e-05 0.9999999998745326 2.8995293061765643e-05
1611676794701574 1606417097528152 0.9990095301506868 0.044496726537598105 -8.78915273810927e-08 -3.8905748094688146 -0.044496726533726765 0.9990095300862171 1.136501418060588e-05 -0.9038256887757573 5.9351040155657e-07 -1.1349846591439124e-05 0.9999999999354143 3.06116677502895e-05
1611676794951591 1606417097528152 0.9991022520860183 0.042363780297405444 -1.5762313127582803e-07 -3.889893293213027 -0.04236378029520886 0.999102252060721 7.1245983674494256e-06 -0.8958439588501279 4.593065453794066e-07 -7.1115247624084e-06 0.9999999999746076 1.54945762290999e-05
1611676795202201 1606417097528152 0.999099514711252 0.042428288541440394 6.296843016518431e-06 -3.886728440018651 -0.042428288902354235 0.9990995117118937 7.74747637686975e-05 -0.8937427624205827 -3.004051151264881e-06 -7.767216315817876e-05 0.9999999969790053 -7.636584188912984e-05
1611676795452207 1606417097528152 0.998913359541824 0.046605795060141245 3.7989485078023965e-07 -3.88149870204052 -0.04660579504132733 0.9989133588312561 3.770263792934095e-05 -0.8994230045734487 1.3776793751629384e-06 -3.767937401905555e-05 0.9999999992891834 6.475105173764282e-05
1611676795702833 1606417097528152 0.9988364315812575 0.04822637192578392 -1.1669979411862694e-06 -3.8700668534575726 -0.04822637189410666 0.9988364313948703 1.9410233279047892e-05 -0.8930972472161449 2.1017251882965183e-06 -1.93313680678495e-05 0.9999999998109405 6.648458025734152e-05
1611676795952842 1606417097528152 0.998735649334842 0.05027029690950039 -8.98655900041866e-07 -3.883566020473369 -0.05027029689654186 0.998735649274829 1.104465557274885e-05 -0.8890789549912267 1.452737798704967e-06 -1.0985515556201545e-05 0.999999999938604 4.1320419482764846e-05
1611676796202220 1606417097528152 0.9990324645957059 0.043978798147785214 1.3309679384771603e-06 -3.8917657722532306 -0.04397879816635961 0.999032464358007 2.179621470942218e-05 -0.8872012570520096 -3.711088524660091e-07 -2.1833660470294655e-05 0.9999999997615767 2.1831609998558035e-05
1611676796452219 1606417097528152 0.998850444078915 0.04793527268912745 1.967833016981419e-07 -3.8731669551993875 -0.04793527268566073 0.9988504439376735 1.6808598816253652e-05 -0.8863796601934872 6.091676795172241e-07 -1.6798709253148665e-05 0.9999999998587161 1.0018170904255118e-05
1611676796701597 1606417097528152 0.999135890511815 0.041562870708575256 -8.607554826221449e-06 -3.897119145595588 -0.041562871228829616 0.9991358878387141 -7.329683091262348e-05 -0.8918262366537089 5.553690226834906e-06 7.359124911825103e-05 0.9999999972767423 0.00016453240274508558
1611676796951604 1606417097528152 0.9988826169257652 0.04726010582852288 -2.2533327778394286e-06 -3.8872690430401864 -0.04726010587741202 0.998882616369937 -3.3329719665708325e-05 -0.8909086077735187 6.756488620425607e-07 3.3398970346668035e-05 0.9999999994420261 -4.585781286485341e-05
1611676797201606 1606417097528152 0.9987987996778691 0.04899956904392638 -1.519320380060505e-07 -3.8802393666157475 -0.04899956903865534 0.9987987995143351 -1.808906612393392e-05 -0.907222138531768 -7.346069073099758e-07 1.807478213622391e-05 0.9999999998363813 -5.0940742343534175e-05
1611676797450981 1606417097528152 0.998733009199816 0.05032272183936037 -2.4133222647399524e-06 -3.8804385648241366 -0.05032272189631238 0.9987330083224868 -4.186319287517749e-05 -0.8963921030774158 3.035947951496922e-07 4.193159754001937e-05 0.9999999991208245 -6.598935101499927e-06
1611676797701608 1606417097528152 0.9988000918205489 0.04897322312987227 -1.5965413675327875e-08 -3.894270153771699 -0.048973223117498924 0.9988000915607603 -2.280713525424734e-05 -0.9055833892388958 -1.1009926671162948e-06 2.278055066382114e-05 0.9999999997399172 -4.6490981033757794e-05
1611676797952236 1606417097528152 0.9989079327705923 0.046721963266743695 9.738443855742367e-07 -3.8920880238924944 -0.046721963255314816 0.998907932725745 -9.57146185762861e-06 -0.9044407936878524 -1.4199783713085133e-06 9.51550925617593e-06 0.9999999999537194 -6.133542988133827e-05
1611676798202869 1606417097528152 0.9989583626693623 0.04563101639563325 3.375888664057236e-07 -3.896977505742518 -0.04563101639223529 0.9989583626458773 -6.880730385951741e-06 -0.9048886487646133 -6.512119422859694e-07 6.858158637207573e-06 0.9999999999762708 -1.6620297753744952e-05
1611676798452872 1606417097528152 0.9989652900064898 0.045479109120931 5.307553426366788e-07 -3.896943842040988 -0.0454791091197404 0.9989652900045332 -2.073391571075962e-06 -0.8987295055067193 -6.245021662884907e-07 2.0471079319486806e-06 0.9999999999977097 -2.2271082514342914e-05
1611676798702873 1606417097528152 0.9989189226223729 0.046486406177319826 -8.49357690204452e-06 -3.89970075791029 -0.046486406746859305 0.998918918731023 -8.828065765734587e-05 -0.8848141954265929 4.38054414567914e-06 8.858005530587684e-05 0.9999999960671924 9.485833920764996e-05
1611676798952877 1606417097528152 0.9989541361852533 0.04572344914439275 -1.0864286090060254e-06 -3.8985050512766297 -0.04572344914953161 0.9989541352955351 -4.2169715499519485e-05 -0.8814655589394299 -8.42852490403902e-07 4.2175286983164685e-05 0.9999999991102674 -8.39280067601346e-05
1611676799202876 1606417097528152 0.9989700554679083 0.04537431302652819 5.294976941842721e-07 -3.8985288141767263 -0.04537431300360312 0.9989700552223053 -2.220496075043354e-05 -0.8775020473959548 -1.5364871806278866e-06 2.215806527836324e-05 0.9999999997533296 -8.393827380747029e-05
1611676799452258 1606417097528152 0.9990271567516968 0.04409920718451021 1.6683896986411797e-06 -3.891346744012098 -0.044099207169124806 0.9990271567189067 -8.34606401158613e-06 -0.8736981908127978 -2.034821422950197e-06 8.264369936584887e-06 0.9999999999637799 -6.898759406405595e-05
1611676799701636 1606417097528152 0.9990001963592654 0.04470579020621837 8.076112509863938e-07 -3.883666139407598 -0.044705790201169986 0.999000196344941 -5.45192163808423e-06 -0.8888885256288656 -1.0505362632763766e-06 5.410365887818692e-06 0.9999999999848121 -2.384725377587479e-05
1611676799951020 1606417097528152 0.9991046795892453 0.042306491546167044 6.253413376338418e-07 -3.892017143253436 -0.04230649154359367 0.9991046795827911 -3.674933653769506e-06 -0.8952015640911974 -7.802550063207111e-07 3.645187412640514e-06 0.9999999999930519 -2.0848441525479214e-05
1611676800201011 1606417097528152 0.9991068137211292 0.042256062035568434 1.3133122999095269e-06 -3.8845240293513847 -0.04225606204449346 0.9991068136916472 7.738274262086543e-06 -0.8964056228933852 -9.851502700754687e-07 -7.786857947704897e-06 0.9999999999691972 -8.641552680960902e-06
1611676800451016 1606417097528152 0.9991631493270866 0.040902335208559126 -2.393764207896548e-06 -3.8939374886273934 -0.0409023352660079 0.9991631487607648 -3.365599547830503e-05 -0.8932544637165274 1.015152174519089e-06 3.372574098194528e-05 0.9999999994307719 5.1730044577072584e-05
1611676800701650 1606417097528152 0.9991439617436859 0.04136839029469418 1.5186489108087454e-07 -3.886443296280258 -0.04136839028700289 0.9991439616165178 -1.596176238217242e-05 -0.8883893179399516 -8.120473049201065e-07 1.594181609681436e-05 0.9999999998725996 -3.435370539326477e-05
1611676800951649 1606417097528152 0.9991126321265915 0.04211826598383644 2.3358897894273035e-07 -3.88996269324011 -0.042118265980610005 0.9991126320945461 -8.022449694940528e-06 -0.891031197370673 -5.712733696719448e-07 8.005492468052076e-06 0.9999999999677929 -1.1605119617013514e-05
1611676801201658 1606417097528152 0.9990855294761486 0.042756342161966124 8.708822028028391e-07 -3.893637339302907 -0.042756342159474464 0.9990855294729784 -2.7028953260130856e-06 -0.8895408752517113 -9.85651724080656e-07 2.6631878704588115e-06 0.999999999995968 -2.7532846684148062e-05
1611676801452279 1606417097528152 0.999034971176497 0.043921821123591435 1.6955679121294818e-07 -3.886064921878369 -0.04392182112362476 0.9990349711764901 1.9764011187338647e-07 -0.8887147005002933 -1.6071245038129724e-07 -2.0489662652224195e-07 0.9999999999999661 -4.24901584321419e-07
1611676801702911 1606417097528152 0.9990242535384224 0.04416492778597137 3.516030995117066e-07 -3.8909535238278896 -0.0441649277869347 0.9990242535322812 3.5083089909241576e-06 -0.8849160377782898 -1.9631581079384623e-07 -3.520414296331878e-06 0.9999999999937841 -3.0513051006962882e-05
1611676801952917 1606417097528152 0.9989008440830465 0.04687327234766203 5.836497984772837e-06 -3.8888360105425956 -0.0468732726268134 0.9989008420088389 6.443407681379179e-05 -0.8739110082641783 -2.8098467204031032e-06 -6.463682947809028e-05 0.9999999979070925 -7.49922281435894e-05
1611676802202915 1606417097528152 0.9990261432527235 0.044122161110850405 9.810889997797718e-07 -3.9073870658471397 -0.04412216111889165 0.9990261426873863 3.361288130118977e-05 -0.8769304531443243 5.029394050867871e-07 -3.362343493678438e-05 0.9999999994346058 1.7889221870554827e-05
1611676802452291 1606417097528152 0.999011856732352 0.0444444609260455 -2.3742721834468136e-06 -3.907541070286184 -0.04444446092737545 0.9990118567349837 -5.103031014106407e-07 -0.8678667977066231 2.3492459161230955e-06 6.15322096123305e-07 0.9999999999970512 0.00014159161290023997
1611676802702295 1606417097528152 0.9989318581985583 0.04620760413851634 4.6798134106086327e-07 -3.897714525031303 -0.04620760413923545 0.9989318580260321 1.8569765007022995e-05 -0.8824582789796649 3.905828798414752e-07 -1.857155416128687e-05 0.9999999998274725 5.575565621424572e-06
1611676802951683 1606417097528152 0.998892772439722 0.04704496967942519 -1.1533188344781555e-07 -3.882263137482937 -0.04704496967573671 0.9988927723866821 1.0311258588240205e-05 -0.8859668745629313 6.002970324409213e-07 -1.0294415893567716e-05 0.9999999999468323 1.2251259335269688e-05
1611676803201053 1606417097528152 0.9988911120595507 0.04708021083801458 -5.897257402755626e-07 -3.893779551098003 -0.04708021083633482 0.9988911120564298 2.596206294983745e-06 -0.8813321295880352 7.11301740257386e-07 -2.5655629809388035e-06 0.999999999996456 3.795412166984107e-05
1611676803450429 1606417097528152 0.9989827776342878 0.04509334689548422 -7.766099216422596e-06 -3.91111698818989 -0.045093347378013134 0.9989827743453268 -8.116664925215199e-05 -0.8760747512718676 4.098123469982422e-06 8.143428413073921e-05 0.9999999966758314 0.00014933390303908904
1611676803701056 1606417097528152 0.9991436456308089 0.04137602444431591 -1.10690324910587e-06 -3.9043850148903565 -0.041376024456855294 0.9991436449385038 -3.719693211908658e-05 -0.8797775838322692 -4.331058257060183e-07 3.72108776195692e-05 0.9999999993075815 -6.17180627922148e-05
1611676803951061 1606417097528152 0.9989682768814833 0.04541345380234339 1.6272379544772716e-06 -3.9037320850145423 -0.04541345377583125 0.9989682767898255 -1.3717946506424855e-05 -0.8787995946596815 -2.248538425238665e-06 1.3629894888217243e-05 0.999999999904585 -0.00013379487128677291
1611676804201694 1606417097528152 0.9988882690090288 0.04714049257809147 -3.2689148247797663e-07 -3.8969418555218027 -0.0471404925778105 0.9988882689013233 -1.4673244976685859e-05 -0.890661041651531 -3.651759288681207e-07 1.4672342100977905e-05 0.9999999998922945 9.851677910072444e-06
1611676804452316 1606417097528152 0.9988061027782509 0.048850476528748944 5.493627747209242e-07 -3.902505337256468 -0.04885047652342934 0.9988061027518246 -7.321922223999138e-06 -0.8979868005613509 -9.063862817627043e-07 7.286343968052424e-06 0.9999999999730438 -1.5019992720124308e-05
1611676804702319 1606417097528152 0.9987200005882455 0.05058023753384914 7.069819167581489e-07 -3.9002063611343782 -0.050580237535212874 0.9987200005862887 2.0663587380386246e-06 -0.8894373673119561 -6.015600645177103e-07 -2.099473113347502e-06 0.9999999999976151 -2.288195829997585e-05
1611676804952948 1606417097528152 0.998677517601032 0.051412214912502786 7.048841486615985e-07 -3.8923479736948847 -0.05141221491549247 0.9986775175874523 5.226122994165474e-06 -0.8928968549775901 -4.3526539323593803e-07 -5.255451193820627e-06 0.9999999999860953 -2.589471230761772e-05
1611676805202327 1606417097528152 0.9989250438370956 0.04635468326350573 1.1792465293952649e-05 -3.880212083008097 -0.046354684396594084 0.998925035613983 0.00012830650709599132 -0.876728333958448 -5.832181316643749e-06 -0.00012871521923211933 0.999999991699189 -0.00013882751002386386
1611676805452330 1606417097528152 0.9989496174104078 0.045822067609817135 -1.6428499338556306e-07 -3.784802396003581 -0.04582206753511774 0.9989496159741946 5.363097249194576e-05 -0.8653277729260519 2.6215944785530648e-06 -5.35671115739958e-05 0.9999999985618458 0.00012560552804211246
1611676805701706 1606417097528152 0.9992004967003386 0.03997958724024529 -1.5368143441485916e-06 -3.670636033823917 -0.03997958718980147 0.9992004963946517 2.4845116678293834e-05 -0.8795481588217758 2.5288831652679096e-06 -2.4763811722407348e-05 0.9999999996901792 8.259112484774291e-05
1611676805951718 1606417097528152 0.9994826562659915 0.03216239772279303 -8.15184782037808e-07 -3.453345270910769 -0.032162397706115155 0.9994826561443482 1.5649197231734205e-05 -0.8875579912369999 1.3180787566060916e-06 -1.561488292040537e-05 0.9999999998772191 1.2760091467390063e-05
1611676806201711 1606417097528152 0.9998044674879706 0.019774397476537246 3.5490044116464763e-08 -3.166323603525761 -0.019774397473276053 0.9998044672871045 2.0044537407775588e-05 -0.8769269849800652 3.608855452819018e-07 -2.0041319843217734e-05 0.9999999997991076 1.679934867637553e-05
1611676806451720 1606417097528152 0.9999777108434074 0.006676662396283522 -3.008554540570622e-07 -2.794267533152581 -0.0066766623921000225 0.999977710768527 1.2243493677518156e-05 -0.8526867986723606 3.825944220553101e-07 -1.2241212070047438e-05 0.9999999999250032 1.7514238417432923e-05
1611676806701722 1606417097528152 0.9999861301202848 -0.0052668369556458094 -7.01567401285821e-08 -2.362467826655058 0.005266836955967126 0.9999861301030128 5.877451169732817e-06 -0.820030599304606 3.920019003607592e-08 -5.877739154290556e-06 0.9999999999827254 1.5045690994203567e-05
1611676806952352 1606417097528152 0.9997959532720706 -0.020200292702202995 5.170102292267198e-08 -1.9184658284540024 0.020200292699728613 0.9997959531836481 1.3300783995081762e-05 -0.7999183572393272 -3.20370203362316e-07 -1.3297025637803065e-05 0.9999999999115432 1.8955514146411635e-06
1611676807202353 1606417097528152 0.9992885500636209 -0.03771463530142052 -5.409378535770587e-07 -1.3782023029674906 0.037714635304049 0.9992885500445055 6.188491421196813e-06 -0.746019540078432 3.071563063481144e-07 -6.204489893224881e-06 0.999999999980705 1.2354039155135903e-05
1611676807452357 1606417097528152 0.998387793159458 -0.05676102954170689 1.3495615405797687e-07 -0.7811931300957334 0.05676102947435935 0.9983877920851779 4.639783947836694e-05 -0.6934717781645066 -2.7683277139749746e-06 -4.631537631383191e-05 0.9999999989236111 -1.8126980776091817e-05
