1615317786803023 1606417097528152 0.9999228738869697 0.012419592657818723 5.504153744290091e-07 -2.4365793082026608 -0.012419592656550594 0.999922873884604 -2.2505132004467615e-06 -0.9515999877692355 -5.783233802486254e-07 2.2435036923639676e-06 0.9999999999973161 0.00011882709950152131
1615317787052401 1606417097528152 0.99989931600339 0.014190061400780277 -4.2261959221690675e-06 -2.4462370673094855 -0.014190061857772407 0.9998993059311585 -0.00014194127356495764 -0.9599725192494049 2.2116149821103905e-06 0.00014198695233149278 0.999999989917407 3.323639894343388e-05
1615317787303028 1606417097528152 0.9998619940188841 0.016605767630182126 -0.0004913272420847916 -2.4276812645710697 -0.01660596122742128 0.9998620344400884 -0.0003926085912938363 -0.9596002330569884 0.0004847398888090146 0.00040071337009114417 0.999999802227998 0.02546612195348252
1615317787553658 1606417097528152 0.999836809542067 0.018064070049674957 -0.00020895560865236498 -2.4305251796343845 -0.01806405759949504 0.9998368297215551 6.13176741462171e-05 -0.959391149525338 0.00021002916006811014 -5.753308153633119e-05 0.999999976288848 0.007200268591475824
1615317787804293 1606417097528152 0.9997814507260466 0.02090543219848469 -0.00011701786941103304 -2.4305202946194933 -0.020905428608879124 0.9997814571429722 3.181539496650459e-05 -0.9449242110585196 0.00011765741057360637 -2.936213302003266e-05 0.9999999926472994 0.002513440284614155
1615317788054909 1606417097528152 0.9998415317978733 0.017801977587592787 -2.984155671473114e-05 -2.4213045362832624 -0.017801976361596705 0.999841531430224 4.0857687030534783e-05 -0.9747677887363685 3.056417539464888e-05 -4.0319973699009094e-05 0.9999999987200654 0.0020956491753413575
1615317788304292 1606417097528152 0.9998896128333868 0.014858064196193604 -8.983721063387459e-06 -2.4252493864642832 -0.014858063573037768 0.9998896107144635 6.58528922793224e-05 -0.9663375261856395 9.961175857806653e-06 -6.571214226630144e-05 0.9999999977913446 0.00046779026107884587
1615317788554299 1606417097528152 0.9999173255414858 0.012858537898900766 -9.462046772008657e-06 -2.4263666652324614 -0.012858537556973103 0.9999173249657406 3.5351359680454516e-05 -0.9534204329995101 9.915831295174203e-06 -3.5226768942072855e-05 0.9999999993303755 0.0002743997250073618
1615317788803680 1606417097528152 0.9998268864655432 0.01860635084671088 -2.851757852050291e-05 -2.414166968648986 -0.01860635027242167 0.9998268866773978 2.0272818674529124e-05 -0.9504095009198954 2.8889844924578105e-05 -1.9738701120317273e-05 0.9999999993878803 0.000617457139675653
1615317789053059 1606417097528152 0.9998474777234811 0.017464858539750796 -3.262610366559444e-06 -2.4218940862190594 -0.017464858532512947 0.9998474777264351 2.233917295967418e-06 -0.9565361818647548 3.3011277953647817e-06 -2.176595545312355e-06 0.9999999999921825 0.0001232763007913867
1615317789302433 1606417097528152 0.9998204561771713 0.01894875758002173 5.588564355855323e-07 -2.4277896607459293 -0.018948757584192143 0.9998204561388785 8.759313774886743e-06 -0.9435871433218258 -3.9277798305473616e-07 -8.76833072930894e-06 0.999999999961481 8.488075637042749e-05
1615317789552441 1606417097528152 0.9997505330637542 0.022335434544198427 2.6318706694777566e-06 -2.429789999575736 -0.022335434579341867 0.9997505329658661 1.4180398054087184e-05 -0.9334027090146291 -2.3144887519547645e-06 -1.4235644488757501e-05 0.9999999998959948 -5.3498344518788405e-05
1615317789802448 1606417097528152 0.9997701909147071 0.02143747556152384 2.0940009462456866e-06 -2.439769925582777 -0.02143747557656713 0.9997701908888409 7.447116435916688e-06 -0.9364228932688826 -1.933872349146323e-06 -7.490295115026215e-06 0.9999999999700778 4.9936133879196325e-06
1615317790053071 1606417097528152 0.999769523735536 0.021468567200991013 6.035034275846943e-06 -2.438448693096372 -0.02146856728801264 0.999769523643154 1.4744707285825217e-05 -0.9350965488962658 -5.717095603896191e-06 -1.4870872520172633e-05 0.999999999873086 -0.00011460997546136193
1615317790303698 1606417097528152 0.9997521707555866 0.02226200350158038 -1.655456346643317e-05 -2.4478525246776432 -0.022262004170307454 0.9997521700217145 -4.1372201448963674e-05 -0.9377865707609931 1.562943265576877e-05 4.17304859683731e-05 0.9999999990071436 0.00020737095420078245
1615317790554337 1606417097528152 0.999779068866264 0.021019359133229446 1.7321231636557822e-06 -2.4439354233937007 -0.021019359126438222 0.9997790688604944 -3.849909819155143e-06 -0.9361039070474692 -1.8126631208267944e-06 3.8126511353773983e-06 0.999999999991089 -0.00012209720761370484
1615317790804330 1606417097528152 0.9998029275532737 0.019852103819190878 5.858394240387329e-06 -2.431737997837472 -0.019852103975068695 0.999802927178867 2.7871083540387828e-05 -0.9577532975324051 -5.3039400660981445e-06 -2.798189236928624e-05 0.999999999594441 -0.0005305920121982459
1615317791054333 1606417097528152 0.9998104872870548 0.019467648135024728 1.3833964309936138e-05 -2.433820948510929 -0.01946764859918503 0.9998104867871018 3.424941393641124e-05 -0.9714723928937943 -1.3164587051538577e-05 -3.451223799290174e-05 0.9999999993177996 -0.0003071566777292987
1615317791304338 1606417097528152 0.9998721242337321 0.015991720965409302 6.734565478211226e-06 -2.4299340637616287 -0.01599172107813221 0.9998721241095689 1.703064701811084e-05 -0.9719428967319359 -6.461354934665562e-06 -1.7136166503745087e-05 0.9999999998323014 -8.85366561300797e-05
1615317791553722 1606417097528152 0.9998563190977057 0.016951139319277574 6.374249402911342e-06 -2.420820978855665 -0.016951139573617578 0.99985631822216 4.222377753279375e-05 -0.9624721389572701 -5.657592403867289e-06 -4.232576157355089e-05 0.9999999990882608 -2.873631248964521e-05
1615317791803099 1606417097528152 0.9997606784624874 0.021876604007042826 -1.3459243215577258e-06 -2.413366629661753 -0.0218766039817433 0.9997606783264421 1.658141678361367e-05 -0.9626770993815792 1.7083473015435889e-06 -1.654800424004582e-05 0.9999999998616226 0.00010078183129218913
1615317792052487 1606417097528152 0.9998203208477076 0.018955896824832043 1.3894530514200743e-07 -2.433104191535041 -0.018955896825199787 0.9998203207850553 1.1193144008746901e-05 -0.973266991277698 7.32557434164643e-08 -1.1193766666963546e-05 0.9999999999373471 3.323672108995356e-05
1615317792302481 1606417097528152 0.9997211685398163 0.023613241463662643 -2.3299120537931023e-06 -2.4209420082386917 -0.02361324145981813 0.999721168541237 1.6640357940461583e-06 -0.9609654146753243 2.3685556800200537e-06 -1.6085550326059613e-06 0.9999999999959013 7.993975343244672e-05
1615317792552484 1606417097528152 0.9997418829008328 0.022719321540965003 -2.661060273449085e-06 -2.434062510199205 -0.022719321450195052 0.999741882448974 3.0243834667977958e-05 -0.9446548280588629 3.347492811534418e-06 -3.017557073328754e-05 0.9999999995391146 8.30002066353957e-05
1615317792802487 1606417097528152 0.9996804523349878 0.02527828292542921 4.044899906383561e-05 -2.431197692106265 -0.025278285138245166 0.9996804515753602 5.516356218847851e-05 -0.9447962120057004 -3.904163351764437e-05 -5.616841613275433e-05 0.9999999976604299 -0.00012578000471890322
1615317793053744 1606417097528152 0.9996626636391279 0.02597226869781189 1.375057098222527e-05 -2.4240526639818953 -0.025972269191679418 0.9996626630344255 3.7046195804012236e-05 -0.9621277528922787 -1.2783758654653089e-05 -3.7390832306141724e-05 0.9999999992192505 -0.0003950005362094715
1615317793304366 1606417097528152 0.9997522241500251 0.022259449939691152 8.485237841389114e-05 -2.44546119644449 -0.022259516721103708 0.9997518298798009 0.0008902650154854231 -0.9535348120566006 -6.50145110435433e-05 -0.0008919332022486458 0.9999996001140581 -0.0012107363855305955
1615317793555002 1606417097528152 0.9997779231839399 0.021073782532971992 2.868251975588603e-06 -2.4341385560937683 -0.021073781874283666 0.9997778346689403 0.000420745368733334 -0.9460070403660269 5.999081652987935e-06 -0.0004207123758570283 0.99999991148255 0.0008751884760341825
1615317793805007 1606417097528152 0.9997072427978714 0.024195626325916396 -1.919999428496644e-05 -2.430906449991782 -0.02419562179115344 0.999707221252394 0.00020896512047056996 -0.9570119268776363 2.425041490468815e-05 -0.00020843938862598172 0.9999999779824691 0.0008925256871399073
1615317794054389 1606417097528152 0.9996168207353316 0.02768052053131321 -2.2148796821258002e-05 -2.4245568563418987 -0.02768051782290086 0.9996168145040111 0.00011444813180675954 -0.9647223599315108 2.530829358575325e-05 -0.00011379118749035047 0.9999999932055279 0.0006788767936333071
1615317794304385 1606417097528152 0.999700685631493 0.02446505885799237 6.889375972443127e-06 -2.406748545611703 -0.024465059112743055 0.9997006848605604 3.970392651498386e-05 -0.9615392437400723 -5.915954978817473e-06 -3.986059154961852e-05 0.9999999991880674 1.2987960259629162e-05
1615317794553761 1606417097528152 0.99975138113941 0.02229744014872916 8.781905911086204e-06 -2.3207700985998883 -0.022297440182299687 0.9997513811702229 3.7434998949682557e-06 -0.9479386654817606 -8.696252099041149e-06 -3.938383212019948e-06 0.9999999999544321 -0.0001367539283723152
1615317794803148 1606417097528152 0.999773247647519 0.021294442365556616 4.139813154705075e-06 -2.17675691387414 -0.021294442224629086 0.9997732471617343 -3.153551269907164e-05 -0.9486097719008901 -4.810405597950358e-06 3.144020693526661e-05 0.9999999994941867 2.5696138252681102e-05
1615317795053155 1606417097528152 0.9999143645732378 0.013086766332013982 8.457826502544087e-06 -1.966223283881854 -0.013086766709633827 0.9999143635343993 4.625094660388333e-05 -0.9525362151693173 -7.851826873318729e-06 -4.63576714865386e-05 0.9999999988946575 -0.00013104923269744898
1615317795303154 1606417097528152 0.9999855750717644 -0.005371186379056775 -3.1208331276440998e-06 -1.6676916358057716 0.005371186439338531 0.9999855748834473 1.963976704272985e-05 -0.9497285948182324 3.0152992600279292e-06 -1.9656246317030462e-05 0.99999999980227 7.33297561930915e-05
1615317795553158 1606417097528152 0.9995100409215134 -0.031299809803672744 -2.7917814602009964e-06 -1.307019328765468 0.03129980984550153 0.9995100407884491 1.6467345311662507e-05 -0.918413701925772 2.2749888249263863e-06 -1.654665921512603e-05 0.9999999998605162 1.449382687708504e-05
1615317795803783 1606417097528152 0.9979710580348933 -0.06366920233948746 -1.6230988855055466e-06 -0.8669658692406141 0.06366920234330005 0.9979710580330435 2.416787358475122e-06 -0.8670563619039972 1.4659307887186874e-06 -2.5152252485415918e-06 0.9999999999957624 4.215770083074104e-05
1615317796053792 1606417097528152 0.9950964817383695 -0.09890900840562135 -9.62295486343878e-06 -0.3672207203067151 0.09890900823515812 0.9950964816597077 -1.681884325970297e-05 -0.7556990281372705 1.1239303637099803e-05 1.5784574832769848e-05 0.9999999998122626 0.0003976580700417814
1615317796304419 1606417097528152 0.990864506901636 -0.13486114689251305 5.087164675560617e-06 0.23034001175938187 0.13486114681327155 0.9908645068322248 1.3594343959375492e-05 -0.6851474085550309 -6.874039735021016e-06 -1.2784092061755222e-05 0.9999999998946573 -0.00024460514545011046
1615317796554420 1606417097528152 0.9862234934465424 -0.16541832115947344 1.8288162340599748e-06 0.9374067274398163 0.16541832114847516 0.986223493437042 5.07167440429499e-06 -0.5809319313974184 -2.6425694006290552e-06 -4.699284737489445e-06 0.9999999999854667 -4.6029018834591977e-05
1615317796803802 1606417097528152 0.9807766177032368 -0.19513386730441712 1.3736190972139196e-06 1.704634881132154 0.19513386730550536 0.9807766177037268 -7.074152622725203e-07 -0.4062561529756808 -1.2091728162586096e-06 9.618559548851922e-07 0.9999999999988064 -9.077981832512927e-06
1615317797053180 1606417097528152 0.9760837590954714 -0.21739479118488772 4.4556800138066083e-07 2.5461521841251753 0.21739479118501084 0.9760837590955135 -2.492412165547367e-07 -0.17379879381670738 -3.8072794749187596e-07 3.4014446619438795e-07 0.9999999999998697 -9.43163849095274e-06
1615317797303188 1606417097528152 0.9725916471852368 -0.23251986545232325 8.280575624672672e-08 3.4364701556092023 0.2325198654523248 0.9725916471852397 -1.0078153358437994e-08 0.10842126720831101 -7.819281600133695e-08 2.905591107657069e-08 0.9999999999999966 3.6594612085752956e-07
1615317797553193 1606417097528152 0.9710466913770095 -0.23888977200838465 1.0245542582190744e-07 4.381588071295518 0.23888977200830244 0.9710466913768971 5.172085985370723e-07 0.4293539326854767 -2.2304484644277368e-07 -4.777581450444883e-07 0.999999999999861 6.8643435193816015e-06
1615317797803192 1606417107778302 0.9895296247044112 -0.14432990624096978 -1.133803717522161e-06 -4.848654721911061 0.1443299062321512 0.9895296246894191 -5.78797764838996e-06 0.07795717778232819 1.957310638383756e-06 5.563733565960775e-06 0.9999999999826069 -2.6441976673256796e-05
1615317798053197 1606417107778302 0.9899836617349934 -0.14118197300729593 -8.295882703948414e-08 -3.82808801169011 0.1411819730069867 0.9899836617312066 2.755310413985353e-06 0.21242378092911937 -3.068722771278414e-07 -2.7394245837274432e-06 0.9999999999962007 -2.7043357064629886e-05
1615317798304451 1606417107778302 0.9914250158478366 -0.13067684552128436 -4.3423592307144414e-07 -2.67222886584109 0.13067684551983036 0.9914250158450323 -2.4756639919081966e-06 0.41921337836389616 7.540243179430992e-07 2.397690631767781e-06 0.9999999999968413 8.8081737256084e-06
1615317798554454 1606417107778302 0.9928320898718976 -0.11951753563835593 -3.970776727927184e-09 -1.5319733999733867 0.11951753563771532 0.992832089866684 -3.2412027647675286e-06 0.5776041241640417 3.913228815055469e-07 3.2174955371864454e-06 0.9999999999947473 2.3634467621987644e-07
1615317798804453 1606417107778302 0.994652859704401 -0.10327482115193397 1.5358100058718508e-06 -0.343511072773593 0.10327482094741523 0.9946528584763574 4.9875400017599854e-05 0.7056104795972615 -6.6784708291009295e-06 -4.945009875293056e-05 0.9999999987550429 -7.009168330518986e-05
1615317799053830 1606417107778302 0.996078301856734 -0.0884760791044752 -9.844721376262927e-07 0.9192312710978022 0.08847607910845104 0.9960783018429894 5.258006310167401e-06 0.8342120086669111 5.15403552827179e-07 -5.32448823130034e-06 0.9999999999856921 3.0236120842035532e-05
1615317799303213 1606417107778302 0.9974802900833024 -0.07094413928850714 -6.398179427981542e-07 2.2096949429954402 0.07094413928868541 0.9974802900834606 2.6044176709681123e-07 0.9280134904521786 6.197289701800614e-07 -3.0517686264612566e-07 0.9999999999997614 9.062933670914495e-06
1615317799553222 1606417107778302 0.9988239107868079 -0.04848500020549163 -2.9291266364967863e-07 3.5756034201305247 0.04848500019759707 0.9988239107026878 -1.2995892651935839e-05 0.9985431559837872 9.226740300984972e-07 1.296640645218821e-05 0.9999999999155105 4.234872146516501e-05
1615317799802601 1606417107778302 0.9997028700405691 -0.024375636124611702 7.967026550772288e-07 4.989781095114647 0.024375636117923923 0.9997028700126368 7.537143694365429e-06 1.048328415057894 -9.801886029379796e-07 -7.5154840491341695e-06 0.9999999999712784 -2.2484349186945587e-05
1615317800052642 1606417109778955 0.9990238065127814 -0.044175038485258056 -6.334286068241974e-08 -4.042282411563652 0.044175038484161655 0.9990238064756238 8.622255435366115e-06 1.0268930027794188 -3.176074398942885e-07 -8.61663661905408e-06 0.9999999999628264 -2.3506971013830098e-05
1615317800303227 1606417109778955 0.9997435601488146 -0.022645395677546 -2.1509928858375515e-07 -2.568856044894683 0.022645395678142808 0.9997435601431384 3.3717458453610025e-06 1.0734243497443068 1.3868960976036283e-07 -3.3757522038507115e-06 0.9999999999942926 -3.0148564015392977e-06
1615317800553871 1606417109778955 0.9999999554720299 -0.0002984296201344779 -4.066975450531703e-07 -1.0040156764876806 0.00029842961974493355 0.9999999554716543 -9.573928107743974e-07 1.0675884328208676 4.0698324131569586e-07 9.572713975477106e-07 0.999999999999459 3.553308188223683e-06
1615317800804489 1606417109778955 0.999736294949786 0.0229638969772781 -3.9626487552668035e-07 0.586537982335934 -0.022963896978027323 0.999736294947841 -2.0027706326912275e-06 1.0645948216409602 3.5016895999798915e-07 2.011342277734081e-06 0.9999999999979159 4.166602421484805e-06
1615317801055110 1606417109778955 0.9991139333294874 0.042087388025851546 7.124950027087315e-07 2.239722194747341 -0.0420873880315086 0.9991139332488029 1.2698695674920806e-05 1.060090200181563 -1.7740875228345637e-07 -1.2717430837545394e-05 0.9999999999191177 -6.595318475191606e-05
1615317801305122 1606417109778955 0.9981205322742954 0.06128134346513293 -2.2601785178571077e-07 3.9202114298439645 -0.061281343464167574 0.9981205322697653 3.035206906136421e-06 0.9951769931991519 4.115946154285908e-07 -3.015651655104456e-06 0.9999999999953683 -8.649772339644289e-06
1615317801555123 1606417111528979 0.9999905539982884 0.004346483476279941 -2.285673309885669e-07 -5.686548161739668 -0.004346483475161726 0.9999905539873469 4.684458663967002e-06 0.742721599618097 2.489260941163136e-07 -4.683420950424885e-06 0.9999999999890018 -1.5154602553330393e-05
1615317801803877 1606417111528979 0.9996671913422135 0.025797413793181036 -1.3945909551091932e-07 -3.9580951083317037 -0.02579741379261493 0.9996671913372849 3.146761664800873e-06 0.7833669057480277 2.2059099509073552e-07 -3.1421167112737815e-06 0.9999999999950392 -1.0240898332677862e-05
1615317802053891 1606417111528979 0.9993220204588211 0.03681710785161973 -8.57762674419797e-08 -2.164723422789114 -0.036817107851302634 0.9993220204558777 2.4316706469391456e-06 0.7529962644985025 1.7524519335486484e-07 -2.4268639898947236e-06 0.9999999999970398 -1.1871077668046706e-05
1615317802302632 1606417111528979 0.9988688331329749 0.04755054363440262 -3.277970963503187e-07 -0.3409943433948005 -0.04755054363438934 0.998868833133028 4.83784118683446e-08 0.7213206686693765 3.2972672291961027e-07 -3.2736757678454534e-08 0.9999999999999452 2.0908177782676856e-06
1615317802552633 1606417111528979 0.9984538060378325 0.05558774336870051 -4.5535876754080634e-07 1.4953504375222437 -0.05558774337019229 0.9984538060276495 -4.513918589745316e-06 0.703465431153269 2.0373614640475654e-07 4.532251562377441e-06 0.9999999999897086 2.8420259823696784e-05
1615317802802637 1606417111528979 0.9979618139389853 0.06381393205272222 -2.1474242492614295e-07 3.340832202516631 -0.0638139320529495 0.9979618139381364 -1.3081171654532265e-06 0.6050614746510499 1.308286399952454e-07 1.3191545377906025e-06 0.9999999999991214 1.027028058572229e-05
1615317803053274 1606417113028998 0.9997184532159948 0.023727922448184276 4.209965547884942e-07 -5.521815024561334 -0.023727922447384944 0.9997184532144605 -1.8118200314684756e-06 0.3611737857932125 -4.638687497574881e-07 1.801320545758759e-06 0.99999999999827 2.380690370326758e-06
1615317803303276 1606417113028998 0.9997587422718927 0.02196490963640518 2.3109424868082313e-07 -3.624509529602523 -0.0219649096364612 0.9997587422718884 2.4244345224955133e-07 0.36608127485917247 -2.2571324688630422e-07 -2.474609251822939e-07 0.9999999999999439 -1.5242272154788171e-05
1615317803554530 1606417113028998 0.9998463710658082 0.017528099468621078 1.3462422696363778e-07 -1.6542898379674638 -0.01752809946866135 0.9998463710657702 3.035438123141126e-07 0.35575199860804807 -1.2928299865151442e-07 -3.058568860421729e-07 0.9999999999999448 -7.480257622331017e-06
1615317803804534 1606417113028998 0.9999114650931098 0.013306463835620312 8.700713487378978e-08 0.4076422650178688 -0.013306463835837633 0.999911465087465 3.3600382899983074e-06 0.37930648607698636 -4.228920371243744e-08 -3.360898566607309e-06 0.9999999999943513 -2.2458931430331885e-05
1615317804053913 1606417113028998 0.999932357453049 0.011631015554160198 1.8012181873821675e-07 2.384806753592288 -0.01163101555366272 0.9999323574498116 -2.553020258488934e-06 0.36969126446127565 -2.09803853175142e-07 2.5507525660152397e-06 0.9999999999967248 8.227581428812387e-06
1615317804303916 1606417113028998 0.9998643377612019 0.016471371460791653 1.3989928983219374e-07 4.448920455564 -0.016471371461083226 0.999864337758252 2.430704652678194e-06 0.3559617436534798 -9.984327153496599e-08 -2.4326792310076904e-06 0.999999999997036 -1.7592198931637033e-05
1615317804553293 1606417114528388 0.9997437699619546 0.022636131001589337 5.269309595561912e-08 -5.101779464670989 -0.022636131001641052 0.9997437699566653 3.252045992501008e-06 0.14638042607131796 2.093414470804226e-08 -3.252405488448296e-06 0.9999999999947107 -6.736174456079615e-06
1615317804802674 1606417114528388 0.9997620585963731 0.021813440709619776 1.2453938764604098e-07 -3.0365066522137814 -0.021813440709885473 0.999762058592349 2.837255340253584e-06 0.1796235681405228 -6.261945342602737e-08 -2.839296872277599e-06 0.9999999999959672 -6.809549142692872e-06
1615317805052676 1606417114528388 0.9998061445011408 0.019689424121291765 -3.746467205038477e-08 -0.9813847937621165 -0.019689424121131966 0.9998061444978825 2.553925584587071e-06 0.22665169248180023 8.774273332653748e-08 -2.552692834245563e-06 0.999999999996738 -2.501050305946763e-06
1615317805302679 1606417114528388 0.9998409639108127 0.0178338691921048 -3.6192117752412966e-08 1.1454334653508178 -0.01783386919212919 0.9998409639104514 -8.500380229505945e-07 0.20859994865719536 2.1026894989866286e-08 8.505482817196477e-07 0.9999999999996381 1.5096447850278503e-05
1615317805553307 1606417114528388 0.9998868612307973 0.015042099005460458 -1.4721382110891712e-09 3.2513689754742945 -0.015042099005210405 0.9998868612135969 -5.865455387648556e-06 0.23817162359400765 -8.675678899773711e-08 5.86481392128081e-06 0.9999999999827982 3.0213894305404935e-05
1615317805803941 1606417115778414 0.9997692767971649 0.021480064639631993 1.29940982020204e-07 -4.723935237456883 -0.02148006463985754 0.9997692767949664 2.098196055817373e-06 0.09358359501074916 -8.484161471460135e-08 -2.1005030939916686e-06 0.9999999999977903 -1.8290633138638393e-05
1615317806054561 1606417115778414 0.999861829172946 0.016622953028657367 5.6135181211314095e-08 -2.6619088631205337 -0.016622953028565663 0.9998618291720225 -1.361110446950504e-06 0.12689209627283357 -7.875309999314152e-08 1.3599892487107746e-06 0.9999999999990721 6.876354591329332e-06
1615317806304568 1606417115778414 0.9998821932252361 0.015349256514652822 6.893736303621938e-08 -0.6303160826750837 -0.015349256514629367 0.9998821932251842 -3.296561395716261e-07 0.11637948686664164 -7.398921839556461e-08 3.285591665756236e-07 0.9999999999999433 1.0436119836844367e-06
1615317806554576 1606417115778414 0.9998430945082314 0.017714016164301207 -7.189931298244367e-10 1.4327625004528464 -0.0177140161642901 0.9998430945076449 1.0831592283551827e-06 0.12072102299109173 1.9905980395406765e-08 -1.082976538465452e-06 0.9999999999994134 -6.653557598365934e-06
1615317806803960 1606417115778414 0.9997861820539251 0.02067825375779009 1.7243238141402893e-07 3.4360073874406267 -0.020678253758212774 0.9997861820494794 2.9835057527248425e-06 0.10763769781629884 -1.107018232327274e-07 -2.9864334261850363e-06 0.9999999999955345 -2.1342729807952945e-05
1615317807053334 1606417115778414 0.999689385444551 0.024922532655418272 3.224787669075005e-08 5.4500972555522775 -0.024922532655171102 0.9996893854389617 -3.3448888814071393e-06 0.11642324587215153 -1.1560096240604213e-07 3.343046211466866e-06 0.9999999999944054 1.4905515348240638e-05
1615317807303337 1606417117279052 0.9986745917963279 0.05146901694117577 1.1000857857127071e-07 -4.512886355728377 -0.05146901694118433 0.9986745917963306 7.590167975787271e-08 -0.12651435164030114 -1.0595618745720014e-07 -8.146311244282754e-08 0.9999999999999911 -5.752710194732722e-07
1615317807552715 1606417117279052 0.9986747983307889 0.0514650093099756 3.8448591843613715e-07 -2.5737809475345106 -0.05146500931138738 0.9986747983097332 6.48518839242109e-06 -0.17649422824623942 -5.0216116054134566e-08 -6.4963817812962126e-06 0.9999999999788972 -3.363247600529167e-05
1615317807803343 1606417117279052 0.9987425456732908 0.05013309751549336 -4.919921737409426e-08 -0.6290969581961845 -0.05013309751547212 0.998742545670583 -2.3265430584630985e-06 -0.21502160179362684 -6.749945841856847e-08 2.3260840459850655e-06 0.9999999999972924 1.8908630728728397e-05
1615317808054017 1606417117279052 0.9990940361114125 0.04255710294416322 2.704480249947276e-07 1.3497276972476668 -0.042557102944955065 0.9990940361009752 4.567361007972587e-06 -0.2893844697809236 -7.582935624790255e-08 -4.574732628263968e-06 0.999999999989533 -1.8517832087055216e-05
1615317808303973 1606417117279052 0.999725981444841 0.02340858877871052 -6.301771098992061e-08 3.2627497927785076 -0.023408588778749215 0.9997259814445937 -7.045812436942012e-07 -0.34591376157280274 4.6507190372856e-08 7.058633310405772e-07 0.9999999999997498 9.875672060869207e-07
1615317808554603 1606417117279052 0.9999967085092365 -0.002565730920715751 3.276752470075078e-08 5.192583738577908 0.002565730920843078 0.9999967084977952 -4.783540595270432e-06 -0.3171581946773416 -2.0494138830513068e-08 4.783608922931391e-06 0.9999999999885584 9.12243216766357e-06
1615317808804606 1606417118778455 0.9881151544354345 0.15371545654041457 -2.733656723082599e-07 -4.590325062537563 -0.1537154565406571 0.9881151544340269 -1.66784709073513e-06 -0.5546532287619768 1.3742886517855242e-08 1.6900455147540675e-06 0.9999999999985718 -5.186973464283533e-06
1615317809054616 1606417118778455 0.993970860281766 0.10964455716148172 2.327726785178146e-07 -2.698527930329398 -0.10964455716170876 0.993970860280629 1.5047469268331504e-06 -0.7766005345377924 -6.638194908330877e-08 -1.5211968546227244e-06 0.9999999999988408 -8.619293962453756e-06
1615317809303996 1606417118778455 0.9988080137354489 0.04881138906354516 -1.4148306943164254e-08 -0.8606996883103151 -0.04881138906352979 0.9988080137348037 -1.1358570467948693e-06 -0.8625329687744497 -4.1311317875968265e-08 1.1351937193088544e-06 0.9999999999993548 -7.438240123696919e-06
1615317809553369 1606417118778455 0.9999115234340665 -0.013302079088654564 -3.8610483899727486e-07 0.9872086032416636 0.013302079087267125 0.999911523428388 -3.3973053864829734e-06 -0.8545472213897684 4.3126190270317735e-07 3.391868807457059e-06 0.9999999999941546 -2.2505383102918325e-05
1615317809803373 1606417118778455 0.9970498404795131 -0.07675686030389309 -7.293207237481601e-07 2.8058392976428417 0.07675686029526423 0.997049840446081 -8.277856146490361e-06 -0.7362137491133973 1.3625513590959529e-06 8.197454781449092e-06 0.9999999999654726 -6.103738183654789e-05
1615317810052761 1606417118778455 0.9910540375046377 -0.1334612106572646 -3.4503192856622593e-07 4.609160181430889 0.13346121064892685 0.9910540374657606 -8.910826917292928e-06 -0.4472419873986458 1.53119503419599e-06 8.785062614969561e-06 0.999999999960239 -9.316222566870783e-05
1615317810302757 1606417120279103 0.9909885227053341 0.13394680985238552 1.0648790593912635e-06 -4.841131572057032 -0.1339468098532493 0.9909885227054778 7.856917974686262e-07 -0.6490912599216349 -9.500420161259172e-07 -9.212487065580634e-07 0.9999999999991244 2.17834362469698e-05
1615317810552759 1606417120279103 0.9977395678090385 0.06719936629579686 1.463465536879978e-06 -3.019132526411821 -0.06719936630030778 0.9977395678043871 3.288909892034016e-06 -0.810515243237236 -1.2391448117118178e-06 -3.379819490914018e-06 0.9999999999935206 5.2561246126548315e-05
1615317810803392 1606417120279103 0.9999999973743043 -6.05718437232172e-05 3.983602303439494e-05 -1.1612298622545079 6.056630710910517e-05 0.9999999885115363 0.00013897163330133644 -0.842411875369037 -3.984444034472562e-05 -0.00013896922021531806 0.9999999895499881 0.0028635358384962286
1615317811054012 1606417120279103 0.9974328553470666 -0.07160795386019847 4.755928940760988e-06 0.6541988507347307 0.07160795374082728 0.997432855129601 2.176072437086217e-05 -0.6666285064783171 -6.301960728875828e-06 -2.1364299104017186e-05 0.999999999751926 0.0003939035883962033
1615317811304018 1606417120279103 0.9900914661766632 -0.140423960236241 4.2613542044764896e-07 2.4969012246297533 0.14042396023532272 0.9900914661753972 1.7163417792131656e-06 -0.39853671011364666 -6.629285529748314e-07 -1.639495725301962e-06 0.9999999999984363 6.003503647132401e-06
1615317811554028 1606417120279103 0.9793534961101222 -0.2021552118083978 2.1957678735771742e-07 4.296329768935966 0.20215521180833912 0.9793534961101235 2.62687136746702e-07 -0.027037807527983394 -2.681468681311821e-07 -2.1287497379907115e-07 0.9999999999999414 2.2035862739651978e-05
1615317811804030 1606417121777871 0.9925520508694228 0.12182128844503261 9.800215638370876e-07 -4.510661897466663 -0.12182128844599516 0.9925520508692937 9.908229990255573e-07 -0.07794290635403903 -8.520190787184663e-07 -1.10283088934044e-06 0.9999999999990289 1.553953834585741e-06
1615317812053411 1606417121777871 0.9982467750000457 0.059189325103682966 -4.944666629106536e-07 -2.658250845136534 -0.05918932510460149 0.9982467749978748 -2.1140211768051325e-06 -0.19100877936532867 3.6847226488370664e-07 2.139581970087154e-06 0.9999999999976432 -6.947689321781346e-05
1615317812303412 1606417121777871 0.9999994768816656 -0.001022859156961603 -7.498536964631807e-08 -0.6777795172150076 0.001022859156889419 0.9999994768812117 -9.55599014802807e-07 -0.18416469188590381 7.596277362265403e-08 9.555218154373263e-07 0.9999999999995406 -2.2598258663707264e-05
1615317812552788 1606417121777871 0.9981941576511181 -0.060070155909659834 2.1515922858611718e-06 1.258092127126333 0.06007015590353108 0.9981941576498559 2.808062660692545e-06 -0.11003837471653284 -2.316387611217844e-06 -2.6737452581630665e-06 0.9999999999937427 0.00011902095913443582
1615317812803421 1606417121777871 0.9929653091774008 -0.1184056365830177 -2.548142544581061e-07 3.2095876193767183 0.11840563658305436 0.9929653091774199 1.3414186432173273e-07 0.09502327573663362 2.3713856212283014e-07 -1.6336966178904587e-07 0.9999999999999586 -3.962960858835326e-05
1615317813054051 1606417123279142 0.9941221800120283 0.10826398177298964 3.82525235418366e-05 -5.342353725803115 -0.10826398394120304 0.9941221786969621 6.007037013177691e-05 -0.27383478249417637 -3.1524224586953586e-05 -6.385865790383284e-05 0.9999999974641476 0.0007399092056662524
1615317813304056 1606417123279142 0.9974094166807005 0.07193368717216614 1.3074673821463076e-05 -3.25269090686171 -0.07193368751704805 0.9974094163439345 2.816232526681235e-05 -0.3028364978363795 -1.1014982889344524e-05 -2.9029877917739106e-05 0.9999999995179681 -0.001151322385435521
1615317813554684 1606417123279142 0.9989781804032296 0.0451950752312563 1.6048649018709038e-05 -1.1972026036838914 -0.045195075703336716 0.9989781800487214 3.0383864461281333e-05 -0.33050196184088926 -1.4659049148774062e-05 -3.10781375404166e-05 0.9999999994096308 -0.0009097853385475212
1615317813804686 1606417123279142 0.999532936815668 0.030558477364925726 -0.00029611863958210055 0.8841759389923509 -0.03055859292389408 0.9995328995270044 -0.000393911304925607 -0.36817121413391735 0.0002839429927294987 0.0004027762924204507 0.9999998785738102 -0.023391538023139865
1615317814054067 1606417123279142 0.9996870612891054 0.025015552536473685 -4.033500743491713e-05 3.0436208011195163 -0.025015555702699872 0.9996870588223008 -8.000354964273814e-05 -0.4973966310853907 3.8321051950910195e-05 8.098751606012207e-05 0.9999999959862595 -0.004081282106004891
1615317814303437 1606417123279142 0.9997816061911621 0.020898322358505087 6.991827786160813e-06 5.1351490034026135 -0.020898322370487818 0.999781606214006 1.6451555738596879e-06 -0.5487036696594699 -6.955919822891637e-06 -1.7909137530978993e-06 0.9999999999742039 -0.001414039077289436
1615317814552820 1606417124779173 0.9999978775439523 0.002060315655533328 -3.384635718334162e-06 -3.828595483578716 -0.002060315725025977 0.9999978773361552 -2.0658224551520825e-05 -0.7247281544282858 3.3420660704247693e-06 2.0665154123494863e-05 0.999999999780891 -7.460253545442882e-05
1615317814803449 1606417124779173 0.999988924829557 0.004706399387673131 -5.243655576420076e-06 -1.6212068361191647 -0.0047063994537947 0.9999889247627327 -1.266964829781104e-05 -0.6400735585805748 5.183969076688006e-06 1.2694186717009092e-05 0.9999999999059921 -0.0001759851460221429
1615317815053459 1606417124779173 0.999930857022533 0.011759301707989249 1.4101321161357975e-06 0.564893668416721 -0.011759301706061504 0.9999308570226145 -1.367699355492672e-06 -0.6290214712205637 -1.4261178047666504e-06 1.3510226196848973e-06 0.9999999999980704 0.00019411370195923425
1615317815304088 1606417124779173 0.9998262964056264 0.018638052807964538 -2.79315494042766e-06 2.765498783365633 -0.018638052812593342 0.9998262964080956 -1.6404058249189195e-06 -0.5620815413180569 2.7620957889842715e-06 1.6921798498205557e-06 0.9999999999947536 -5.017160169738405e-06
1615317815554715 1606417124779173 0.9994819464027582 0.03218444995437238 -7.44345110694182e-07 4.978699623633222 -0.03218444995511856 0.9994819464024977 -1.0131105849658278e-06 -0.6015873546139473 7.11353093110139e-07 1.0365420773450414e-06 0.9999999999992097 5.7162019204963445e-05
1615317815804720 1606417126278559 0.9974710867225683 -0.07107342088958721 1.256687065945419e-07 -4.574003817520907 0.07107342088955118 0.9974710867225419 2.705264167854432e-07 -0.7615845092453731 -1.445781392154948e-07 -2.609105740611166e-07 0.9999999999999555 1.2413466841097778e-05
1615317816054759 1606417126278559 0.9985310399600712 -0.054182674728406294 -2.2149085927074265e-09 -2.3671575719941225 0.05418267472840627 0.9985310399600703 3.8832550069589365e-08 -0.5520657528314699 1.0760355119736667e-10 -3.889551627703357e-08 0.9999999999999992 -5.50340003596541e-05
1615317816304726 1606417126278559 0.9994295499367061 -0.03377239579312685 -4.1323705913263613e-07 -0.2092669540759699 0.03377239579322585 0.9994295499367605 2.351108928053219e-07 -0.4282847589125982 4.050610698981199e-07 -2.489327792985402e-07 0.999999999999887 -4.49942230883783e-06
1615317816554107 1606417126278559 0.9999167907502329 -0.012900061228833202 -7.162533378952091e-07 1.8854431585719997 0.012900061226617819 0.9999167907459696 -3.015880928650659e-06 -0.28328141540131063 7.550987876260214e-07 3.006390267541875e-06 0.9999999999951957 6.270703419106722e-06
1615317816804107 1606417126278559 0.999903292036685 0.013907069377236167 -4.428989103254853e-08 4.055899787149768 -0.013907069377279736 0.9999032920359492 -1.2132499421399728e-06 -0.27041220565684326 2.74128567300293e-08 1.2137485537936684e-06 0.999999999999263 3.178891709526174e-05
1615317817053480 1606417127779204 0.9939717206622445 -0.10963675719470604 1.7819557778748533e-07 -5.288474124268765 0.10963675719464758 0.9939717206622183 3.0981466763153557e-07 -0.43844489212007137 -2.1108844055783067e-07 -2.884102329764286e-07 0.9999999999999362 -4.377814745279607e-05
1615317817303491 1606417127779204 0.9968839625970171 -0.07888196955701343 -3.7540833306874084e-07 -3.273037175891014 0.07888196955590032 0.9968839625943153 -2.388025839139108e-06 -0.16971708491535378 5.626107282035703e-07 2.3509717125996514e-06 0.9999999999970782 -4.259174754629397e-06
1615317817552871 1606417127779204 0.9987834510558584 -0.04931143783183313 -6.103248177016567e-07 -1.1961166083598465 0.049311437832438784 0.9987834510554933 1.0207193411883801e-06 -0.005643740330807671 5.592491893508679e-07 -1.049573580454938e-06 0.9999999999992928 -6.58303641156798e-06
1615317817803500 1606417127779204 0.9997236381984993 -0.023508450143068235 -1.8687956066958403e-06 0.801944082232903 0.023508450139048627 0.9997236381980402 -2.1445063806561077e-06 0.10263761966661362 1.9186931643013478e-06 2.099981232664643e-06 0.9999999999959543 -1.3778254928512164e-05
1615317818054139 1606417127779204 0.9999910255865061 0.004236596201618048 -1.8808524442129006e-06 2.8678801949595805 -0.0042365962074503525 0.9999910255834208 -3.107771059080153e-06 0.16998131335441416 1.867669193590934e-06 3.115711580982618e-06 0.9999999999934021 -1.3529609194216841e-05
1615317818304129 1606417127779204 0.999549033402444 0.03002881660408481 1.4364867692545066e-06 4.902040658563773 -0.030028816606400083 0.9995490334020966 1.6182491403471012e-06 0.15390996465694698 -1.3872448550449468e-06 -1.6606553617860354e-06 0.9999999999976589 1.642024431107859e-05
1615317818554756 1606417129279226 0.9989523560333041 -0.045762324896197436 2.666553424153881e-07 -4.11765181368053 0.04576232489675962 0.9989523560295065 -2.758018950466737e-06 0.12523417116210928 -1.4016262327226084e-07 2.7673322969621392e-06 0.9999999999961611 7.74949417291042e-05
1615317818804762 1606417129279226 0.9995635170050412 -0.02954277366697079 1.0199801218239523e-06 -2.128485064175567 0.029542773665266395 0.9995635170042542 1.6474286526675842e-06 0.19525495046713792 -1.0682045296606366e-06 -1.6165765361895597e-06 0.9999999999981228 1.218168280658203e-05
1615317819054769 1606417129279226 0.9998036958939779 -0.01981337124223464 1.1067731552837343e-06 -0.19631445238742767 0.019813371239563126 0.9998036958918232 2.37467748423864e-06 0.29323342483987197 -1.1536062577397522e-06 -2.3522824178891347e-06 0.999999999996568 -3.3445241806855506e-05
1615317819304140 1606417129279226 0.9999897348457509 -0.004531027186525109 -4.7466063699195676e-07 1.714652244316686 0.0045310271853486505 0.9999897348428655 -2.450821665413976e-06 0.3515521904880185 4.857605041201466e-07 2.448645807096054e-06 0.999999999996884 1.2936083099154319e-05
1615317819554147 1606417129279226 0.9999796506423517 0.006379521817426718 2.65454145478007e-06 3.6071546700242227 -0.006379521819978188 0.9999796506454038 9.537933805249199e-07 0.3946792372866965 -2.6484026908884314e-06 -9.707086765729257e-07 0.9999999999960218 3.3917151596438636e-05
1615317819803534 1606417130779254 0.9980846913721455 -0.06186233792053142 2.018500813960165e-07 -4.748131090044105 0.06186233792062995 0.9980846913720212 -5.25575554490486e-07 0.12689052923611846 -1.6895014363852176e-07 5.37055833039809e-07 0.9999999999998415 7.57599972990505e-07
1615317820053540 1606417130779254 0.9988053339047704 -0.04886619453001135 3.040921044124675e-08 -2.9368369295826544 0.04886619452999495 0.9988053339034102 -1.6490245990200876e-06 0.24966558694306987 5.020867525186535e-08 1.6485405476306834e-06 0.9999999999986399 1.2746632676449973e-05
1615317820302909 1606417130779254 0.999178342236876 -0.04052950045892512 1.335610210890837e-06 -1.165776568712897 0.0405295004572663 0.9991783422370583 1.2464748627658786e-06 0.36859125761601236 -1.3850317999122101e-06 -1.1913190723626587e-06 0.9999999999983312 -4.052650135684728e-05
1615317820553541 1606417130779254 0.9994366523655065 -0.03356155406282994 1.335309572879124e-06 0.5590480566139344 0.03356155406029853 0.9994366523647246 1.8749877893895652e-06 0.46654969627646586 -1.3974848334465053e-06 -1.8291164550322076e-06 0.9999999999973507 -3.2335163557502734e-05
1615317820803543 1606417130779254 0.9997260024968045 -0.02340768967450648 -5.715575158325918e-07 2.1787605295846797 0.023407689672647506 0.9997260024923058 -3.0672391425384465e-06 0.5339643298883203 6.43197892502363e-07 3.0530198857041904e-06 0.9999999999951327 6.312840736856086e-05
1615317821054177 1606417130779254 0.9999998471187365 -0.000552961954289064 -2.1529865385160757e-07 3.748521436253536 0.0005529619538609201 0.9999998471167929 -1.9833142908700033e-06 0.5880277982832894 2.1639531828181254e-07 1.983194935689684e-06 0.99999999999801 3.515954733255049e-05
1615317821304178 1606417130779254 0.9995760702623713 0.02911494053337101 1.0192667650754145e-06 5.233666953037333 -0.02911494053451099 0.9995760702622277 1.121985985008058e-06 0.5778214663284512 -9.861681123479894e-07 -1.151186233035214e-06 0.9999999999988511 -4.120658426788277e-05
