1631149238737476 1606417097528152 0.9982802188022365 0.058622561471056454 6.260734576209778e-06 -6.096407687823893 -0.0586225616840332 0.9982802179142926 4.227362371101389e-05 -0.7525873555272611 -3.7717793724305513e-06 -4.256794262658053e-05 0.999999999086872 0.0004553482802330402
1631149238987544 1606417097528152 0.9982481294212583 0.0591664009716157 9.543317252609572e-05 -6.099883398614408 -0.05916642675553063 0.9982480889209674 0.0002948136424965045 -0.7635647825320544 -7.782291990981526e-05 -0.00029994360696164674 0.9999999519887117 -0.0030295572440059864
1631149239237604 1606417097528152 0.9980539290302071 0.06235666263249557 3.711022877560148e-05 -6.095322334592955 -0.06235666562759301 0.9980539258346313 8.592062745018193e-05 -0.7591094600637615 -3.168028593895639e-05 -8.806748993832173e-05 0.9999999956202383 -0.0002932590540501229
1631149239488291 1606417097528152 0.9976790151761519 0.06809245519160968 1.5086022881121857e-05 -6.088003595226148 -0.06809245581906359 0.9976790141892414 4.594972938435974e-05 -0.7592930396795409 -1.1922178546876335e-05 -4.6870325106212205e-05 0.9999999988305172 -9.682727022418066e-05
1631149239737729 1606417097528152 0.9976741742274976 0.06816334785650083 9.64053570084592e-06 -6.092111938108365 -0.06816334813133879 0.9976741737473045 3.1837469057227636e-05 -0.754865212290445 -7.447965011587868e-06 -3.242055184224005e-05 0.9999999994467178 -8.687049744154324e-05
1631149239988419 1606417097528152 0.9976796443821311 0.06808323720638636 1.2284328966650497e-06 -6.087147922118321 -0.0680832372149565 0.9976796443379203 9.410519675827857e-06 -0.7430698958610189 -5.848838521117239e-07 -9.472319611916138e-06 0.9999999999549666 0.00012482225250888727
1631149240238486 1606417097528152 0.9974839289766121 0.0708929574900666 4.019729386238111e-06 -6.093031667713158 -0.07089295753833802 0.9974839288897974 1.3509480042526587e-05 -0.7492737599197766 -3.0518884668840117e-06 -1.3760459735914011e-05 0.9999999999006679 -2.2511361386165308e-05
1631149240488548 1606417097528152 0.9974958030527483 0.07072568766397419 1.037536894179769e-06 -6.0912492782244705 -0.07072568767008341 0.997495803019822 8.117852524334588e-06 -0.742325494256498 -4.607979952832208e-07 -8.170904333130612e-06 0.999999999966512 -8.089884438999023e-06
1631149240738610 1606417097528152 0.9976627689736653 0.06833007621639667 9.619034827800976e-06 -6.098194064485501 -0.06833007689146281 0.9976627601321977 0.00013282272776164212 -0.7454617706468328 -5.20765724887812e-07 -0.00013316955975042316 0.9999999911327986 -0.00026780422000366347
1631149240988674 1606417097528152 0.9978222160552509 0.06596078492357832 1.821850374241339e-06 -6.111227271741775 -0.06596078488546762 0.9978222135077527 7.135998166498074e-05 -0.737928038060735 2.8890776296424186e-06 -7.132474572308274e-05 0.9999999974522169 0.00011237047902752869
1631149241238737 1606417097528152 0.997764940192247 0.0668215842920586 5.7124063955326e-07 -6.101318456712859 -0.06682158426608052 0.9977649394821023 3.7694996091484966e-05 -0.747805433661056 1.948875476558116e-06 -3.7648916725215544e-05 0.9999999992893804 0.00017595995172928457
1631149241488798 1606417097528152 0.9976169950796206 0.06899515296556273 1.7927073865005077e-07 -6.09830858553314 -0.06899515295216074 0.9976169948274457 2.2472858243182923e-05 -0.7442183123779109 1.3716747565061596e-06 -2.2431674123397355e-05 0.9999999997474692 0.00012774199663540927
1631149241738240 1606417097528152 0.9973453954131772 0.07281594779007468 1.7845003551710333e-07 -6.102098108283683 -0.07281594778201406 0.9973453952598251 1.7524136675300404e-05 -0.7451995829499282 1.0980603000053989e-06 -1.7490611030130898e-05 0.9999999998464364 5.541134847956805e-05
1631149241988928 1606417097528152 0.9975098267915476 0.07052762195238207 -7.102584118419351e-07 -6.107016032476683 -0.07052762194771632 0.9975098267783531 5.242658123312608e-06 -0.7481328445884673 1.078241955508479e-06 -5.179510159745722e-06 0.9999999999860051 0.00010997208401188425
1631149242238366 1606417097528152 0.9975705781722299 0.06966305741994223 7.030030728468144e-07 -6.1090543978274034 -0.0696630574232304 0.997570578090202 1.2794248367738544e-05 -0.7448956164471375 1.8999127690736924e-07 -1.2812139084887877e-05 0.9999999999179064 -5.375394363069346e-05
1631149242489055 1606417097528152 0.9978025594202954 0.06625747061631869 -2.510213096329509e-06 -6.104692948115131 -0.06625747065208774 0.9978025592412397 -1.8944267826326404e-05 -0.7497134073497876 1.2494977829051871e-06 1.9068959293970002e-05 0.9999999998174067 0.00013493685145656533
1631149242739119 1606417097528152 0.9979052165151101 0.06469295831823375 -6.572680394584342e-07 -6.115423264813561 -0.06469295831860149 0.9979052165151484 -5.544146689283655e-07 -0.757316052282924 6.200244801548714e-07 5.957739041156172e-07 0.9999999999996303 -7.848829561928523e-05
1631149242989180 1606417097528152 0.9979617912657429 0.06381428661726617 -1.2902222249761122e-06 -6.113138269997832 -0.06381428663028997 0.9979617910772139 -1.939823303944437e-05 -0.7548659446351104 4.970807947707728e-08 1.9441030002272208e-05 0.999999999811022 7.73693806018419e-05
1631149243239248 1606417097528152 0.9978004783113562 0.06628880361723198 1.0442012157954776e-06 -6.102507246678185 -0.0662888036145591 0.9978004783091583 -2.414636603845074e-06 -0.7555662955050186 -1.2019678442083173e-06 2.340106708931547e-06 0.9999999999965395 -7.728583698996365e-05
1631149243489309 1606417097528152 0.9977121372124611 0.06760540853292292 -7.108739592215972e-07 -6.092235804621253 -0.06760540853568174 0.9977121371994402 -5.110198789833088e-06 -0.7538397209673878 3.637705002624779e-07 5.146566280603965e-06 0.9999999999866903 4.32590819163471e-05
1631149243739372 1606417097528152 0.9977791560497125 0.06660897655048804 2.922029574437294e-07 -6.116849503913462 -0.06660897654821242 0.9977791560374741 -4.981018183101678e-06 -0.7280002277828455 -6.233345436242455e-07 4.950492779052722e-06 0.9999999999875521 4.054681107452766e-06
1631149243988809 1606417097528152 0.9978716216985846 0.0652090991542059 7.74368450151255e-07 -6.124642155472848 -0.06520909915815143 0.9978716216713615 7.376652912446388e-06 -0.738905997729243 -2.9169540992904953e-07 -7.411448473484773e-06 0.9999999999724927 -0.00010800728528664303
1631149244238877 1606417097528152 0.9979153241380708 0.06453685656126289 -2.5609683920006796e-07 -6.106918409648521 -0.06453685656131768 0.9979153241380776 -2.1147738558556695e-07 -0.7518605219898751 2.419148746010465e-07 2.2756420876124595e-07 0.9999999999999448 2.556499135347651e-05
1631149244488949 1606417097528152 0.9980260337744735 0.0628015597845502 1.21919466873417e-06 -6.115569123515555 -0.06280155979433906 0.9980260337105864 1.1303928098787837e-05 -0.7496607593165624 -5.06883703260438e-07 -1.1358181853369137e-05 0.9999999999353674 -5.890279861895229e-05
1631149244739625 1606417097528152 0.998114855460171 0.06137373467961556 2.379843838369405e-06 -6.101472338647511 -0.061373734724626636 0.998114854926689 3.263572435944097e-05 -0.7519989745983515 -3.72381199567974e-07 -3.272026120621047e-05 0.9999999994646229 -6.0821888916474695e-05
1631149244989693 1606417097528152 0.9981799868419016 0.06030517284259227 1.0918248704645803e-06 -6.101032228246675 -0.06030517285240125 0.9981799866485439 1.96473878893908e-05 -0.7515563153742544 9.500138795204942e-08 -1.9677472072403827e-05 0.999999999806394 1.6634852929234867e-05
1631149245239755 1606417097528152 0.9982625278020189 0.05892304797937524 2.758518770647789e-06 -6.094495183568501 -0.058923048043742494 0.9982625268277153 4.41049317980658e-05 -0.7571607807580726 -1.5492890582367688e-07 -4.4190841039226586e-05 0.9999999990235727 -3.614181860407087e-05
1631149245489819 1606417097528152 0.9983641570440817 0.057175256308774694 3.897771713533979e-07 -6.091976022157822 -0.057175256303538396 0.9983641568029397 2.196008142923185e-05 -0.7615509377814393 8.664337272566513e-07 -2.1946443794338843e-05 0.9999999997588015 7.093566797338079e-05
1631149245739883 1606417097528152 0.9983618451083697 0.057215611820272336 -5.56005858191447e-07 -6.087506117361928 -0.057215611813501724 0.9983618450727745 8.49453070738357e-06 -0.7693706476229791 1.0411148060020174e-06 -8.448803134985985e-06 0.9999999999637669 7.570406512691274e-05
1631149245989945 1606417097528152 0.9982177805386054 0.05967631541109279 -4.3914018731778714e-08 -6.089430760982626 -0.059676315408943664 0.9982177805083834 7.784236049173165e-06 -0.7750228713901705 5.083702800153602e-07 -7.767742205344183e-06 0.9999999999697019 3.731290437164388e-05
1631149246240641 1606417097528152 0.997999457273613 0.06322249034987035 -1.0145649496891488e-08 -6.0769187332590695 -0.06322249034897867 0.9979994572603635 5.153473457677103e-06 -0.766554151008927 3.359407786370024e-07 -5.142522280596835e-06 0.9999999999867208 2.529133721584983e-05
1631149246490699 1606417097528152 0.998062179381719 0.062224481454462216 -4.603168817758028e-08 -6.0746785865365505 -0.06222448145414373 0.9980621793784926 2.5458869933467577e-06 -0.7594890709900205 2.0435898502519072e-07 -2.5380892231062614e-06 0.9999999999967581 1.4014182674368545e-05
1631149246740760 1606417097528152 0.9980943633719457 0.06170609215955782 -1.1112530190769828e-07 -6.08343549522693 -0.06170609215945822 0.9980943633716783 7.468490839043003e-07 -0.7734060867993984 1.569986758623787e-07 -7.385687528119704e-07 0.9999999999997149 1.3582038753917618e-05
1631149246990828 1606417097528152 0.9979420228428686 0.06412268746226052 1.1688374026640352e-06 -6.090105525467982 -0.064122687472569 0.9979420227314646 1.4912848576977419e-05 -0.7631417499802264 -2.1018003338470948e-07 -1.4957107270702123e-05 0.9999999998881204 -3.073532778444917e-05
1631149247240887 1606417097528152 0.9980146402190022 0.06298236191898303 3.277355592355507e-07 -6.082458223592792 -0.06298236191957549 0.9980146401864045 8.068346299918804e-06 -0.760601519002199 1.810786205220067e-07 -8.072969289263445e-06 0.9999999999673972 1.2041228433746312e-05
1631149247490950 1606417097528152 0.9981863000718402 0.060200584326840625 2.504269795030382e-07 -6.093178147006489 -0.06020058432736154 0.9981863000631275 4.170547445080686e-06 -0.7586088319428687 1.0966130505446293e-09 -4.178059173967246e-06 0.9999999999912719 1.676222703725325e-05
1631149247741019 1606417097528152 0.9982452230669067 0.059215490118477286 -1.8936637185179263e-05 -6.093982094466873 -0.05921549294889053 0.9982451948112352 -0.00023756170617330135 -0.7633917635428313 4.836074211544638e-06 0.0002382661806763048 0.9999999716029193 0.000650434565982489
1631149247991081 1606417097528152 0.9980705918506253 0.062089400572117204 -4.899294044470623e-06 -6.102193982710538 -0.06208940072141163 0.9980705850655403 -0.00011640210958836097 -0.7583216856099719 -2.337495936293189e-06 0.00011648171664043588 0.9999999932132729 -0.0001697162008744848
1631149248241143 1606417097528152 0.9981756150355072 0.06037749209448286 -1.1545719267444123e-06 -6.101504296736166 -0.060377492058523455 0.9981756133214996 -5.8544308509698386e-05 -0.7706515210308191 -2.382292983114131e-06 5.850721131070404e-05 0.9999999982856155 -0.00026524948559712247
1631149248491207 1606417097528152 0.998339423979541 0.05760550781515861 1.4217477350619955e-06 -6.098826805845837 -0.057605507751437815 0.9983394235780679 -2.8477625310646343e-05 -0.769170076440526 -3.059854881678029e-06 2.834843554869987e-05 0.9999999995935017 -0.000235075944021556
1631149248741270 1606417097528152 0.9983103727492627 0.058106795341390856 9.204308782418317e-07 -6.099926602435033 -0.058106795313358856 0.9983103725694796 -1.905421634725376e-05 -0.7676190760027997 -2.0260551426580257e-06 1.8968538535387548e-05 0.9999999998180448 -0.0001248460071899894
1631149248991337 1606417097528152 0.998130331058426 0.061121526643965765 3.473288720857486e-05 -6.092858068925375 -0.061121536074362465 0.9981302307936963 0.000447446195567444 -0.7755608625970825 -7.319350161493471e-06 -0.0004487325467300498 0.9999998992927592 -0.0011128813487309634
1631149249242024 1606417097528152 0.99791071504639 0.06460808511060465 1.1764745265577217e-05 -6.09011320349732 -0.06460808613370564 0.9979106907374371 0.0002202783155559891 -0.7700571253810832 2.4915950851338975e-06 -0.00022057818906065843 0.9999999756695269 0.0003329600337287274
1631149249492091 1606417097528152 0.9979881944667216 0.06340002002088262 3.421797900524936e-05 -6.10110365514992 -0.06340002226674873 0.9979881925175008 6.911362077929395e-05 -0.7605290313961406 -2.976733407786111e-05 -7.114399824528241e-05 0.9999999970262187 0.0018609102499240182
1631149249742152 1606417097528152 0.9980998986210755 0.06161649237049648 1.5653140978502876e-05 -6.105873010812832 -0.06161649277649108 0.9980998983553546 2.6933627712312384e-05 -0.7638432323155628 -1.3963842753109079e-05 -2.784694273712593e-05 0.9999999995147795 0.00040181302632716175
1631149249992208 1606417097528152 0.9980951799149486 0.061692880809290675 1.7101533446589444e-05 -6.11239738138265 -0.06169288201155275 0.9980951766119017 8.208307039277996e-05 -0.7683496897941365 -1.200501696747873e-05 -8.298175979660492e-05 0.9999999964849535 0.0005158392461992997
1631149250242904 1606417097528152 0.9982838313119164 0.0585610103465976 -1.458945408686146e-05 -6.100848510830065 -0.05856101066495102 0.9982838311475731 -2.2443000212592613e-05 -0.7668473618589351 1.3250131352495775e-05 2.3258857414685682e-05 0.9999999996417298 0.0002855172421178005
1631149250492940 1606417097528152 0.998353603777884 0.05735923467949834 -5.015933631463513e-06 -6.092603830660399 -0.05735923464322934 0.9983536037673342 7.098226669217477e-06 -0.774098205512004 5.414824266545206e-06 -6.798830061508388e-06 0.9999999999622278 -3.6236916318814517e-05
1631149250742966 1606417097528152 0.9982703239050396 0.05879081886107714 -5.712897458242922e-06 -6.061653013635187 -0.0587908187080768 0.9982703236413715 2.4021878251629034e-05 -0.761912918517121 7.115281887548592e-06 -2.3644462264242963e-05 0.9999999996951561 0.0005615075658258325
1631149250993012 1606417097528152 0.9983178823665585 0.057977631402099064 -2.935696989198338e-06 -6.0255814512016475 -0.057977631333143265 0.9983178821794428 1.975386912057004e-05 -0.7616532913904429 4.076041343605654e-06 -1.9550436031204423e-05 0.9999999998005832 0.0002763401564062374
1631149251243061 1606417097528152 0.9983044621852617 0.058208239307249186 4.0770219873246635e-05 -5.988568030454594 -0.05820824295439637 0.9983044582989333 9.485304642799469e-05 -0.7776147054922866 -3.517986343970898e-05 -9.70653823644023e-05 0.9999999946703444 -0.0006095261384271103
1631149251493105 1606417097528152 0.9981746210716025 0.06039391904025169 1.98994481977159e-05 -5.941570689582178 -0.06039392001529778 0.9981746198192493 5.2710039141398214e-05 -0.7641773541290408 -1.667975830281663e-05 -5.3815629029315735e-05 0.9999999984128318 -0.0001108192211833388
1631149251743149 1606417097528152 0.9981146371252066 0.06137728450986121 1.0347861173375353e-05 -5.915358709802713 -0.06137728480101032 0.9981146366898769 3.0665220966517936e-05 -0.7768513393847483 -8.446203703742215e-06 -3.1242529519610156e-05 0.999999999476283 7.038888351934645e-05
1631149251992568 1606417097528152 0.9978764659949355 0.06513492615607021 3.5450202232430368e-06 -5.8553215982659355 -0.06513492620293525 0.9978764658811456 1.5282601935799562e-05 -0.7582721930796431 -2.5420611032803313e-06 -1.5481053441497317e-05 0.9999999998769374 0.0001115491775984366
1631149252242610 1606417097528152 0.9979924858153834 0.06333244211174852 -6.054708239773268e-06 -5.75274504773397 -0.0633324418407541 0.997992485141809 3.762218447676148e-05 -0.7657285246760165 8.425258143493103e-06 -3.7163197950226966e-05 0.9999999992739559 0.0005035688858907461
1631149252493289 1606417097528152 0.9983432117110738 0.05753982643657759 -2.921020087599e-06 -5.663119586497854 -0.05753982630988622 0.9983432111815475 3.286957947416723e-05 -0.7752730267243635 4.807490472155562e-06 -3.2647046551271465e-05 0.9999999994555292 0.0001996885724661125
1631149252743324 1606417097528152 0.9987554456053911 0.04987544359923224 -1.955001281277751e-06 -5.498978620306774 -0.04987544351216886 0.9987554451067595 3.175733287889621e-05 -0.7647837469194255 3.536479239722394e-06 -3.1620302594659526e-05 0.9999999994938249 -0.00013983408857239798
1631149252993370 1606417097528152 0.9992077129539719 0.03979882368072841 -3.3747059696653838e-06 -5.269398532562558 -0.03979882375582662 0.9992077126111111 -2.62790567695778e-05 -0.7704798723816303 2.326156685810984e-06 2.6392545541372944e-05 0.9999999996490113 5.2062015321382154e-05
1631149253243417 1606417097528152 0.9996177733708078 0.027646104224265448 9.320659242436325e-06 -4.97989950942858 -0.027646104470172576 0.9996177730325916 2.737611355622681e-05 -0.7536333437256065 -8.560253746469884e-06 -2.7623329595707453e-05 0.9999999995818368 6.62788574056077e-05
1631149253494084 1606417097528152 0.9999179072447106 0.012813224852872247 -6.685315540646237e-06 -4.650172730085167 -0.012813224798901372 0.9999179072353115 8.054380406528913e-06 -0.7455832309839858 6.787969311794932e-06 -7.968058749357537e-06 0.9999999999452167 5.098852278469913e-05
1631149253743502 1606417097528152 0.9999928602388471 -0.003778202177262361 6.829423710202202e-05 -4.271156726269437 0.0037781269414820344 0.999992290290767 0.0010701029416560386 -0.7570270621241995 -7.233677583721028e-05 -0.0010698372770770945 0.9999994251076305 -0.0010945573723712206
1631149253993549 1606417097528152 0.9998327222663307 -0.0182900917661491 5.757571716670658e-06 -3.832609732800131 0.018290087814625666 0.9998326366066214 0.00041408749110687006 -0.728866890382862 -1.3330306321461456e-05 -0.0004139129169965958 0.9999999142491963 0.0008634791267183802
1631149254244214 1606417097528152 0.9993747332221857 -0.03535735371591072 -1.1821945711218203e-05 -3.3537717353515295 0.03535735523164565 0.9993747183115882 0.00017272846388843732 -0.7047844550877889 5.7073322705214216e-06 -0.00017303845525203941 0.9999999850125596 0.0007198707679796898
1631149254494260 1606417097528152 0.9987581877456094 -0.049820500513596995 -1.2006097461095211e-05 -2.811360226923593 0.04982050122521328 0.9987581854050175 6.891016183280803e-05 -0.6302677267266805 8.558049361036785e-06 -6.942273814250753e-05 0.9999999975536216 0.00043311860596622254
1631149254744305 1606417097528152 0.9976504650317163 -0.0685094852514935 -7.552547315374039e-06 -2.242077620364561 0.06850948543274205 0.9976504646785492 2.7145548048088765e-05 -0.5471807667782912 5.675074815032734e-06 -2.7599189763937648e-05 0.9999999996030391 0.0002087611395525404
1631149254993727 1606417097528152 0.9963905834749772 -0.08488701400556757 -4.480913576481632e-06 -1.5810848670988327 0.08488701403653133 0.9963905834560889 7.243034324534571e-06 -0.5140278187600014 3.849900536728671e-06 -7.597262570398608e-06 0.9999999999637299 9.775473826472085e-05
1631149255243772 1606417097528152 0.9948285235751526 -0.10156873869096686 -2.5443154351824942e-06 -0.8589171964079662 0.10156873872283398 0.9948285232603056 2.5028729630194253e-05 -0.4140365343304211 -1.0978932485032106e-08 -2.5157717054576177e-05 0.9999999996835446 1.914861290543133e-05
1631149255493817 1606417097528152 0.9930333365964582 -0.11783374901617928 -2.3158385143724663e-06 -0.09499778418982892 0.11783374902762228 0.9930333360369763 3.337415191196569e-05 -0.33179615075512703 -1.632896594368528e-06 -3.341452936343281e-05 0.9999999994404014 4.6333612304368205e-06
1631149255743859 1606417097528152 0.9921108016154221 -0.1253640989997912 -2.1073319302781768e-06 0.7554959959249675 0.12536409901661869 0.9921108014051204 2.0432968727216198e-05 -0.19781198377069178 -4.7085394420241845e-07 -2.0535952752063732e-05 0.9999999997890264 3.2154546566297515e-05
1631149255994531 1606417097528152 0.9917034752506375 -0.1285465564537132 -2.041145705281634e-06 1.6441947988334902 0.12854655646885155 0.9917034750526936 1.9821127500007675e-05 -0.023742673462516614 -5.237263961381269e-07 -1.991906327676425e-05 0.9999999998014784 1.789156113637145e-05
1631149256244577 1606417097528152 0.9917429710266097 -0.128241488669913 -2.7392213486473465e-06 2.555172632260774 0.12824148864656207 0.9917429697817429 4.9826375469134076e-05 0.2100597911813993 -3.673205049982516e-06 -4.976623946661828e-05 0.9999999987549145 -4.2387252557652505e-05
1631149256494621 1606417097528152 0.9920617096693172 -0.12575199484378907 -2.2944882631970026e-06 3.4981634621781605 0.12575199486433053 0.9920617094555748 2.0595854978711762e-05 0.3603994328524219 -3.1369590037272024e-07 -2.072089557852566e-05 0.9999999997852731 5.3480479271552054e-05
1631149256744042 1606417097528152 0.9929497218448537 -0.11853628088587605 -2.5373258879773806e-06 4.4385146810471445 0.11853628091129735 0.9929497214870241 2.6665042209575614e-05 0.486000787160722 -6.413378993975894e-07 -2.6777811419140396e-05 0.9999999996412687 3.5760632580697712e-06
1631149256994703 1606417107778302 0.999897276284045 -0.014333069408858133 -2.352565295065471e-06 -4.796650811140701 0.014333069413980038 0.9998972762843736 2.1749576877366322e-06 -0.026636585824576918 2.321149811312283e-06 -2.2084537496710487e-06 0.9999999999948675 1.6645900974609536e-05
1631149257244746 1606417107778302 0.9999870572525356 -0.005087762932403793 -4.726072081786349e-07 -3.7812790156143388 0.005087762932405273 0.999987057252647 2.066887534190296e-09 -0.07744697634978012 4.7259057550810515e-07 -4.47137421834074e-09 0.9999999999998883 1.3945090713262695e-05
1631149257494803 1606417107778302 0.9999986083993723 0.0016682936597244543 2.2219129993316728e-07 -2.7012498891476566 -0.0016682936594842395 0.9999986083988169 -1.077239415696119e-06 -0.08902743567625475 -2.2398814241815496e-07 1.0768672362698064e-06 0.999999999999395 8.088818105160364e-06
1631149257744847 1606417107778302 0.9999171822574429 0.012869678733631386 3.071248215135977e-07 -1.6377182893875342 -0.012869678734281555 0.9999171822550215 2.2180377177492096e-06 -0.10903479195194601 -2.785539532813092e-07 -2.2218066226517636e-06 0.999999999997493 -1.1629207415299645e-06
1631149257994891 1606417107778302 0.9997477523374751 0.02245955699843637 2.5705003879818145e-07 -0.5036655832600787 -0.02245955699901498 0.9997477523342998 2.5275736941971256e-06 -0.10837285374326816 -2.0021701307291839e-07 -2.532709349633236e-06 0.9999999999967727 2.0832674246150065e-06
1631149258244936 1606417107778302 0.9993769009252816 0.03529603237431794 -2.7647942018274096e-07 0.7018217513918995 -0.03529603237500834 0.9993769009204493 -3.1122264026858823e-06 -0.14648638978604203 1.6645790224473911e-07 3.120045803852882e-06 0.9999999999951188 1.639239031230645e-05
1631149258494977 1606417107778302 0.9990846046280123 0.04277794755007036 -1.7769702293793966e-06 1.9502026178805902 -0.04277794758255252 0.9990846042601746 -2.7117886828639652e-05 -0.1809613255098881 6.152960579760125e-07 2.7169078379806108e-05 0.9999999996307313 6.0778819360657806e-05
1631149258745025 1606417107778302 0.9986449712720868 0.05204057411673152 1.7433401054902807e-06 3.289152550142967 -0.052040574119164254 0.9986449712725276 1.3803600302920987e-06 -0.2088712723562819 -1.6691431010976695e-06 -1.469214022767589e-06 0.9999999999975276 -2.204950152598543e-05
1631149258995070 1606417107778302 0.9984279857350281 0.0560495968359034 3.0431035232920593e-07 4.590363079509578 -0.0560495968356552 0.9984279857347907 -7.708347949202593e-07 -0.26862576532347354 -3.470369515958861e-07 7.525665590640593e-07 0.9999999999996566 2.977086779446344e-06
1631149259245740 1606417109778955 0.9997895048019728 0.020516970836145936 1.7066035909366224e-08 -4.432774937940489 -0.020516970836142453 0.9997895048019553 -1.870104533682226e-07 -0.3734640816155225 -2.089933160852093e-08 1.8662094520434998e-07 0.9999999999999823 -5.135981343749054e-06
1631149259496412 1606417109778955 0.9996554884012339 0.026246990565482808 -1.0798255384281803e-07 -3.0124480247765537 -0.026246990565311757 0.999655488400317 1.361309046600045e-06 -0.40260085961980746 1.436756183029472e-07 -1.3580058427690235e-06 0.9999999999990676 -7.926398493016122e-06
1631149259746449 1606417109778955 0.9995820169350098 0.028910057495233645 -4.75028984873532e-07 -1.5112663590745055 -0.028910057496570496 0.999582016930273 -3.1011966545190237e-06 -0.42272673230132707 3.851746572131911e-07 3.1136335220945102e-06 0.9999999999950785 3.897868543860447e-06
1631149259996503 1606417109778955 0.9994305365152325 0.03374318724325768 -8.097754554332072e-08 0.052040423424455175 -0.03374318724313785 0.9994305365145332 1.18829509741071e-06 -0.46910286440218496 1.2102829575989814e-07 -1.1848859662592027e-06 0.9999999999992907 -6.733114290694035e-06
1631149260245926 1606417109778955 0.999297643055169 0.037472931413053065 -4.027670868127309e-07 1.651430530963377 -0.037472931413987894 0.9992976430517297 -2.6392081951976673e-06 -0.47263077293296385 3.0358533286668564e-07 2.652447392406938e-06 0.9999999999964362 9.929887094619155e-07
1631149260496603 1606417109778955 0.9992076164143718 0.039801247515067105 -4.6834807896459837e-07 3.1777083693842045 -0.03980124751607654 0.9992076164115815 -2.3905695177671614e-06 -0.49879075694788816 3.7282931855369813e-07 2.4073161075301544e-06 0.9999999999970329 -4.377792861134607e-06
1631149260746637 1606417109778955 0.9990267702944161 0.044107961179273514 -4.255388910308453e-07 4.709285983502561 -0.04410796118024525 0.9990267702909835 -2.6369621252788446e-06 -0.5226226435108986 3.0881372088605053e-07 2.6531654082863727e-06 0.9999999999964326 3.009743359569411e-06
1631149260996683 1606417111528979 0.999744171139239 -0.022618405725783223 -7.226375199187251e-08 -4.989313859363117 0.022618405725889985 0.9997441711365435 2.3215634450900313e-06 -0.6688773741976326 1.9735200919085277e-08 -2.3226040130153314e-06 0.9999999999973026 -7.103816797991512e-06
1631149261247350 1606417111528979 0.9998747213647106 -0.015828505308695163 3.0834158220114085e-08 -3.5340355955955447 0.015828505308299736 0.9998747213502232 5.383673584474064e-06 -0.6133665099690799 -1.160458012702553e-07 -5.382511066545474e-06 0.9999999999855076 -1.387896168495727e-05
1631149261498019 1606417111528979 0.9999640704637947 -0.008476897186901252 -1.6547356019498244e-07 -1.996204639810398 0.008476897187192151 0.9999640704621038 1.844871675283973e-06 -0.5681706415890247 1.498288272916851e-07 -1.8462080922531713e-06 0.9999999999982845 -5.11988217874756e-06
1631149261747437 1606417111528979 0.999998294131798 -0.0018470890469914959 1.1096454825276435e-07 -0.47030647496841327 0.0018470890470047695 0.9999982941317966 -1.2020744228766176e-07 -0.5591191743142138 -1.1074232511160813e-07 1.204121986310211e-07 0.9999999999999866 -2.0236232886119578e-06
1631149261997490 1606417111528979 0.9999969860583511 0.002455173858281514 -7.209732799864897e-08 1.0021641404045567 -0.0024551738581191887 0.9999969860559947 2.172143132629503e-06 -0.5508761632415584 7.743009973678416e-08 -2.1719595744370582e-06 0.9999999999976383 -5.935883917752822e-06
1631149262246909 1606417111528979 0.999976780659826 0.006814553960147251 2.752351340210016e-09 2.5244466114630013 -0.006814553945789651 0.9999767785265807 6.531911388285146e-05 -0.5004097715126633 4.423683387566802e-07 -6.531761597202718e-05 0.9999999978667067 -0.00020697466209466998
1631149262496956 1606417111528979 0.9999905577437175 0.004345621608830526 -8.410614107333478e-07 4.122355192711935 -0.004345621596628512 0.9999905576460765 1.4003320715687062e-05 -0.4871537956681515 9.019066022292153e-07 -1.399953355808223e-05 0.9999999999015998 1.7937485906503955e-05
1631149262746374 1606417113028998 0.9995710841639807 -0.02928562288409384 -2.7827405219699278e-08 -4.925421877311027 0.029285622883994306 0.9995710841570469 3.723923351411983e-06 -0.555271360030526 -8.124194531380388e-08 -3.723141044601231e-06 0.9999999999930658 8.04072032739711e-06
1631149262995839 1606417113028998 0.9996812984050191 -0.0252448336035326 2.2559772722294465e-07 -3.2985668784830224 0.02524483360357031 0.9996812984050294 -1.6618943889892468e-07 -0.5157697845715636 -2.2133040413529522e-07 1.7183165114438164e-07 0.9999999999999607 -4.935864491413593e-06
1631149263245843 1606417113028998 0.9997278286270757 -0.02332956649938842 -9.389814594429783e-08 -1.5534930713204962 0.02332956649916167 0.9997278285771405 9.993096900612684e-06 -0.4184520930589549 -1.392620291250269e-07 -9.992567668727121e-06 0.9999999999500646 -4.148465985959325e-05
1631149263496520 1606417113028998 0.9998128032627321 -0.01934834453684901 -2.572497637390009e-07 0.14969286692667638 0.01934834453850561 0.9998128032028618 1.09416628558285e-05 -0.3474549290843055 4.549854466643197e-08 -1.0944591969278437e-05 0.9999999999401069 -3.247558502426531e-05
1631149263746554 1606417113028998 0.9998680823964492 -0.016242469310783332 -3.300512755051931e-08 1.8720054824942602 0.01624246931079497 0.9998680823897091 3.671349922069222e-06 -0.29531398339365234 -2.663101484535521e-08 -3.6714016911488474e-06 0.9999999999932601 -1.0293209784553034e-05
1631149263997227 1606417113028998 0.9999194228770608 -0.0126943986720215 1.6405939616317892e-07 3.535958837542012 0.012694398672404754 0.9999194228736982 -2.59645213080472e-06 -0.24799549990383987 -1.310857782469311e-07 2.598325551537219e-06 0.9999999999966157 7.708474096891523e-06
1631149264247272 1606417113028998 0.9999365011847696 -0.011269143835504477 2.0383588979105444e-07 5.240372348515851 0.011269143836080287 0.9999365011800161 -3.0877754082243367e-06 -0.21076044846151948 -1.6902636124516604e-07 3.08987639409833e-06 0.999999999995212 8.41223715650972e-06
1631149264497942 1606417114528388 0.999998517015161 -0.0017221997394427937 -4.028075042669239e-08 -4.588634001209014 0.0017221997394960512 0.999998517014232 1.3634733240360787e-06 -0.4204071520660067 3.793251728741337e-08 -1.3635406735206587e-06 0.9999999999990696 1.6204052187277617e-06
1631149264747980 1606417114528388 0.9999995868981978 -0.0009089597891510933 3.215740784868855e-08 -2.9173334370546975 0.0009089597891172479 0.9999995868976621 1.0354063621994863e-06 -0.3460127342320775 -3.309853731295756e-08 -1.0353767046782843e-06 0.9999999999994634 -3.830632554372094e-07
1631149264998035 1606417114528388 0.9999926247086078 0.0038406422449229313 3.7809081980080833e-08 -1.2046811672661468 -0.003840642244912473 0.9999926247085706 -2.7456193454152623e-07 -0.288412999788798 -3.886329729164305e-08 2.744146984091471e-07 0.9999999999999616 5.979894486574769e-06
1631149265247451 1606417114528388 0.9999989095809331 0.0014767672144035892 6.79366239980619e-08 0.5100377745309863 -0.0014767672143549103 0.9999989095806818 -7.120076697636591e-07 -0.23686460942052395 -6.898801950163968e-08 7.119065667963536e-07 0.9999999999997442 9.418590982237204e-06
1631149265496875 1606417114528388 0.9999996909832781 0.0007861538016434804 1.1897579075516828e-07 2.2537111285474154 -0.0007861538014998067 0.9999996909825609 -1.203386826552464e-06 -0.17914079021409396 -1.1992180111778507e-07 1.2032929214129426e-06 0.9999999999992688 1.1486021565606129e-05
1631149265746911 1606417114528388 0.9999947753104952 0.0032325463909622333 9.057555853327215e-08 4.016914543890499 -0.0032325463908403104 0.9999947753096333 -1.316067731213903e-06 -0.12503796032807754 -9.482933529859394e-08 1.3157680654708682e-06 0.9999999999991299 9.235614390977667e-06
1631149265996334 1606417115778414 0.9999143325006541 0.013089219389838034 3.985605375266623e-08 -4.2146757055190935 -0.013089219389890376 0.9999143324919272 4.177606908835629e-06 -0.253441363439861 1.4828973970339533e-08 -4.177770708320755e-06 0.999999999991273 -2.002551405535904e-05
1631149266247010 1606417115778414 0.9999482413079138 0.010174217889823648 -7.731316855896166e-08 -2.367117047465784 -0.010174217889849317 0.9999482413078591 -3.3831918738468673e-07 -0.2779823341758152 7.386703380154813e-08 3.390882774479563e-07 0.9999999999999398 8.93456028214312e-07
1631149266497057 1606417115778414 0.9999555569970545 0.00942783300501569 -7.362659112973485e-08 -0.5772742814920457 -0.009427833004527066 0.9999555569844472 5.022735543330739e-06 -0.26953109447267687 1.2097683087265302e-07 -5.0218181786631154e-06 0.9999999999873833 -1.9557710992094676e-05
1631149266747100 1606417115778414 0.9999778638591046 0.006653705450561849 -1.5658548594651864e-07 1.2907149765278587 -0.006653705450227179 0.9999778638570196 2.049062531128405e-06 -0.26626376052741735 1.7021587827937375e-07 -2.0479752990856685e-06 0.9999999999978885 -6.7418112392424236e-06
1631149266997141 1606417115778414 0.9999987492098716 0.0015816393564278676 3.2242482447286046e-07 3.090530915598134 -0.0015816393686757808 0.9999987483112427 4.2394816449013805e-05 -0.2542488247972816 -2.5537111069210574e-07 -4.239527338169707e-05 0.9999999991012878 -0.000153412489395893
1631149267247183 1606417115778414 0.9999684751642155 -0.00794032000852921 -6.176579918855046e-07 4.936283367708888 0.007940320014192337 0.9999684751165189 9.781692126593373e-06 -0.17851256709057287 5.399687545780605e-07 -9.786288162448428e-06 0.9999999999519685 -1.7651909397106553e-05
1631149267497235 1606417117279052 0.9999127613098379 0.013208700700704335 -1.6617009983012e-08 -5.128304481346666 -0.013208700700553515 0.9999127613030507 3.6846520498784795e-06 -0.2943072871842226 6.528502644963937e-08 -3.6841111165403152e-06 0.9999999999932115 -7.2960583259703455e-06
1631149267747284 1606417117279052 0.9999767594160316 0.0068176705889354955 1.3521785153594806e-07 -3.3009468904636905 -0.006817670589393573 0.999976759409046 3.739367172581943e-06 -0.2607999875254722 -1.097209353991998e-07 -3.740202138266406e-06 0.9999999999929994 -1.1486045270701516e-05
1631149267997949 1606417117279052 0.9999877460331182 -0.004950534119574656 -1.836136448211196e-08 -1.470201783028658 0.004950534119580223 0.9999877460330667 3.20520828677332e-07 -0.22756788085730337 1.67743901841171e-08 -3.2060779958634746e-07 0.9999999999999485 -8.970548801364052e-06
1631149268247382 1606417117279052 0.9996895668842959 -0.024915253704110484 -1.1916860140461501e-07 0.3643551397048349 0.024915253702796875 0.9996895668629021 -6.546270651049485e-06 -0.11566784876083176 2.8223360160788955e-07 6.541269355903029e-06 0.999999999978566 1.4921862818197282e-05
1631149268497431 1606417117279052 0.9988828960232946 -0.047254206549060734 2.088722110238964e-08 2.186252875804148 0.04725420654872055 0.998882896014221 -4.261359506759575e-06 -0.008718773615592722 1.805032744073672e-07 4.257586134159098e-06 0.9999999999909202 1.0987774142717041e-05
1631149268748096 1606417117279052 0.99723705056006 -0.0742850253733306 1.4608810245937578e-07 3.9830576305840646 0.07428502537277318 0.9972370505572643 2.3832171279782683e-06 0.11834830030552433 -3.2272181323939775e-07 -2.3657802611461277e-06 0.9999999999971495 3.8123840038787876e-06
1631149268997514 1606417117279052 0.9947291270976281 -0.10253762094010202 1.2365604789058853e-08 5.6976636083343655 0.10253762094009577 0.9947291270975088 -4.882971698508919e-07 0.34772295071361603 3.776840285035816e-08 4.869913572254882e-07 0.9999999999998808 2.1696948746912064e-06
1631149269248181 1606417118778455 0.9979272480314014 0.06435221550817341 -3.592240461823601e-07 -4.155400774952662 -0.06435221550883502 0.9979272480287383 -2.3148331876636364e-06 0.22388453919160548 2.0951481967403762e-07 2.333151975847603e-06 0.9999999999972563 -1.0309344413128533e-05
1631149269498850 1606417118778455 0.9994357067771182 0.033589701150313574 -1.4173140920268772e-07 -2.4559624533542213 -0.03358970115045864 0.9994357067764162 -1.1888251231444974e-06 0.210390129992345 1.0171915052227334e-07 1.1929149928604034e-06 0.9999999999992834 -9.011662821585258e-06
1631149269748275 1606417118778455 0.9999878155076205 0.0049364806033187604 1.2472642303943394e-07 -0.7493073579275737 -0.004936480603445023 0.9999878155070944 1.032610878012169e-06 0.21649224284876065 -1.1962743974086284e-07 -1.0332140057385598e-06 0.9999999999994591 -2.0034815923699066e-06
1631149269998948 1606417118778455 0.9995237140856073 -0.030860087244935757 -4.6269433606806924e-07 1.0278051117950548 0.030860087243789244 0.999523714083084 -2.3083046802938705e-06 0.27448071177103067 5.337084450925267e-07 2.292926479705134e-06 0.9999999999972288 -1.1683627754887662e-05
1631149270248989 1606417118778455 0.9978343421528502 -0.06577709042472113 -3.3527968499737234e-07 2.720751646821042 0.06577709042446507 0.99783434215266 -7.245913547368687e-07 0.39915115346179747 3.822150949771483e-07 7.009684156243827e-07 0.9999999999996813 2.671186809273912e-06
1631149270499050 1606417118778455 0.994486822207158 -0.10486162530043137 -3.5505000376729597e-07 4.369939303362086 0.10486162530078494 0.9944868222064663 1.1946653495258732e-06 0.5940284500533516 2.2781799972903335e-07 -1.2253100675063416e-06 0.9999999999992234 1.6098818212600023e-05
1631149270749080 1606417120279103 0.9825185343852277 0.18616479149808382 6.664421616897304e-07 -4.895690400010433 -0.18616479149876472 0.9825185343846259 1.1718905142142621e-06 0.3781913102474436 -4.366270227172602e-07 -1.2754722165598552e-06 0.9999999999990913 1.2035522436415166e-05
1631149270999144 1606417120279103 0.9884856865509953 0.15131439940202196 4.677408683865348e-06 -3.2659819308046916 -0.151314399445615 0.9884856864933019 1.107896314713327e-05 0.08446006761586708 -2.9471448792681787e-06 -1.1659155778701965e-05 0.9999999999276892 0.00014611982138856857
1631149271249174 1606417120279103 0.9944209956706495 0.10548404321590166 8.279759734031176e-07 -1.6185977089535901 -0.10548404321760291 0.9944209956679478 2.3872942851450285e-06 -0.05977211546388299 -5.715352383160764e-07 -2.4613138133488663e-06 0.9999999999968077 3.072224628669261e-05
1631149271499221 1606417120279103 0.9980656308380806 0.062169096366758325 1.0909427644131337e-06 0.05542065407306684 -0.06216909636972996 0.9980656308341547 2.9423022649318446e-06 -0.14318773634553122 -9.059122053172448e-07 -3.004433692013468e-06 0.9999999999950764 3.6554986728869086e-05
1631149271749264 1606417120279103 0.9998550937347992 0.017023264578501857 3.62857642798123e-07 1.7261629729372088 -0.017023264578655786 0.9998550937347718 4.252558914239851e-07 -0.17426227990339968 -3.555658188982236e-07 -4.3137129083778165e-07 0.9999999999998438 3.060323308109755e-06
1631149271998686 1606417120279103 0.9994479446308862 -0.0332235756234566 -5.95856353270348e-07 3.4004296898414066 0.03322357562200327 0.9994479446284601 -2.302329295837905e-06 -0.15569839211847525 6.72019019038722e-07 2.28126180397085e-06 0.9999999999971722 -4.788237494005203e-05
1631149272248742 1606417120279103 0.9961680644379837 -0.08745963295790586 -1.1022238853489762e-06 5.110598622034099 0.08745963295182303 0.9961680644280109 -4.706152688717872e-06 -0.07758787995806793 1.5095986212301654e-06 4.59171891841609e-06 0.9999999999883186 -9.48192891446499e-05
1631149272498783 1606417121777871 0.9700956271093985 0.2427230398314358 -1.4236423528295335e-05 -4.034110298463199 -0.24272304010147233 0.9700956268959154 -2.2040531774602054e-05 -0.6326638050042191 8.460947335585766e-06 2.483693149261172e-05 0.9999999996557696 -0.000714608906776845
1631149272748206 1606417121777871 0.9836030474092057 0.18034701307973952 -2.2373275555727563e-06 -2.4186467922724115 -0.18034701309044504 0.9836030473897969 -6.270958869685489e-06 -0.9086159523737087 1.0696935003744636e-06 6.571629596338254e-06 0.9999999999778347 -0.0001468348347053145
1631149272998250 1606417121777871 0.9939867496964827 0.10950041694888274 -1.0968516771366683e-05 -0.7292432188580116 -0.10950041715884616 0.9939867495155366 -2.083366439183109e-05 -1.0769272085703425 8.621265395079578e-06 2.1909443515133067e-05 0.999999999722825 -0.0006972058926192941
1631149273248302 1606417121777871 0.99919454073727 0.040128166722550915 -8.882045233648675e-07 0.9894551558216591 -0.0401281667273765 0.9991945407174618 -6.3234187145587785e-06 -1.094915616008313 6.337419103510182e-07 6.3539674775704235e-06 0.9999999999796128 -0.00011088506109775566
