1638109091394316 1606417097528152 0.9945884308598648 0.10389347025716605 6.488531258019299e-06 -5.556897455085161 -0.10389347044139463 0.9945884299191752 4.33014829805067e-05 -1.3934676726096558 -1.9546767822641226e-06 -4.374127004185274e-05 0.9999999990414402 0.00042389311564556393
1638109091643730 1606417097528152 0.9944877783405258 0.10485243443840402 0.00016039990934777192 -5.563895432225047 -0.10485245124042461 0.9944877844592049 0.00010017365802806382 -1.3940202483592774 -0.00014901229856354754 -0.00011643980229416871 0.9999999821185535 -0.000933133489574724
1638109091893278 1606417097528152 0.9944523688597688 0.1051878287694869 -8.217311584252755e-05 -5.560601757268916 -0.10518783530706634 0.99445236836554 -7.974990423398295e-05 -1.391535509380229 7.332853039446641e-05 8.795109335754003e-05 0.9999999934437659 0.0013673517171821571
1638109092142502 1606417097528152 0.9944289519994087 0.10540899957185969 -4.731895199635236e-05 -5.564204853651797 -0.10540899886983966 0.9944289530526217 1.7099432852187165e-05 -1.3947956961925612 4.885777000336609e-05 -1.2016327733452442e-05 0.999999998734263 8.235129766190549e-07
1638109092391826 1606417097528152 0.9943725829065888 0.10593943682927129 -4.5743214258456855e-05 -5.57215538037829 -0.10593943793814915 0.9943725835852844 -2.2533113633251957e-05 -1.3922264560175104 4.3098652775264045e-05 2.725232081238882e-05 0.9999999986999085 -0.0003630769838999798
1638109092641039 1606417097528152 0.9944023864943683 0.10565932665480388 -2.072737302026116e-05 -5.571317681089027 -0.10565932667787105 0.9944023867079383 -1.796211432245212e-08 -1.3872136890131679 2.0609451336582805e-05 2.207901846465662e-06 0.9999999997851878 -0.0001822384116457431
1638109092890268 1606417097528152 0.9944323727380153 0.10537673238064837 -1.8107564138334515e-05 -5.574358850393264 -0.10537673125692677 0.9944323715212782 5.463183544532501e-05 -1.3845991199171075 2.3763672251690224e-05 -5.241954982888747e-05 0.9999999983437393 -0.0002096563049353099
1638109093139126 1606417097528152 0.9944387437254348 0.10531659141461025 2.355955387672236e-05 -5.569574591437809 -0.10531659317936322 0.9944387393851601 9.389148889021232e-05 -1.3815519213949048 -1.3540201484854374e-05 -9.585054620940141e-05 0.9999999953146679 0.0005958039823320758
1638109093388459 1606417097528152 0.9944475241662947 0.10523365278319961 -2.428393660130282e-06 -5.5640139024821 -0.10523365278105348 0.9944475241689884 9.956181405999922e-07 -1.384259224962861 2.519682596731156e-06 -7.345412596872104e-07 0.9999999999965559 0.0003678203216201696
1638109093637853 1606417097528152 0.9944584918499375 0.10512995618038055 1.74792693829047e-05 -5.569792860334853 -0.10512995648241921 0.9944584918200271 1.736395691628525e-05 -1.3858882792585407 -1.555693583887756e-05 -1.910532923704292e-05 0.9999999996964841 -5.0763468654383335e-05
1638109093887253 1606417097528152 0.9944994103278627 0.10474215411013253 6.335904366248412e-05 -5.5664334255393975 -0.10474215974906533 0.9944994073656819 9.340703513333524e-05 -1.3857110303951707 -5.322687730457158e-05 -9.952960443319756e-05 0.9999999936303786 -0.0008987234895457589
1638109094136790 1606417097528152 0.9945096949528747 0.10464447328555837 2.9325653345224606e-05 -5.5613748394199884 -0.10464447491047936 0.994509693355395 6.080570439816266e-05 -1.3841816379232754 -2.2801665606251956e-05 -6.354063012798732e-05 0.9999999977213362 -0.000270972879830949
1638109094386051 1606417097528152 0.9945011388888216 0.10472575893639259 1.2980717290767223e-05 -5.5630570622466395 -0.10472575922508695 0.9945011386530602 2.402001690970658e-05 -1.3827436625508562 -1.0393823625644263e-05 -2.5247349646337386e-05 0.9999999996272699 0.00011390057981456575
1638109094635180 1606417097528152 0.9944255496087067 0.10544110323812594 6.1493207313174295e-06 -5.5557869065227585 -0.1054411033103229 0.9944255495361406 1.2919453999342502e-05 -1.3860199005085476 -4.752800164578825e-06 -1.3495826306429586e-05 0.9999999998976368 5.515088387714303e-05
1638109094884238 1606417097528152 0.9943913600033111 0.10576305176055627 6.125752940422088e-06 -5.547031816783981 -0.10576305191536477 0.9943913569258062 7.826408802559637e-05 -1.3890037850045087 2.186053014220431e-06 -7.847301125727498e-05 0.9999999969186039 -5.0936971211682776e-06
1638109095133440 1606417097528152 0.9944361091190679 0.10534146801914346 4.0833340827986634e-07 -5.520968335098997 -0.10534146797040975 0.9944361085252107 3.451868751880435e-05 -1.3893383952794645 3.2301877318070645e-06 -3.4369643748669554e-05 0.9999999994041467 0.00011025655314995413
1638109095382439 1606417097528152 0.9943751415739649 0.10591542759631856 -4.616484577011132e-06 -5.503875179261286 -0.10591542756333841 0.9943751415643676 6.883641647929075e-06 -1.399713881496809 5.31960135334352e-06 -6.355965200376036e-06 0.9999999999656518 -2.6678490214550838e-05
1638109095631470 1606417097528152 0.9943203695996625 0.10642839175482482 5.669000667991767e-06 -5.5006289997333955 -0.10642839181186567 0.9943203695494531 1.094734601095094e-05 -1.4091323071975903 -4.471694409234575e-06 -1.1488511755993237e-05 0.999999999924009 0.0001476929533694063
1638109095880931 1606417097528152 0.9942922031416652 0.10669121226898537 8.563917053424334e-07 -5.494096069898949 -0.1066912122711139 0.9942922031371942 3.028227915189418e-06 -1.4193968776765717 -5.284182881538244e-07 -3.102312874623763e-06 0.9999999999950482 0.00011503618873065941
1638109096130372 1606417097528152 0.9942117734876664 0.1074381191614077 3.7461970462282363e-06 -5.501123524112945 -0.10743811922625511 0.9942117727764334 3.7607605917982246e-05 -1.4249769596925872 3.159772394903154e-07 -3.7792408941155726e-05 0.999999999285817 2.5447520649680865e-05
1638109096379705 1606417097528152 0.9941514072135883 0.1079952754675375 -4.049510885466995e-06 -5.500964821307963 -0.10799527544114322 0.9941514072050444 6.251945859384902e-06 -1.4232337026466058 4.7010075605610686e-06 -5.778052730439849e-06 0.9999999999722573 -4.653255596380802e-05
1638109096629270 1606417097528152 0.994153512897202 0.10797588989105911 9.232732978476655e-07 -5.503814262915649 -0.10797588989482405 0.9941535128434578 1.0339198618759019e-05 -1.4276974864865626 1.9850877925064762e-07 -1.0378441883309235e-05 0.9999999999461243 -2.5445697381486646e-05
1638109096878528 1606417097528152 0.9941714665651171 0.10781045901093626 -2.8448205527714003e-07 -5.5066229615722495 -0.10781045901082693 0.9941714665650988 3.7534800753461507e-07 -1.4280668451106127 3.2329038308675305e-07 -3.424901381624465e-07 0.9999999999998891 3.7601046359916436e-05
1638109097127822 1606417097528152 0.9941315971795601 0.10817748145373639 -9.44785258497695e-08 -5.505400039399925 -0.1081774814537313 0.9941315971795635 5.821941121021354e-08 -1.4325601098888123 1.0022211707841862e-07 -4.765730727526745e-08 0.9999999999999939 5.630948042666204e-06
1638109097376951 1606417097528152 0.9941077896820852 0.1083960446373599 2.2000374090255115e-06 -5.507010743045826 -0.10839604465143182 0.9941077896521046 7.835653681829859e-06 -1.427897711863227 -1.3377204595767923e-06 -8.0279597155638e-06 0.9999999999668812 7.581325237521881e-06
1638109097626129 1606417097528152 0.9941098430835388 0.10837721111264757 -5.764091223677541e-07 -5.499885934799234 -0.10837721111120015 0.994109843081584 2.128915424286978e-06 -1.4249822970496855 8.037398985649267e-07 -2.0539061652301958e-06 0.9999999999975677 2.5991444232806294e-05
1638109097875276 1606417097528152 0.994112162043806 0.10835593788471065 -2.485958288219169e-06 -5.479345796019519 -0.10835593788269735 0.9941121620466976 9.311736509075633e-07 -1.4293871457169898 2.5722195629313412e-06 -6.563227094832246e-07 0.9999999999964765 -7.406505222899652e-06
1638109098124308 1606417097528152 0.9942266326393767 0.1073005263501687 -8.980076619058785e-08 -5.448767135261288 -0.10730052634959748 0.9942266326362063 2.5367058952014927e-06 -1.4245412131733066 3.61472191127711e-07 -2.512424890698179e-06 0.9999999999967786 3.283736462544277e-05
1638109098373735 1606417097528152 0.9942679357909591 0.106917126042049 -4.621613626332029e-06 -5.398237667144664 -0.10691712602588027 0.9942679357968667 3.6151368585384144e-06 -1.4268392940376424 4.981642283456307e-06 -3.1002850154044093e-06 0.9999999999827858 -4.0081393056059135e-06
1638109098623048 1606417097528152 0.9943131607500647 0.106495719847977 4.212192442216648e-06 -5.332276560978496 -0.10649571993126364 0.9943131599510131 3.9862490966875356e-05 -1.4179513599450804 5.6946292908550223e-08 -4.008437985517813e-05 0.9999999991966196 -1.3520710419069652e-05
1638109098872281 1606417097528152 0.9943593403622337 0.10606367068341035 -1.0194183445948867e-07 -5.2641582724882925 -0.10606367066977344 0.994359340248907 1.5108870267282846e-05 -1.4184492273330047 1.7038690556805412e-06 -1.5012833947402833e-05 0.9999999998858559 7.788363301902828e-05
1638109099121532 1606417097528152 0.9945550918950551 0.10421213552045332 5.925507367448034e-07 -5.179868622986853 -0.10421213552061678 0.9945550918337365 1.1058308138852374e-05 -1.4195647951642578 5.630855539923932e-07 -1.1059847644895953e-05 0.9999999999386814 4.318050190424772e-05
1638109099370869 1606417097528152 0.9948047196738604 0.10180161933299565 -4.50082776348252e-06 -5.039756131384309 -0.10180161935940482 0.9948047196627013 -6.089524196698578e-06 -1.430554046433795 3.857521277301341e-06 6.51607896620966e-06 0.9999999999713302 -1.7802105703172347e-05
1638109099620188 1606417097528152 0.9952406783175813 0.09744738182688048 -1.2297760433690227e-06 -4.917663378012681 -0.09744738182852329 0.9952406783172577 -1.3550864045357437e-06 -1.446086827894481 1.0918735213072513e-06 1.4684755680875594e-06 0.9999999999983257 -2.2369632242634432e-05
1638109099869074 1606417097528152 0.9958443340113718 0.09107174321335268 -3.161342611433035e-06 -4.786177106885533 -0.09107174323250686 0.9958443339930149 -6.562494623860807e-06 -1.42715450011532 2.550547302177312e-06 6.823132070715053e-06 0.9999999999734698 -2.913139952618557e-05
1638109100118051 1606417097528152 0.9971473672053449 0.0754793220663772 4.507172470230345e-06 -4.583094302602547 -0.07547932209344135 0.9971473671943873 6.171040850098559e-06 -1.399347967688309 -4.0285291823628645e-06 -6.493635459189118e-06 0.9999999999708018 -6.16857507572269e-05
1638109100367294 1606417097528152 0.9981967244677812 0.0600274874230329 -4.464972805874745e-06 -4.4047762200872835 -0.060027487538945976 0.9981967239128869 -3.337374709634848e-05 -1.3936461872260453 2.4535790430932274e-06 3.358158613418258e-05 0.9999999994331286 0.00012568658054134868
1638109100616471 1606417097528152 0.9990216207667402 0.04422444171271 5.104238202753876e-07 -4.1847331183974665 -0.04422444170781674 0.999021620740431 -7.297935986063569e-06 -1.3847894481128378 -8.326715768329305e-07 7.268222628546867e-06 0.9999999999732399 -7.30088775724966e-05
1638109100865842 1606417097528152 0.9996832633860269 0.025166898180241665 -1.209604977232568e-05 -3.9952257080703752 -0.025166900039402546 0.9996832449880511 -0.0001919297585751388 -1.3704655058262771 7.261941596099949e-06 0.00019217338746834977 0.9999999815083265 0.00023376136611966093
1638109101115173 1606417097528152 0.9999770406744795 0.006776291623679253 -4.548002043609941e-07 -3.7647427071970254 -0.006776291637797939 0.9999770370203551 -8.548740454713015e-05 -1.3563386580586172 -1.244978225700048e-07 8.548852367261205e-05 0.9999999963458484 -0.0001882262188790954
1638109101364247 1606417097528152 0.999931873166666 -0.011672575723275683 2.4192583266094843e-06 -3.51629184971471 0.011672575806966711 0.9999318724435036 -3.808050549457194e-05 -1.3158956012505894 -1.974595924480581e-06 3.8106150166449754e-05 0.9999999992720111 -0.00016043248960907546
1638109101613257 1606417097528152 0.9995653261920634 -0.02948149712487257 2.5090993127663466e-06 -3.2434572196289255 0.029481497165096463 0.9995653260341048 -1.7880262348979792e-05 -1.290007965529933 -1.9808717695794044e-06 1.7946462271493854e-05 0.9999999998370003 -0.00011031785609899064
1638109101862467 1606417097528152 0.9987982262296601 -0.04901125665275403 2.503658898718955e-06 -2.9485148355276594 0.049011256660637215 0.9987982262273143 -3.1908395506845213e-06 -1.2503107793933583 -2.3442630109571345e-06 3.309712352275557e-06 0.9999999999917751 -6.406304868701088e-05
1638109102111597 1606417097528152 0.9975770478406654 -0.06957035019116074 -4.97835716957096e-07 -2.6148726620747493 0.06957035002289781 0.9975770458771606 -6.277861475167283e-05 -1.2163085595584795 4.864159696633113e-06 6.259187056627788e-05 0.9999999980292988 3.563772288421731e-05
1638109102360579 1606417097528152 0.9958252287117109 -0.0912804133605651 1.5680389702570296e-06 -2.2592791488147297 0.09128041337145859 0.9958252284076755 -2.461710761246586e-05 -1.148041146941964 6.855669928975224e-07 2.4657468063737178e-05 0.9999999996957696 -7.77008840701539e-05
1638109102609660 1606417097528152 0.9940735835550661 -0.10870929343775423 1.6489366684281752e-06 -1.8918689417591383 0.10870929344767483 0.994073583521676 -8.182072853911611e-06 -1.085328902133079 -7.49697024178056e-07 8.31283722294277e-06 0.9999999999651673 -4.956678028666295e-05
1638109102858605 1606417097528152 0.9917503683940898 -0.1281842689020219 8.408641495294407e-07 -1.4665017843122856 0.12818426890339849 0.9917503683316123 -1.1148003340315757e-05 -1.0194819088134477 5.95071327881667e-07 1.1163821975846278e-05 0.9999999999375074 -2.4244289228438976e-05
1638109103107777 1606417097528152 0.9893010009180269 -0.14588875757420217 7.153856388016704e-07 -1.047186831597449 0.1458887575405174 0.989301000557732 -2.689275062890076e-05 -0.8999615621932425 3.21561824874486e-06 2.6709391836557888e-05 0.9999999996381341 9.36485226582875e-06
1638109103356836 1606417097528152 0.9866687141566978 -0.1627416618711544 4.991636540764123e-07 -0.6041355367687883 0.16274166187128855 0.9866687141567723 -2.410818822400822e-07 -0.8371405979096888 -4.5327509455758086e-07 3.1910267336572617e-07 0.9999999999998463 -2.760658572696225e-05
1638109103605985 1606417097528152 0.9837557015502367 -0.17951244990767995 -9.875842888640318e-08 -0.12017995417694549 0.17951244990770257 0.9837557015499417 7.628621793611958e-07 -0.7598394643996295 -3.978909126583802e-08 -7.681983859603343e-07 0.9999999999997041 6.820445890348976e-07
1638109103855127 1606417097528152 0.9805611444757675 -0.19621376595045803 -6.144074158864123e-07 0.40976878899773694 0.19621376595109474 0.9805611444750358 1.249994434862985e-06 -0.6756671674692146 3.5719792341315115e-07 -1.3462511665339368e-06 0.99999999999903 1.4757331932023996e-05
1638109104104130 1606417097528152 0.9763059482064224 -0.21639476772944397 -7.378054043251642e-07 0.9401327702134711 0.21639476773014735 0.9763059482059637 1.0653486293801637e-06 -0.5983837468196735 4.897879356544688e-07 -1.1997634328737255e-06 0.9999999999991603 1.6541986479037014e-05
1638109104353491 1606417097528152 0.9712059586443137 -0.2382414444804093 5.489373179942616e-06 1.4707638251769377 0.23824144439672684 0.9712059569783643 -5.749753408411393e-05 -0.47252504538597084 8.366983641804647e-06 5.714974390494056e-05 0.9999999983319502 0.00010965180549818531
1638109104602603 1606417097528152 0.965387099322666 -0.26082129602344933 2.54615040320508e-06 1.9702833525357908 0.2608212959974659 0.9653870989669563 -2.65863112902985e-05 -0.38606434329986933 4.47625541592482e-06 2.6330172186140346e-05 0.9999999996433426 -7.848995424839294e-06
1638109104851654 1606417097528152 0.9609602565956098 -0.27668643849267704 1.5502800288120024e-06 2.5187116514690064 0.27668643848895885 0.9609602565097585 -1.3017680425648265e-05 -0.2970088303672307 2.1120581402546023e-06 1.2938414981914272e-05 0.9999999999140683 -1.5904190592026162e-05
1638109105100670 1606417097528152 0.958376786642746 -0.2855064531909183 3.889976782857082e-06 3.0387648679094466 0.2855064531318975 0.9583767859332357 -3.7533846254646594e-05 -0.136896836029856 6.988091872252306e-06 3.7082180437827245e-05 0.9999999992880393 6.68606193680906e-06
1638109105349907 1606417097528152 0.9579249883127348 -0.2870186697062502 3.2507141038033604e-06 3.6074442839217027 0.28701866971540946 0.9579249881295036 -1.8877303167461258e-05 0.040312529281415266 2.304198173462925e-06 1.9016056053722582e-05 0.9999999998165401 -2.1993456413046728e-05
1638109105598977 1606417097528152 0.9573790648702618 -0.28883442687823835 1.5901568534388856e-06 4.176314392165745 0.2888344268806414 0.9573790648288546 -8.967977952401596e-06 0.2578168385833157 1.0678778908596917e-06 9.045046389240513e-06 0.9999999999585234 -2.1341997533395497e-05
1638109105848218 1606417097528152 0.9569743984250189 -0.290172363884962 -9.76028425066089e-07 4.744589052202402 0.2901723638671859 0.956974398316655 1.4787539800179625e-05 0.4602148122343507 -3.356901165036007e-06 -1.4434513479733682e-05 0.9999999998901881 -2.5272018402922765e-05
1638109106097341 1606417107778302 0.9813685304267384 -0.19213486797431145 -1.0115740659647996e-06 -4.924786379875121 0.19213486797400725 0.9813685304272416 -3.9056435751470857e-07 0.007088809758427722 1.0677679857983614e-06 1.889289199607744e-07 0.9999999999994121 -1.0204495818561197e-05
1638109106346514 1606417107778302 0.9814849764839646 -0.19153913683776677 -4.2477374206094437e-07 -4.398483709926699 0.1915391368374063 0.9814849764838248 -7.69714218929572e-07 0.06974637228286924 5.643394433418987e-07 6.741021461584105e-07 0.9999999999996135 -5.755304229585274e-06
1638109106595554 1606417107778302 0.9819328459887807 -0.18922971746748235 -1.2606940790608513e-07 -3.8652072494887246 0.189229717467422 0.9819328459873399 1.6936110849558358e-06 0.11361501173276788 -1.966898546083887e-07 -1.6868684310844179e-06 0.9999999999985579 -7.5942620460570435e-06
1638109106844826 1606417107778302 0.9820405387974648 -0.18867002984799022 9.513677107542399e-08 -3.317298166365913 0.18867002984653095 0.9820405387916191 3.4700237815285956e-06 0.15467953362762227 -7.481176563583696e-07 -3.389754566606488e-06 0.9999999999939749 -3.659319675256208e-06
1638109107094045 1606417107778302 0.9823588066413793 -0.18700581546728753 7.533315652535922e-08 -2.718013270084537 0.18700581546676823 0.9823588066394553 1.994959383564069e-06 0.22461623304039544 -4.470731960911519e-07 -1.9456781809639657e-06 0.9999999999980073 6.150075370225803e-06
1638109107343071 1606417107778302 0.9847124046695214 -0.1741880595626532 4.817405719651669e-07 -2.154956771885368 0.17418805956050004 0.9847124046655527 2.9661119221691374e-06 0.26584970304764927 -9.910371972108592e-07 -2.8368537479495954e-06 0.9999999999954851 -5.39029762144248e-07
1638109107592050 1606417107778302 0.9877063666935284 -0.15632061027740848 1.819700403057717e-07 -1.5601499830058976 0.1563206102774832 0.9877063666919289 -1.7802595014361077e-06 0.34014148326515486 9.855828435923059e-08 1.7868193116839175e-06 0.9999999999983988 6.103108497893738e-06
1638109107841252 1606417107778302 0.9908160609333108 -0.1352166165860303 3.00004067397565e-07 -0.9649899562791879 0.1352166165831049 0.9908160609224 4.743615658311076e-06 0.3520355903088703 -9.386645080187967e-07 -4.659485046184282e-06 0.999999999988704 -1.617715704867708e-05
1638109108090577 1606417107778302 0.9943461812816707 -0.10618696612583524 1.228718107851024e-07 -0.36471099865821593 0.10618696612590137 0.9943461812813095 -8.481330342337432e-07 0.3611336199191198 -3.2116442064834664e-08 8.563852286169129e-07 0.9999999999996327 5.40616653831681e-06
1638109108339766 1606417107778302 0.9972217793619372 -0.0744897494332235 2.3074813320480288e-07 0.277295006253993 0.0744897494332388 0.9972217793619608 -5.887815979706822e-08 0.33760733586342995 -2.257212446080674e-07 7.590295390283283e-08 0.9999999999999717 8.859194573693155e-06
1638109108588864 1606417107778302 0.9988348470046983 -0.04825917957626062 4.394046096604666e-07 1.0172406566637358 0.04825917957439636 0.9988348469985374 3.5609180735551194e-06 0.3031808498636714 -6.107396208273451e-07 -3.5355637532243775e-06 0.9999999999935634 1.0937365272285134e-06
1638109108837959 1606417107778302 0.9994864519911333 -0.03204422398143985 2.622919826737351e-07 1.7203481099675095 0.032044223980634834 0.9994864519876896 2.646522116130159e-06 0.27075798046185295 -3.4696303060773085e-07 -2.6367580569199894e-06 0.9999999999964636 4.903199033548202e-06
1638109109086998 1606417107778302 0.9998411513943702 -0.017823354980730007 -2.7678010003969044e-07 2.4954058956531227 0.017823354979428097 0.9998411513858123 -4.151603741787266e-06 0.2828616974447461 3.5073164113278236e-07 4.14601111533825e-06 0.9999999999913438 2.2753459203522525e-05
1638109109336117 1606417107778302 0.9999610942595949 -0.00882099606717435 4.7465307814029325e-08 3.275675571069707 0.008820996067085833 0.9999610942582852 1.6195696271408236e-06 0.26491940063663416 -6.174967845242584e-08 -1.6190879252881759e-06 0.9999999999986874 -5.1605600171990454e-06
1638109109585232 1606417107778302 0.9999999922277039 -0.0001246958630325715 -4.914397891054975e-09 4.090728481069334 0.00012469586303794964 0.9999999922270667 1.1286713778464287e-06 0.26986588519122984 4.7736572013804695e-09 -1.1286719818766264e-06 0.9999999999993631 -2.7504567586577853e-06
1638109109834578 1606417107778302 0.9999463187482788 0.010361449029817851 -4.83291038650574e-07 4.9506220522586295 -0.010361449030864644 0.9999463187459292 -2.2160431106979775e-06 0.24839804634766066 4.6030367724114447e-07 2.220931746189018e-06 0.9999999999974278 1.0052805783746552e-05
1638109110083533 1606417109778955 0.9997027484113328 -0.02438062393157442 -1.9815436827590423e-09 -4.6506590067850695 0.024380623931574346 0.9997027484113209 1.5376269216387922e-07 0.14430160945156414 -1.7678757065988122e-09 -1.5376529723034579e-07 0.9999999999999882 -5.587402173324307e-06
1638109110332912 1606417109778955 0.9998835917415348 -0.015257882240613162 -2.1226807752931832e-07 -3.7541109100674577 0.015257882240280084 0.9998835917404512 -1.4906501144772735e-06 0.16660048732365484 2.349875316799889e-07 1.4872378291598318e-06 0.9999999999988665 1.210490943299749e-06
1638109110582010 1606417109778955 0.9999818842536309 -0.00601923325442111 -2.290675077072525e-07 -2.8270516289310965 0.006019233253795303 0.9999818842501741 -2.640697374867664e-06 0.20222566155813154 2.449583314307146e-07 2.639270725898135e-06 0.9999999999964871 -1.3531758654912277e-06
1638109110831214 1606417109778955 0.9999997306252523 -0.0007339985613104749 -2.079672263359627e-08 -1.8532892594698613 0.000733998561349274 0.9999997306233782 1.9360662834102195e-06 0.21162828224022487 1.9375647164747194e-08 -1.936081026643024e-06 0.9999999999981256 -1.1312565347407209e-05
1638109111080251 1606417109778955 0.9999731146568746 0.007332800821256963 -1.0378413657761739e-07 -0.9046851452857464 -0.007332800821311071 0.9999731146567389 -5.300556843383844e-07 0.2332398709067134 9.98945535478312e-08 5.308024620101851e-07 0.9999999999998541 -3.389402242101579e-06
1638109111329265 1606417109778955 0.9999444027609748 0.010544732873353448 -3.0391101047223515e-07 0.0945829112498848 -0.010544732874278503 0.9999444027558194 -3.2222481972949687e-06 0.2025498126387218 2.6991636736484957e-07 3.2252737096075273e-06 0.9999999999947624 4.200331500701766e-06
1638109111578283 1606417109778955 0.9998809491098811 0.015430087864263527 -3.0034004244857144e-07 1.1315740139671073 -0.015430087864733514 0.999880949108589 -1.6307563363736952e-06 0.22325464999431036 2.751415731427283e-07 1.6351964666209106e-06 0.9999999999986252 1.272841616268611e-06
1638109111827384 1606417109778955 0.9998276635691514 0.01856456749282428 -3.4914435665090394e-07 2.2131617642024413 -0.018564567493302445 0.9998276635681952 -1.4198936993713046e-06 0.21548703353858512 3.2272447394296016e-07 1.4261307139297374e-06 0.999999999998931 -5.452680693784442e-06
1638109112076392 1606417109778955 0.9997149661394245 0.02387438965259933 -1.759555217789671e-07 3.3049520283821083 -0.023874389652722504 0.9997149661391672 -7.341867844702417e-07 0.23666629242437437 1.583771071266736e-07 7.381783470635318e-07 0.999999999999715 -6.964021681850672e-06
1638109112325547 1606417109778955 0.9994452956549081 0.03330316798303609 -1.810066270964515e-07 4.436865292991916 -0.03330316798302495 0.9994452956549227 6.471838868117001e-08 0.22452918956040258 1.8306154930334482e-07 -5.8654395001396996e-08 0.9999999999999816 -9.38723947887597e-06
1638109112574767 1606417111528979 0.9996684535357092 -0.025748456455979146 -3.5138876761233997e-07 -5.692612246719466 0.02574845645551595 0.9996684535349835 -1.2643191439481246e-06 -0.02066454125984729 3.8382653233214834e-07 1.254852245021587e-06 0.999999999999139 9.684055053651475e-06
1638109112823808 1606417111528979 0.9998165060746289 -0.019156048266275795 -8.515132084126665e-08 -4.560400597763804 0.019156048266197028 0.9998165060742772 -8.447086837973664e-07 0.06832316384579316 1.0131697640865999e-07 8.429225220713341e-07 0.9999999999996396 9.655483870792543e-07
1638109113073365 1606417111528979 0.999911668425161 -0.01329117570671049 -9.937795236577297e-08 -3.3399618720351567 0.01329117570641547 0.9999116684219489 -2.53792169342413e-06 0.14019027668627568 1.3310113731130498e-07 2.5363766649722304e-06 0.9999999999967746 3.3514228960770248e-06
1638109113322474 1606417111528979 0.9999971028592366 -0.0024071305685064693 -1.5858835660096248e-07 -2.0858137892593422 0.002407130568244644 0.9999971028579207 -1.6304504723639895e-06 0.16695059002480078 1.6251260432008442e-07 1.6300640058348796e-06 0.9999999999986583 5.1578172576159024e-06
1638109113571873 1606417111528979 0.9999812535862683 0.006123110360710069 -1.069828336254129e-07 -0.826117380403905 -0.006123110360767733 0.9999812535861242 -5.463974853111087e-07 0.16928558618274575 1.036351759773191e-07 5.470423100135639e-07 0.999999999999845 -4.4296451211252764e-07
1638109113821521 1606417111528979 0.9998670397079634 0.01630652967673088 -3.385170538514133e-08 0.42693939016346055 -0.016306529676710108 0.9998670397078158 5.450465998397882e-07 0.20069909827990454 4.27350230078983e-08 -5.444221264450141e-07 0.9999999999998509 -1.3686626911628105e-06
1638109114071080 1606417111528979 0.9996978215259121 0.024581815244413593 -3.170382292247033e-07 1.7252704144587072 -0.024581815244622038 0.9996978215257322 -6.709650183038079e-07 0.17968844469103207 3.004488889802293e-07 6.785556422931804e-07 0.9999999999997247 1.1764509639032838e-05
1638109114320301 1606417111528979 0.9995333999763292 0.030544759553831898 -1.5385565050551408e-07 3.019849031624585 -0.030544759553832426 0.999533399976341 -5.235020377922871e-10 0.15876393839822536 1.5376787121113452e-07 5.222741622407051e-09 0.9999999999999881 3.710845606632408e-06
1638109114569774 1606417111528979 0.9993228055624389 0.036795791705902706 1.3198881656245727e-07 4.334565459709696 -0.036795791705641206 0.9993228055611445 -1.619680363484806e-06 0.13794159435332215 -1.9149685575438707e-07 1.6137268919467185e-06 0.9999999999986796 2.0322992651853297e-06
1638109114819626 1606417113028998 0.9999915584207327 0.004108903928845308 4.933036276740255e-07 -5.062774554750638 -0.004108903934700445 0.9999915583424409 1.2521080442389348e-05 -0.016400290604351976 -4.418515467492245e-07 -1.252300168188509e-05 0.9999999999214896 -8.508909074709036e-05
1638109115068659 1606417113028998 0.9999996728726874 -0.0008088627090376942 3.1939879483443104e-07 -3.7404846703770716 0.0008088627089256814 0.9999996728726769 3.5039093884630854e-07 -0.019911302083695247 -3.1968210851365146e-07 -3.501324744486728e-07 0.9999999999998876 -6.1981287519026786e-06
1638109115317450 1606417113028998 0.9999886279699917 -0.0047690601901221865 2.498726221437104e-07 -2.417849964661991 0.004769060191292821 0.9999886279579369 -4.915300970826323e-06 0.07265418801024251 -2.2642841439873694e-07 4.916436731440368e-06 0.9999999999878887 1.1706465958162963e-05
1638109115566517 1606417113028998 0.9999779304806535 -0.006643685429489933 9.563064975877846e-08 -1.0213107697518793 0.006643685429657058 0.9999779304789089 -1.8696961117442695e-06 0.09751544263441918 -8.320686642080638e-08 1.870290188400013e-06 0.9999999999982475 1.97084428981535e-06
1638109115815909 1606417113028998 0.9999794511810659 -0.006410711354802905 7.332842183533224e-08 0.3600920713765186 0.006410711354991237 0.9999794511767168 -2.9497055108863346e-06 0.16463154760116985 -5.4417204410504144e-08 2.950114985261798e-06 0.9999999999956469 8.456129537032302e-06
1638109116065629 1606417113028998 0.999961806993933 -0.008739825948435552 5.338636188266639e-07 1.7837051928560697 0.00873982595861668 0.9999618067144033 -2.364624652320866e-05 0.22083362839160267 -3.2717914987378694e-07 2.3650009277033113e-05 0.999999999720285 9.635569653861187e-05
1638109116314899 1606417113028998 0.9999523117772149 -0.009765970288696782 4.3531326656406633e-07 3.2191300165594603 0.00976597029236379 0.9999523117329306 -9.417124933688842e-06 0.25018683436071054 -3.4332514492072625e-07 9.42092710414511e-06 0.9999999999555641 1.4862958083915388e-05
1638109116563831 1606417113028998 0.99996013117145 -0.008929505695867987 2.640856030408649e-07 4.610940601709882 0.008929505696272249 0.9999601311702457 -1.5717979276146892e-06 0.28058989294036224 -2.500396957089626e-07 1.5740934157657413e-06 0.9999999999987299 -1.0344381752690768e-05
1638109116813198 1606417114528388 0.9999785849594138 -0.0065444348130573185 1.0814197755582557e-07 -5.478053739739641 0.006544434813112356 0.9999785849592853 -5.175235716088917e-07 0.16939178273586797 -1.0475276241212617e-07 5.182202169421193e-07 0.9999999999998602 3.490257467812367e-06
1638109117062358 1606417114528388 0.9999816749545392 -0.006053904487438547 1.9195559518597597e-07 -4.046531204036387 0.0060539044883361395 0.9999816749416308 -5.0835077627637015e-06 0.19486792083282825 -1.6117700713113887e-07 5.084576688080757e-06 0.9999999999870606 2.9589981721055625e-05
1638109117311927 1606417114528388 0.9999794792250748 -0.006406335395712557 1.0905473640228499e-07 -2.6239790650201797 0.006406335395524204 0.9999794792237253 1.647036962295395e-06 0.20304531623676186 -1.1960396970375072e-07 -1.6463045225990601e-06 0.9999999999986376 -3.411192706161669e-06
1638109117561185 1606417114528388 0.9999955847071658 -0.00297162760748315 4.378945618695394e-08 -1.1385223889045382 0.002971627607419689 0.9999955847062112 1.3824368823892545e-06 0.28879561120695646 -4.7897350448824985e-08 -1.3823006525655894e-06 0.9999999999990434 1.2466430637656264e-06
1638109117810939 1606417114528388 0.9999988002547175 -0.0015490298841268238 9.648378536026641e-08 0.3525186140454159 0.001549029884322704 0.9999988002525891 -2.0652813613213948e-06 0.3569785938482743 -9.328448705611537e-08 2.0654283397720868e-06 0.9999999999978626 1.3690707900584601e-05
1638109118060237 1606417114528388 0.9999801085506815 -0.006307337580054784 2.899114119493555e-07 1.808538066831989 0.006307337583663238 0.9999801084405404 -1.4843047940966599e-05 0.37872901375651846 -1.9628553107816998e-07 1.4844581260342129e-05 0.9999999998897999 6.558988738203566e-05
1638109118309454 1606417114528388 0.9999912163344576 -0.004191331317576227 4.288995747958929e-07 3.281524480963631 0.004191331323999613 0.9999912162021785 -1.626917612311483e-05 0.43326528883571963 -3.6070630003228146e-07 1.6270830880299474e-05 0.9999999998675649 5.928867790226995e-05
1638109118559313 1606417114528388 0.9999915795711596 -0.004103753304526225 2.4230643800476684e-07 4.834405253244339 0.004103753306235525 0.9999915795427932 -7.535018846343037e-06 0.49982794888115384 -2.113825391829622e-07 7.535949764082288e-06 0.9999999999715824 1.708046658297185e-05
1638109118808819 1606417115778414 0.9999992758487177 0.0012034560422799448 2.4484768524131306e-07 -3.6623725053618514 -0.0012034560412956345 0.9999992758408222 -3.981640606424456e-06 0.3249824136198241 -2.4963923738694153e-07 3.981343059678857e-06 0.9999999999920433 1.270794058107061e-06
1638109119058321 1606417115778414 0.9999997915421889 0.0006456934538508794 8.869532272153253e-08 -2.109489911102071 -0.0006456934537445981 0.9999997915414799 -1.1941110219973576e-06 0.32156931733821037 -8.946633390192817e-08 1.1940535030836768e-06 0.9999999999992831 5.345601549264385e-06
1638109119307603 1606417115778414 0.9999987714831468 0.0015674937515902149 -3.942069767900496e-08 -0.5482301156828624 -0.001567493751602422 0.9999987714830996 -3.092929786086873e-07 0.29282676894205817 3.893583443847979e-08 3.093543903336636e-07 0.9999999999999514 4.357965287592619e-06
1638109119556838 1606417115778414 0.9999999824858037 0.0001871706603393589 -4.17113515706268e-08 1.0317949721749624 -0.00018717066057534796 0.9999999824693925 -5.729206069800023e-06 0.373404554614353 4.0639011556364245e-08 5.729213776586016e-06 0.9999999999835872 2.36887504989512e-05
1638109119806287 1606417115778414 0.9999999727444921 0.00023348545758967944 1.4766346595830368e-07 2.5823747875844725 -0.00023348545624073876 0.9999999727033635 -9.07080586280861e-06 0.4114163465163699 -1.497813631850315e-07 9.070771138287214e-06 0.9999999999588494 3.104201155298841e-05
1638109120055798 1606417115778414 0.9999984251520521 -0.001774737771857099 -1.9293852522286887e-06 4.197811909838387 0.001774738302095992 0.999998373077999 0.00032272245003428675 0.4873047833506563 1.3566343913570112e-06 -0.00032272536594868466 0.9999999479232475 -0.0013080048049890693
1638109120305156 1606417115778414 0.9999872887057721 -0.00504206449143251 -4.1241412269702825e-06 5.848324078259702 0.005042064786302449 0.9999872859062311 7.49202630125734e-05 0.5336936331957558 3.7463359944183377e-06 -7.494010486615359e-05 0.9999999971849728 -9.02837110823058e-05
1638109120554549 1606417117279052 0.9998419036688724 0.017781104340199985 -8.449986672232586e-07 -4.411568542950493 -0.017781104325753132 0.9998419035599235 1.4801714841777995e-05 0.3830430763172184 1.1080559119550795e-06 -1.4784349735477091e-05 0.9999999998900976 2.3021512428527395e-07
1638109120803799 1606417117279052 0.9999757117395353 0.006969643854124595 -1.497898956598916e-07 -2.7697550936465496 -0.006969643853733157 0.9999757117364929 2.472232951535475e-06 0.4311489457340337 1.6701684071968625e-07 -2.4711289230664645e-06 0.9999999999969328 -4.10880698691406e-06
1638109121053070 1606417117279052 0.9999979916878406 -0.0020041518736114068 1.3621249510526385e-07 -1.0279202228134854 0.0020041518735500643 0.9999979916877494 4.483480961370182e-07 0.5007446515495886 -1.3711077922462542e-07 -4.480742051858225e-07 0.9999999999998902 -1.2217951931462315e-05
1638109121302805 1606417117279052 0.9998173568016843 -0.019111594453593474 -2.20433587786814e-08 0.7034900150593186 0.019111594453605205 0.9998173568013251 8.473588142665633e-07 0.5274876035249183 5.8449546941674105e-09 -8.476253336740858e-07 0.9999999999996407 -3.1389002890608244e-06
1638109121552191 1606417117279052 0.9990904206946641 -0.042641895837262314 1.6960669532120296e-07 2.4324059751330056 0.04264189583735849 0.9990904206944871 -6.115638672967991e-07 0.6381631483178155 -1.4337418185363903e-07 6.182399524930398e-07 0.9999999999997986 -3.634894553862776e-06
1638109121801491 1606417117279052 0.9976184865689842 -0.06897358378592644 2.899257071049877e-08 4.2140664917744965 0.06897358378584606 0.9976184865669816 -2.001890514956815e-06 0.7486073794788252 1.0915403864948719e-07 1.999122707308627e-06 0.9999999999979958 5.581868821671858e-07
1638109122051360 1606417118778455 0.9951302368592875 0.09856881704001039 -4.210907537091423e-07 -5.457196824066325 -0.09856881704074638 0.9951302368563376 -2.4295170993539667e-06 0.8600010589135695 1.7956551501439294e-07 2.4591923439882176e-06 0.9999999999969601 -1.0029255046954635e-05
1638109122300844 1606417118778455 0.997375399521523 0.07240381504514355 -8.10377955851666e-07 -3.678446490893377 -0.07240381504806062 0.9973753995115896 -4.4775802908892935e-06 0.789696386271911 4.840571422405321e-07 4.524502887139814e-06 0.9999999999896473 -1.601138024480779e-05
1638109122550675 1606417118778455 0.9990029325246428 0.044644605627194314 -1.4817052162450547e-07 -1.8394395246462452 -0.04464460562726512 0.9990029325245182 -5.142752776069798e-07 0.7148697940683059 1.250631686637103e-07 5.203775249566478e-07 0.9999999999998568 -6.091854488089121e-06
1638109122800312 1606417118778455 0.9998771998278753 0.01567116041358122 -3.5312725165977235e-07 -0.03350498118216137 -0.01567116041429921 0.9998771998256548 -2.1312718428170814e-06 0.7090318940703837 3.1968438463724754e-07 2.1365440360705903e-06 0.9999999999976665 -1.4922339063097533e-05
1638109123049233 1606417118778455 0.999894303219021 -0.014538995638869593 -6.535855914233242e-07 1.7997998794219754 0.014538995635939467 0.9998943032100994 -4.284090568497433e-06 0.7920259448476447 7.158028836146653e-07 4.274135275843965e-06 0.9999999999906097 -1.7160246541627494e-05
1638109123298540 1606417118778455 0.999039782692451 -0.043812242604929795 -4.6155173012753974e-07 3.5980623839890384 0.043812242603040376 0.9990397826864421 -3.5191192471719574e-06 0.8685556637907398 6.152890463765729e-07 3.495518511581488e-06 0.9999999999937014 -1.2766409909892194e-05
1638109123548028 1606417118778455 0.9970820980770395 -0.07633668644401763 -1.2257125350661095e-06 5.454842485844916 0.07633668642532548 0.9970820980148355 -1.133143013553145e-05 0.9574541298018292 2.087139855240484e-06 1.1204799300287144e-05 0.9999999999350482 -7.278611688944451e-05
1638109123797394 1606417120279103 0.978536842845768 0.20607194665390574 -4.150526039910774e-07 -3.569249073323287 -0.20607194665431217 0.9785368428430509 -2.3069715273030115e-06 0.2593158801084722 -6.925784878309411e-08 2.34298733292532e-06 0.9999999999972528 -3.053180586426082e-05
1638109124047140 1606417120279103 0.9901364405893438 0.1401064917179177 -1.6562631536913268e-07 -1.7893735013465404 -0.14010649171801193 0.9901364405888992 -9.389750280549915e-07 -0.011126410753302125 3.243615337585754e-08 9.529187140610712e-07 0.9999999999995455 -2.2983915866024276e-05
1638109124296459 1606417120279103 0.9973383272747274 0.0729126940341259 -1.4143895537781345e-06 0.03679039936509076 -0.07291269404105322 0.9973383272589454 -5.698231073195559e-06 -0.15821188089299137 9.95151532879734e-07 5.7861911997423e-06 0.9999999999827648 -9.673238489026236e-05
1638109124545901 1606417120279103 0.9999723564808669 0.0074354743333130136 8.057516236674139e-08 1.8336674105532862 -0.007435474333187568 0.9999723564798051 -1.459967556274418e-06 -0.19097516273129642 -9.142848627754138e-08 1.4593280830784146e-06 0.999999999998931 -1.2107313325596177e-05
1638109124795234 1606417120279103 0.9986233590765924 -0.05245366251319455 -2.3262816669739348e-08 3.6446045192889818 0.05245366251306059 0.9986233590748687 -1.8593829265421155e-06 -0.11968751544839706 1.2076223663564808e-07 1.8556030039743114e-06 0.999999999998271 -1.5174737320511374e-05
1638109125045368 1606417120279103 0.9935411159693025 -0.11347268782661865 5.846238175513947e-07 5.443760300727821 0.11347268782634028 0.9935411159693857 4.890869526470029e-07 0.09129795681568018 -6.363458112086598e-07 -4.195891607931394e-07 0.9999999999997095 3.060266344971955e-05
1638109125294789 1606417121777871 0.976871269943348 0.21382825331783376 6.839618647800946e-06 -3.5511534123759385 -0.2138282533742477 0.9768712699136015 8.987303409909875e-06 -0.6150505520447885 -4.759687564012993e-06 -1.0241942204587184e-05 0.999999999936224 0.0002755597461677881
1638109125544256 1606417121777871 0.9881208948074695 0.15367855168350794 -1.3456720053646389e-06 -1.8381702812730194 -0.15367855168739147 0.9881208948014399 -3.5401816611829996e-06 -0.9340174732636926 7.85636635661281e-07 3.7049283956515734e-06 0.9999999999928282 -0.00010713132376233866
1638109125793982 1606417121777871 0.9954141711959439 0.09565891377460796 -1.4899027779275484e-06 -0.08569421129552307 -0.09565891377910943 0.9954141711910937 -3.318790007765224e-06 -1.1117458699865528 1.1655984916546142e-06 3.4460930863183332e-06 0.999999999993383 -0.00010009153524746372
