1635266116161014 1606417097528152 0.9999968478078731 0.002510852189596205 2.549037026444488e-07 -3.271182331788718 -0.0025108521886660737 0.9999968478014771 -3.5862887885215494e-06 -0.7522182906985236 -2.63907540193849e-07 3.585637458322585e-06 0.9999999999935367 7.468083109680526e-05
1635266116410140 1606417097528152 0.99999322381431 0.0036811395942516565 3.9258332920004243e-05 -3.2825508617516412 -0.003681138226272779 0.9999932239823075 -3.486108596130976e-05 -0.7522873832587408 -3.9386395428587225e-05 3.471633438603045e-05 0.9999999986217439 -0.00021623511426700222
1635266116658983 1606417097528152 0.9999924486124686 0.0038861674267789375 2.0621250808707385e-05 -3.2899277167532013 -0.003886167345052579 0.9999924488173985 -4.001804852586881e-06 -0.7572569998462688 -2.0636646777497364e-05 3.921637001892282e-06 0.9999999997793748 -0.00020140618184349336
1635266116907772 1606417097528152 0.9999924009950092 0.003898434998803119 1.2698912107374761e-05 -3.2899061758662707 -0.0038984342963672204 0.9999923995725941 -5.4877571301849995e-05 -0.759090883622273 -1.291275223479759e-05 5.482764841230372e-05 0.9999999984135949 0.00045583400069426996
1635266117156731 1606417097528152 0.9999917576940875 0.004060116477711172 1.5945493824557072e-06 -3.289232227284048 -0.004060116421489325 0.9999917571241173 -3.3807247675088355e-05 -0.7602665214564224 -1.7317976021299972e-06 3.380049496920295e-05 0.9999999994272637 0.00025756975557728366
1635266117405677 1606417097528152 0.9999918795634907 0.004029971364434734 1.1930832033393896e-05 -3.2888766561500975 -0.004029971471735301 0.9999918795938817 8.983206731997259e-06 -0.7551316044527336 -1.1894533084274994e-05 -9.03121469714603e-06 0.9999999998884787 -0.0004678656817326107
1635266117654442 1606417097528152 0.9999937023847015 0.003548964399596125 -6.8624226676692135e-06 -3.2892242720547515 -0.0035489647113036336 0.999993701351131 -4.5956592612182984e-05 -0.7573746086777441 6.699281132556196e-06 4.598065769102123e-05 0.9999999989204493 0.00042802373576757483
1635266117903429 1606417097528152 0.9999923621878938 0.003908296004714517 2.8154599851872108e-05 -3.2915799482174393 -0.0039082939125297395 0.999992359855412 -7.398623554872794e-05 -0.7595846231060726 -2.8443544855391895e-05 7.387563400438742e-05 0.9999999968666777 0.0011709002525763271
1635266118152076 1606417097528152 0.9999930019670249 0.003741084051835037 1.7651075452010577e-05 -3.2918927160096065 -0.003741083580131291 0.9999930017686155 -2.6681562099840134e-05 -0.7574404887953498 -1.7750769892111456e-05 2.6615341232783507e-05 0.9999999994882669 -0.0001802406723707302
1635266118401098 1606417097528152 0.9999927020353722 0.003820437227969942 1.1825745716269413e-05 -3.287851690375834 -0.003820436976086621 0.999992701880489 -2.1249387292303326e-05 -0.7577904636416282 -1.1906841360820997e-05 2.1204052698774566e-05 0.9999999997043076 0.00011330927750074739
1635266118649901 1606417097528152 0.9999936682892391 0.0035585651440210066 1.1179865828041747e-07 -3.286404673960293 -0.0035585651454960797 0.9999936681116658 1.8845327075511006e-05 -0.7502360350234037 -4.473562632550523e-08 -1.8845605595117365e-05 0.9999999998224206 -0.0005958981517313163
1635266118898739 1606417097528152 0.9999928713944446 0.003775759511768093 -2.837020703282341e-05 -3.287254897973801 -0.003775761640830257 0.9999928689484512 -7.537070058884377e-05 -0.7620179943327767 2.8085423083692066e-05 7.547728244013834e-05 0.9999999967571944 0.0009163802912366318
1635266119147275 1606417097528152 0.9999913394056403 0.0041611525932800965 -7.698879502142225e-05 -3.2898925873012987 -0.004161150177624477 0.9999913418829002 3.1510339154082986e-05 -0.764709112057519 7.711924777273305e-05 -3.118970431767049e-05 0.999999996539912 0.0007049027774245233
1635266119396495 1606417097528152 0.9999917200271471 0.004069172423372492 -4.1441551765080415e-05 -3.294192029359199 -0.004069171580242815 0.9999917206810194 2.0409069322105443e-05 -0.7641717168777761 4.15242566792338e-05 -2.0240267550836696e-05 0.9999999989330338 0.0003468723879245893
1635266119645479 1606417097528152 0.9999909485496353 0.004254736178718447 -6.581470390965617e-06 -3.303992418554615 -0.004254736028000118 0.9999909483132108 2.2747368031262835e-05 -0.7626905415674662 6.6781948672758295e-06 -2.2719159715349646e-05 0.9999999997196207 0.00011061937677595627
1635266119894298 1606417097528152 0.9999892084487273 0.004645734449318345 -1.1915535113242e-05 -3.29751082040405 -0.004645734324022342 0.9999892084649478 1.0521566550063196e-05 -0.7629294855808985 1.1964286930482579e-05 -1.046609659555059e-05 0.9999999998736583 0.0001117092122670035
1635266120143077 1606417097528152 0.999989494305308 0.004583758151918997 -2.1087551606435512e-05 -3.299428039584071 -0.0045837580566675555 0.9999894945176784 4.563070421643417e-06 -0.7630078054429889 2.1108246082730726e-05 -4.466362248837518e-06 0.9999999997672467 0.00016077707388509826
1635266120391791 1606417097528152 0.9999906805971726 0.004317250588133623 8.40407378561284e-06 -3.2997266366129567 -0.004317252209051713 0.9999906599206312 0.000203492823736562 -0.7608925413224472 -7.525465777915195e-06 -0.00020352720981062697 0.9999999792600209 -0.00028506723480889814
1635266120640860 1606417097528152 0.999989049018272 0.004679941008917623 3.8800326059058583e-07 -3.2952144563498704 -0.0046799410225237155 0.9999890423538113 0.00011545041594260795 -0.7613015410459237 1.523021270754276e-07 -0.00011545096747933083 0.9999999933355255 0.00020276855823670958
1635266120889638 1606417097528152 0.9999895761650864 0.004565911696968661 4.001519711403544e-06 -3.2894803868627194 -0.0045659118590703615 0.9999895753119199 4.1483090595208285e-05 -0.7586815317839835 -3.8120698682263995e-06 -4.150092876853204e-05 0.9999999991315706 1.9250921659448014e-05
1635266121138433 1606417097528152 0.9999882752752702 0.004842444622120921 6.821858014288824e-06 -3.279224755861475 -0.004842445882259459 0.9999882555468694 0.0001987225999391288 -0.7626388527584462 -5.859474709911719e-06 -0.00019875330444915396 0.999999980231395 0.00026883634490798954
1635266121387313 1606417097528152 0.9999900870215798 0.004452624216204715 -7.925104639383033e-07 -3.282155496009549 -0.004452624147391922 0.9999900844163906 7.219118632926186e-05 -0.7646688264516197 1.113942830180086e-06 -7.218694194819966e-05 0.9999999973939022 0.00012198589531736908
1635266121636477 1606417097528152 0.9999908375759412 0.004280730710838541 -1.0640227640306017e-05 -3.291419916618058 -0.004280730434763282 0.9999908373000008 2.5835123138914375e-05 -0.7657435821717645 1.0750723352107673e-05 -2.5789338480210152e-05 0.999999999609666 -0.00012611568232238148
1635266121885212 1606417097528152 0.9999899941309863 0.004473436802373893 -2.35602562893987e-06 -3.288747227995303 -0.004473436359204309 0.9999899808655647 0.0001629113049346645 -0.766495043887391 3.084775450611897e-06 -0.00016289913533441106 0.9999999867271778 -0.0014943914711990915
1635266122134048 1606417097528152 0.9999900841936373 0.004453242981393967 -1.2075457431135549e-05 -3.2864277893927514 -0.004453242483821925 0.9999900834313782 4.092372267804243e-05 -0.7610467960034742 1.2257580964793471e-05 -4.086954194619783e-05 0.9999999990897162 -0.0012892379939581015
1635266122383122 1606417097528152 0.999989429088051 0.004598008822833164 -5.611103065108349e-06 -3.2926872873620017 -0.004598008657346173 0.9999894286794652 2.9157662344109333e-05 -0.7576659639014778 5.745110937037164e-06 -2.9131554220492527e-05 0.9999999995591731 -0.0005594376038526177
1635266122631962 1606417097528152 0.9999895436064847 0.004573024251046344 -1.1461209079582622e-05 -3.290110069001833 -0.004573024686695475 0.9999895429375919 -3.827723134893049e-05 -0.7562226314521421 1.1286046521758192e-05 3.832924349911128e-05 0.9999999992017471 -0.0005243428645499867
1635266122880837 1606417097528152 0.9999893664677416 0.004611548168678489 2.407069491258315e-05 -3.2928599588745926 -0.004611546422899091 0.9999893641672946 -7.208567546994839e-05 -0.7594735643958317 -2.4402865465347495e-05 7.197390581741086e-05 0.9999999971121285 -0.0002351068257317941
1635266123129586 1606417097528152 0.9999891251740809 0.004663639807109147 1.3384884326215004e-06 -3.2984813385953773 -0.0046636397512453895 0.9999891244116261 -3.907947392061089e-05 -0.7613437180732676 -1.5207264659868924e-06 3.9072806710186765e-05 0.9999999992355015 -0.00018024324629485407
1635266123378448 1606417097528152 0.9999890818918524 0.0046727159842299484 -4.274209170153345e-05 -3.3056407883154377 -0.004672719832592732 0.9999890787025983 -9.038451334984005e-05 -0.7606692138344183 4.231928374208898e-05 9.058324834132562e-05 0.9999999950018766 -0.0005594240286685656
1635266123627507 1606417097528152 0.9999872611959687 0.005047372471833687 3.848872146967914e-05 -3.30127490868978 -0.005047373097025822 0.9999872618028788 1.616371650022136e-05 -0.7590485538283963 -3.8406646894966784e-05 -1.6357777531052515e-05 0.9999999991286763 1.8856995470763e-05
1635266123876226 1606417097528152 0.9999865546060998 0.0051854495425340845 4.1527455472328694e-05 -3.3014415631421508 -0.00518545081853878 0.9999865549911746 3.067827414358116e-05 -0.7676922100215287 -4.1367816492607383e-05 -3.089320024000304e-05 0.9999999986671569 -0.0002514187114668372
1635266124125119 1606417097528152 0.9999860480239029 0.0052823112468673335 3.0820342353552245e-05 -3.295980335844405 -0.005282310554825301 0.9999860482495535 -2.2492430900273966e-05 -0.761136465434868 -3.093872437647142e-05 2.2329314466648982e-05 0.9999999992720985 0.0005059929859339092
1635266124374219 1606417097528152 0.9999858117856029 0.005326384645747985 7.654123123056425e-05 -3.3005185790616935 -0.0053263864635589315 0.9999858144275775 2.3565245334965968e-05 -0.7612376429668922 -7.641462788828946e-05 -2.397259916408933e-05 0.9999999967930595 -0.0009424168415698999
1635266124622979 1606417097528152 0.9999867042941276 0.005156668703601276 -2.7047527403503244e-06 -3.301825349716213 -0.005156668734347653 0.9999867042316568 -1.1486455577919133e-05 -0.765559142083602 2.645484932584436e-06 1.1500250371248917e-05 0.9999999999303728 0.00032009749996964444
1635266124871902 1606417097528152 0.9999867418341191 0.005149383730734323 2.7644367347001975e-06 -3.2975359037266334 -0.005149383747325331 0.9999867418196838 6.028364980546541e-06 -0.7595059623555172 -2.73335771873952e-06 -6.0425202010623764e-06 0.9999999999780084 -2.0522429207711938e-05
1635266125120798 1606417097528152 0.9999877684847293 0.004945995517825708 -3.7060912001649815e-06 -3.294183487458379 -0.004945995707196383 0.9999877670882529 -5.2960173944957757e-05 -0.7573650561828268 3.4441050809167675e-06 5.297785647282954e-05 0.9999999985907424 0.00021043367919260496
1635266125369512 1606417097528152 0.9999876483966927 0.0049702167904251485 1.8905635728455656e-06 -3.2956125784303314 -0.004970216736387235 0.999987648018205 -2.7587629852144092e-05 -0.7585284135790766 -2.027656721734069e-06 2.7577892589911384e-05 0.9999999996176743 -1.2111899366534821e-05
1635266125618573 1606417097528152 0.9999888591522339 0.0047202643572239154 -2.608212678114338e-05 -3.2881810475066198 -0.004720265436469211 0.9999888586272561 -4.147327508460004e-05 -0.7617112589679615 2.588607136822958e-05 4.159592759861797e-05 0.999999998799845 0.00026580544198993313
1635266125867526 1606417097528152 0.9999918812248995 0.004029523256089432 2.0762484451310643e-05 -3.2629028122772747 -0.0040295240046171 0.9999918807844745 3.613711093115323e-05 -0.7638024704518231 -2.061670054727435e-05 -3.622048047148751e-05 0.9999999991315143 0.00015928824290906623
1635266126116441 1606417097528152 0.9999934288032161 0.0036252351791675377 -4.974798093291141e-06 -3.2302565076059238 -0.0036252350542239683 0.9999934285060705 2.4898621411993536e-05 -0.7725058071648037 5.0650287596791955e-06 -2.4880422985761694e-05 0.9999999996776551 -0.00020489167199200895
1635266126365319 1606417097528152 0.99999575040862 0.0029152978130363694 -1.441623283454014e-05 -3.1902717938030203 -0.00291529787926948 0.9999957505018738 -4.5754588459719036e-06 -0.7507553334490641 1.4402832747586474e-05 4.617467015140056e-06 0.9999999998856187 -0.0005690321042289002
1635266126614139 1606417097528152 0.9999972290316466 0.0023538813266218215 3.429569172380722e-05 -3.1153495925420316 -0.002353909533516218 0.9999968708087842 0.0008470460514441755 -0.7428250728133681 -3.23017385227177e-05 -0.0008471244332601873 0.9999996406683316 -0.0024546826895283395
1635266126862757 1606417097528152 0.9999999930708133 0.00011764477840921193 -4.748154541732396e-06 -2.967439282980999 -0.00011764271905672467 0.9999999000245922 0.0004314110126257142 -0.7356028865012058 4.798907319970779e-06 -0.0004314104510496132 0.9999999069309923 -0.00011508995012026538
1635266127111504 1606417097528152 0.9999949599611175 -0.003174874422457923 -1.5140347074307327e-05 -2.7833734017204326 0.003174877324261161 0.9999949409268162 0.00019565074723536474 -0.7239061446535947 1.4519103925020781e-05 -0.00019569782989216187 0.9999999807457773 0.0005793776579836624
1635266127360685 1606417097528152 0.9998957067595545 -0.014442142584890155 -1.1217591040481972e-05 -2.512400966765019 0.014442143544339944 0.9998957026893044 9.076217354210366e-05 -0.7087707727044402 9.905620824271724e-06 -9.09147137207405e-05 0.9999999958181968 0.0003568658058290626
1635266127609221 1606417097528152 0.9993689024125462 -0.03552177925430555 -9.685909314028883e-06 -2.1338859760369475 0.0355217795981359 0.9993689017249046 3.799743429344968e-05 -0.6843432707839413 8.330060080147537e-06 -3.8317514940112576e-05 0.9999999992311891 0.00015662547904885893
1635266127858079 1606417097528152 0.9981552029748666 -0.06071400789997805 -4.8363458111918e-06 -1.6339448003829866 0.060714007976680605 0.9981552028247099 1.771538608698994e-05 -0.5969271358195631 3.7518516432555258e-06 -1.797633873355612e-05 0.9999999998313874 9.228408081281872e-05
1635266128106767 1606417097528152 0.996386090607352 -0.08493973421571563 -1.6470960685933795e-07 -1.0387119657942392 0.08493973417698525 0.9963860902079589 -2.8328533654232787e-05 -0.5106967552607706 2.570332480504028e-06 2.821216651009379e-05 0.9999999995987335 0.00010701595599410527
1635266128355509 1606417097528152 0.9940474888273068 -0.10894764778950267 -1.3136103477685096e-06 -0.3677719616292657 0.10894764778541821 0.9940474888245111 -2.858902331084847e-06 -0.4319503914758144 1.6172617517211865e-06 2.698769925515437e-06 0.9999999999950505 -2.3892836844263585e-06
1635266128604037 1606417097528152 0.9917242428291123 -0.12838623829940737 -2.194788619085498e-06 0.43532874060606136 0.12838623816360242 0.9917242423291079 -3.211574549724643e-05 -0.3071160807785782 6.299844834893666e-06 3.156818273171003e-05 0.9999999994818809 2.7702249340874753e-05
1635266128852803 1606417097528152 0.989904951088426 -0.14173280429324758 -1.5028602559987568e-06 1.333065256221182 0.1417328042515123 0.9899049509664505 -1.5986776214428266e-05 -0.15121923082704497 3.7535394324950006e-06 1.5612384328089514e-05 0.9999999998710822 -8.259289385446938e-06
1635266129101774 1606417097528152 0.9879837899834244 -0.15455753198430894 6.432243112541773e-06 2.2730759025928795 0.1545575297668485 0.9879837668381621 -0.00021554839602501031 0.04796516062234333 2.6959676333193993e-05 0.0002139524728354944 0.9999999767487573 0.00033253144951762143
1635266129350598 1606417097528152 0.9865667733231993 -0.16335850671913352 7.849312471849567e-06 3.279599917097238 0.16335850667005386 0.9865667681571931 -0.00010134528318518053 0.265769320721008 8.81174328653059e-06 0.00010126614098709132 0.9999999948337609 -0.00016591703847058297
1635266129599226 1606417097528152 0.9851925399622803 -0.17145162346719317 4.1952378500152525e-06 4.2970499926685735 0.171451623456491 0.9851925386527258 -5.1005845539753946e-05 0.45220137256865617 4.611917996388906e-06 5.096985886029137e-05 0.9999999986904019 -0.000169228656371282
1635266129848134 1606417107778302 0.9973697736606099 -0.07248127063322614 2.0624404683376983e-07 -4.857374077343723 0.07248127061731638 0.9973697733734447 -2.3982661289906604e-05 0.07717534983147571 1.5325921852051044e-06 2.3934530293011547e-05 0.9999999997123947 -0.00013462019600144216
1635266130097164 1606417107778302 0.9982134045302381 -0.059749468330173555 -7.407996053103163e-06 -3.6978803850174775 0.05974946706778276 0.9982133978588017 -0.00011629603213656424 0.10354251494093665 1.4343387000529074e-05 0.00011564563435592644 0.9999999932101772 0.00014137764855628044
1635266130345801 1606417107778302 0.998844438878987 -0.04806024262428361 1.970389188622481e-06 -2.548461109462322 0.048060242655052314 0.9988444386599538 -2.0940033643556344e-05 0.13598815119282914 -9.617291855791786e-07 2.101053353728832e-05 0.9999999997788163 -7.671947661026399e-05
1635266130594699 1606417107778302 0.9996615401956362 -0.026015477215613307 1.843381692865518e-06 -1.2993429351701522 0.026015477207227265 0.9996615401877122 4.435852647371328e-06 0.10307069171929298 -1.9581586057189e-06 -4.38639483512736e-06 0.9999999999884626 -3.1554050890435607e-05
1635266130843378 1606417107778302 0.999973498213674 -0.007280307314504644 4.237053159240784e-07 0.07193177795553989 0.00728030731437049 0.9999734982137143 3.1709014396002744e-07 0.0666459802066943 -4.260026006698262e-07 -3.1399703559342517e-07 0.99999999999986 -4.342817475016487e-08
1635266131091698 1606417107778302 0.9999762019085018 0.006898957806456285 -1.5157564186181471e-06 1.5024068834384712 -0.006898957822930792 0.9999762018474124 -1.1146566760964376e-05 0.03220392489302497 1.4388206526416813e-06 1.1156758633525679e-05 0.9999999999367283 3.7122941737217764e-05
1635266131340580 1606417107778302 0.9998692031320429 0.016173330883519126 -8.314656988208579e-07 2.990578925073836 -0.016173330890225653 0.9998692030934125 -8.816167279267493e-06 0.012564957500238172 6.887701551458891e-07 8.828461722051174e-06 0.9999999999607919 1.826786827289334e-05
1635266131589670 1606417107778302 0.999731051065389 0.0231910659491253 -5.493272602181741e-07 4.440021059901309 -0.023191065952206873 0.9997310510443664 -6.495561074911124e-06 -0.017572313141199464 3.9854053395949367e-07 6.506553585386863e-06 0.999999999978753 1.4318229511007547e-05
1635266131838267 1606417109778955 0.9999327277033704 -0.011599141002551161 -4.078032331642342e-07 -4.458400764652692 0.011599140999455129 0.9999327276795815 -6.914628183219467e-06 -0.12046792466732557 4.879795465707119e-07 6.909432853084312e-06 0.9999999999760109 1.3579194812225074e-05
1635266132087351 1606417109778955 0.9999896111074119 -0.004558254216312076 -4.6093943032012366e-07 -2.901659519710063 0.004558254213764053 0.9999896110930281 -5.385396031372315e-06 -0.07968142408160539 4.854826458286193e-07 5.38323900395884e-06 0.9999999999853926 9.84229178374373e-06
1635266132336135 1606417109778955 0.9999970440763236 0.0024314281973331687 -4.342527906818353e-08 -1.2487616934223031 -0.002431428197387227 0.9999970440754933 -1.289335738715186e-06 -0.06211113159346087 4.029022343539238e-08 1.2894375129822736e-06 0.9999999999991679 -1.827918570483593e-05
1635266132585020 1606417109778955 0.9999538265843403 0.009609615171844296 -2.2373009655599424e-07 0.4170653982922214 -0.009609615171826772 0.999953826584362 7.967170544777666e-08 -0.05950679240953324 2.2448538060219142e-07 -7.751806660257367e-08 0.9999999999999718 -1.7056472384786759e-07
1635266132833920 1606417109778955 0.9998344521896727 0.018195280129765002 -2.050512859822163e-07 2.146348261707888 -0.018195280130107086 0.9998344521880456 -1.8119921863729346e-06 -0.04569824043710336 1.720476347661099e-07 1.8154231806195816e-06 0.9999999999983373 4.196721165421745e-06
1635266133082837 1606417109778955 0.9996539624189468 0.026305045610192698 1.0107195533591872e-07 3.8924848434951382 -0.026305045610328627 0.9996539624174424 1.735052844227416e-06 -0.04147854475161548 -5.539633643720361e-08 -1.7371111531293584e-06 0.9999999999984897 -5.7479757511079904e-06
1635266133331304 1606417109778955 0.9995147873203982 0.03114787203514632 8.203908753531532e-08 5.634902377118959 -0.031147872035251028 0.9995147873180555 2.1640467214638767e-06 -0.03787010362936626 -1.4593830771359275e-08 -2.1655520415509755e-06 0.9999999999976551 -1.282923400849166e-05
1635266133580498 1606417111528979 0.9993555861266392 -0.03589446310987801 -2.3613578250723665e-08 -3.8658698174242296 0.0358944631089995 0.9993555860971269 7.684385761381775e-06 -0.08541606189577856 -2.522285399008374e-07 -7.680281433285128e-06 0.9999999999704748 -2.633313499300016e-05
1635266133829473 1606417111528979 0.999607529700263 -0.02801404238902431 -1.715058552389376e-07 -2.0628832877393757 0.028014042389229492 0.9996075296993707 1.3421797891375068e-06 0.05591308014474814 1.338386627774831e-07 -1.3464575957290215e-06 0.9999999999990846 -8.536023986916182e-06
1635266134078654 1606417111528979 0.9998377042108942 -0.018015694344879207 -1.6100810703401144e-07 -0.24485337336394655 0.01801569434338911 0.9998377041883114 -6.725904979858207e-06 0.131177005448212 2.8215382440177454e-07 6.721912720943912e-06 0.9999999999773681 3.602283775944797e-05
1635266134327277 1606417111528979 0.9999682859970681 -0.00796410726543824 -1.2692080297879376e-07 1.5176185471042107 0.007964107265073461 0.9999682859935592 -2.6531250062060597e-06 0.1745995122085329 1.480465499493189e-07 2.6520300540968215e-06 0.9999999999964724 9.082330996661783e-06
1635266134575886 1606417111528979 0.9999865108022603 0.005194056024568295 6.342969893359102e-09 3.300608922067356 -0.005194056024571016 0.9999865108004329 1.911810572024158e-06 0.20461456210873052 3.5871668877099973e-09 -1.911817728970031e-06 0.9999999999981725 -1.602262604712943e-05
1635266134824789 1606417111528979 0.9998814354271133 0.015398541901077121 -4.509957501029523e-08 5.152845294641712 -0.015398541901138207 0.999881435424868 -2.118991958974357e-06 0.18912622889226266 1.246484133001881e-08 2.1194351892885787e-06 0.9999999999977539 1.0476668403349776e-05
1635266135073721 1606417113028998 0.9998700832536395 -0.01611882807557013 5.440891432011231e-07 -3.7498655199256703 0.016118828076706875 0.9998700832514488 -2.1540552502576314e-06 0.1284674562541883 -5.092976106633959e-07 2.162545481760871e-06 0.999999999997532 -9.22516908279183e-06
1635266135322380 1606417113028998 0.9999535721957613 -0.009636049885290567 1.0136583917606646e-07 -1.8528326842171774 0.009636049885422243 0.9999535721947969 -1.3915065160948714e-06 0.18280542549666232 -8.795250677762699e-08 1.3924186777826153e-06 0.9999999999990267 -5.530925857129064e-06
1635266135571766 1606417113028998 0.9999472465925968 -0.010271515775514493 1.52502696192322e-07 0.03974521159495898 0.010271515776118552 0.9999472465815228 -4.707219518686886e-06 0.2458954129512832 -1.0414437160855738e-07 4.708537630657208e-06 0.9999999999889094 1.6668194529202134e-05
1635266135820706 1606417113028998 0.9999322988325079 -0.011636054137354504 3.3831292957647665e-07 1.9348098751942475 0.011636054137691634 0.9999322988320484 -1.0124908457552078e-06 0.3739152862950862 -3.26508627100493e-07 1.0163589265046406e-06 0.9999999999994302 -1.5845323254217778e-05
1635266136069578 1606417113028998 0.9998984525107182 -0.014250777912818242 1.2637441929584304e-07 3.8948738894045127 0.01425077791286788 0.9998984525106447 -4.017091438975374e-07 0.39285969769562873 -1.2063691849534076e-07 4.034692851249058e-07 0.9999999999999113 -1.2647610206351032e-05
1635266136318553 1606417114528388 0.9999884565015558 -0.0048048796136566565 3.150558958875424e-09 -5.666687682828471 0.00480487961358666 0.9999884564901397 4.778314002298431e-06 0.25441402147252207 -2.6109746127666062e-08 -4.778243705770998e-06 0.9999999999885838 -2.23065485774573e-05
1635266136567289 1606417114528388 0.9999953626538992 -0.0030454351338819754 8.733749491792429e-08 -3.6993234395492487 0.003045435133999636 0.9999953626529484 -1.3813711342226766e-06 0.28081299854286157 -8.313021371837839e-08 1.381630708999087e-06 0.9999999999990421 1.0817829249547444e-05
1635266136816324 1606417114528388 0.9999772955356336 -0.006738576830223728 9.358204801253148e-08 -1.6969866319315323 0.006738576830479604 0.9999772955309068 -3.075501560927e-06 0.3705635150737015 -7.285541972187566e-08 3.0760623431250195e-06 0.9999999999952662 1.8215104873190997e-05
1635266137065227 1606417114528388 0.9999606129379212 -0.00887539162647102 -8.715031942543949e-07 0.36207760859991506 0.008875391668625726 0.9999606092186328 8.624554829395678e-05 0.41673585941096636 1.0600584791465891e-07 -8.624988626718901e-05 0.999999996280473 -0.0003273522428839292
1635266137313703 1606417114528388 0.9999598959738986 -0.008955805273148432 -4.948950939538258e-07 2.4176763526361453 0.008955805279007153 0.9999598958830925 1.348127214474245e-05 0.4795841182759185 3.74139598459535e-07 -1.3485163675517357e-05 0.9999999999090052 9.500621505946614e-07
1635266137562839 1606417114528388 0.9999735905526389 -0.007267613204176293 -2.0851226895337838e-07 4.481987477620576 0.007267613204926516 0.9999735905452166 3.8570056598406785e-06 0.5578092680194776 1.8047553699563942e-07 -3.858419184963352e-06 0.99999999999254 6.534029088993111e-06
1635266137811650 1606417115778414 0.9999984937015878 0.0017356840198857306 -6.586159131381719e-08 -3.480607878714744 -0.0017356840201953273 0.9999984936889231 -5.033121029916187e-06 0.4200151121044339 5.7125584364694824e-08 5.0332277634343114e-06 0.9999999999873317 2.283062898374035e-05
1635266138060289 1606417115778414 0.9999938187614927 0.003516026625364789 2.05517599343102e-07 -1.4008598619012473 -0.0035160266260364677 0.9999938187558521 3.364282820596212e-06 0.4216330717859394 -1.9368742101583928e-07 -3.3649846305055833e-06 0.9999999999943197 -2.1849596182029048e-05
1635266138308984 1606417115778414 0.9999907338715103 0.004304901338542538 -2.2291653405873722e-07 0.726699568504888 -0.004304901339290524 0.999990733865508 -3.470941778319589e-06 0.43152471525318686 2.0797240657631854e-07 3.471869249805351e-06 0.9999999999939514 2.5676898283593318e-05
1635266138558042 1606417115778414 0.9999995587051591 -0.0009394647123972008 8.245879078690208e-08 2.8024623575428658 0.0009394647131284059 0.9999995586612771 -9.368541520923666e-06 0.49529321539184945 -7.36573402292163e-08 9.368614853737938e-06 0.9999999999561118 3.8521116280031034e-05
1635266138806912 1606417115778414 0.9999673147901255 -0.008085131778072858 1.5181107600134527e-07 4.8959999718402525 0.008085131778129827 0.9999673147900645 -3.7908243689496593e-07 0.5864976139085647 -1.4874118256707653e-07 3.802974590599571e-07 0.9999999999999166 -1.3252046739971447e-05
1635266139055791 1606417117279052 0.9999226767186178 0.01243545690104894 -5.000208521921167e-08 -4.965878918211814 -0.012435456901147113 0.9999226767078174 -4.647430049433386e-06 0.4709778722923878 -7.794697187019696e-09 4.647692493657303e-06 0.9999999999891994 1.9832686343275402e-05
1635266139304691 1606417117279052 0.999990073836021 0.004455584573848953 1.4504369873273992e-08 -2.965236967986563 -0.004455584573708005 0.9999900738217559 -5.341468018027667e-06 0.4974018579451519 -3.830358840314486e-08 5.341350372281647e-06 0.9999999999857343 1.582621760277233e-05
1635266139553845 1606417117279052 0.999968881074032 -0.007889035936541432 7.802749094014715e-08 -0.9589456185906555 0.007889035936762632 0.9999688810681475 -3.430897570285305e-06 0.572697063719708 -5.095858858130477e-08 3.4314063661102328e-06 0.9999999999941114 8.489433185893575e-06
1635266139802984 1606417117279052 0.999753176052669 -0.022216817437368596 1.4666084600000706e-07 1.0722507867051256 0.02221681743549976 0.9997531760210815 7.953833282808426e-06 0.6339794830534299 -3.2333350855711167e-07 -7.948611749022887e-06 0.9999999999683575 -2.8049538562186426e-05
1635266140052056 1606417117279052 0.9991515659441329 -0.04118432075203348 -2.1574536765352193e-07 3.0662445543295247 0.04118432075035512 0.9991515659306757 -5.203463803941768e-06 0.7206685627937353 4.2986344425547955e-07 5.190163681608598e-06 0.9999999999864387 3.535220937056425e-05
1635266140300600 1606417117279052 0.9978072743904939 -0.06618642744422978 2.2147603784152442e-07 5.013207650309655 0.06618642744432861 0.9978072743903993 -4.7386046784290656e-07 0.8956687911413176 -1.8962727018743932e-07 4.874801295679021e-07 0.9999999999998632 3.882719044940867e-08
1635266140549700 1606417118778455 0.9947747340624258 0.1020942137183778 -8.496227863972825e-07 -4.45935027751231 -0.1020942137204449 0.9947747340583042 -2.9154526110313716e-06 0.7510667544661255 5.475324394305721e-07 2.986960166139872e-06 0.9999999999953891 -2.9339334453181843e-08
1635266140798928 1606417118778455 0.9976977969142968 0.06781670912694328 1.2472723387295012e-07 -2.5155657486205993 -0.06781670912704497 0.9976977969112739 2.4563479656125945e-06 0.5983618881951143 4.2141349048533825e-08 -2.4591515442808927e-06 0.9999999999969754 -1.3367217241587999e-05
1635266141047835 1606417118778455 0.9997673858721949 0.021567896290607087 -5.837839275130587e-07 -0.5743908430528512 -0.0215678962919534 0.9997673858694379 -2.4073579126050727e-06 0.5766862020772702 5.317264853276894e-07 2.4193889183440287e-06 0.9999999999969319 -5.428652837245738e-06
1635266141296830 1606417118778455 0.9996013799076431 -0.02823262813130994 -2.6897762667428618e-08 1.3743874020518638 0.028232628131304283 0.9996013799076257 -1.8864019654380526e-07 0.6180063402650854 3.2212849198355436e-08 1.8780560623986394e-07 0.9999999999999818 3.1248975364688093e-06
1635266141545974 1606417118778455 0.9967846509680317 -0.08012714645466328 1.9425634134314097e-07 3.284545977242525 0.0801271464533247 0.9967846509607177 3.851355974001184e-06 0.7771639624081728 -5.022299035793463e-07 -3.823407313977587e-06 0.9999999999925646 3.1303741626039275e-05
1635266141794731 1606417118778455 0.991610055222259 -0.12926522495250653 -2.1335239949272084e-06 5.164074340507428 0.12926522495830392 0.9916100552197049 2.8492841355078184e-06 1.023138605967127 1.7473104916884064e-06 -3.1011692581060965e-06 0.9999999999936648 -0.00011926560854317464
1635266142043192 1606417120279103 0.988320414802094 0.15239014888909333 -1.4541053410189415e-05 -3.830983526788473 -0.1523901487860675 0.9883204148929394 7.954478752966243e-06 0.5566737396091231 1.5583404140803654e-05 -5.645660447968523e-06 0.999999999862642 0.0007612231495802024
1635266142292600 1606417120279103 0.9948810998955829 0.10105244678509265 8.58875018233688e-06 -1.990937588739026 -0.10105244690387433 0.994881099811226 1.4751626663634878e-05 0.3776799218674403 -7.0540972589709055e-06 -1.554402878210262e-05 0.9999999998543114 -0.00019159530138557635
1635266142541331 1606417120279103 0.9990844410181995 0.04278176491828652 -1.761516202500876e-05 -0.16226723626493886 -0.04278176422684026 0.9990844404835344 3.791843459938243e-05 0.3242806333679349 1.922125185083999e-05 -3.713011032735472e-05 0.9999999991259492 0.0008439820745572707
1635266142790350 1606417120279103 0.9999238990618703 -0.012336755136960434 2.3707863869361985e-05 1.6788796105774628 0.012336755135294336 0.9999238993429201 2.1651576505143322e-07 0.2911428427726208 -2.3708730787267364e-05 7.597882333863354e-08 0.9999999997189452 -0.00014726759989148458
1635266143039057 1606417120279103 0.9971027632608309 -0.07606627956773132 2.4795257240812133e-05 3.528589274164412 0.07606627773321618 0.9971027613884417 6.802810379306458e-05 0.3900449416541407 -2.989806422566968e-05 -6.594492734756593e-05 0.9999999973786862 0.0020823461537515927
1635266143288259 1606417120279103 0.9892626336454795 -0.1461486970929822 3.9114566385785635e-06 5.324893667868891 0.14614869702595362 0.9892626335648835 1.3941039796430051e-05 0.6305100074793782 -5.90692269771155e-06 -1.3219695453541541e-05 0.999999999895174 0.00036423509684989206
1635266143537072 1606417121777871 0.9860993956709445 0.1661564980580771 -3.865217342191903e-06 -3.3561894616284937 -0.16615649807364896 0.9860993956672389 -4.13197509913179e-06 0.09032092857782684 3.124933972716076e-06 4.716769126042862e-06 0.9999999999839935 0.0001354716619080383
1635266143785862 1606417121777871 0.9955344936094269 0.09439847473424137 2.477222410939673e-06 -1.5627335562936948 -0.09439847473349318 0.9955344936124921 -4.175164196556744e-07 -0.08175497869122177 -2.5055732716267475e-06 1.81805980246794e-07 0.9999999999968445 0.00021205313876342273
1635266144034775 1606417121777871 0.9997925530738991 0.020367886634637126 -4.059398438686634e-06 0.24771996712900607 -0.02036788666061469 0.9997925530607138 -6.4641694405865025e-06 -0.12585273873300087 3.926894858543443e-06 6.545509835801104e-06 0.9999999999708679 -0.00015141583244380626
1635266144283562 1606417121777871 0.9986815304688078 -0.05133420589189453 3.22395306900386e-06 2.0396749907778626 0.05133420588646363 0.9986815304727656 1.745316903097263e-06 -0.07367760010232373 -3.3092968423679515e-06 -1.577516685322197e-06 0.99999999999328 -0.00012187856663469044
1635266144532563 1606417121777871 0.9928451358909547 -0.11940888417558645 -0.00023349963299632717 3.762930933370295 0.11940875269862267 0.9928450464669122 -0.0005133123216896253 0.14614994330451547 0.0002931230055381286 0.0004817577418496843 0.9999998409941783 -0.02459394177328882
1635266144780892 1606417123279142 0.9948127838211022 0.10172276972880599 -5.717757247475287e-05 -5.042540694334595 -0.10172277372378324 0.9948127824547267 -7.193809929691562e-05 -0.34697237415917725 4.9563237257996845e-05 7.738120209111528e-05 0.9999999957778175 -0.005285355973317928
1635266145029713 1606417123279142 0.9981995400502143 0.05998064890586092 -2.1995659714118833e-06 -3.185505944883394 -0.05998064890209503 0.9981995400513475 1.739961447385292e-06 -0.31275513940542415 2.2999697576561544e-06 -1.604897322213267e-06 0.9999999999960673 -0.001297469314432915
1635266145278373 1606417123279142 0.9994889260426393 0.03196696019749884 1.3353981924858864e-05 -1.2596069533178915 -0.03196696055114209 0.9994889257513547 2.716597280509405e-05 -0.364619443026535 -1.2478743477165549e-05 -2.757897519719805e-05 0.9999999995418405 -0.001031973165910961
1635266145527197 1606417123279142 0.9998838213432136 0.015242818641482721 1.733265273750811e-05 0.6732709741851483 -0.01524281915152246 0.9998838210450047 2.9685354548797284e-05 -0.34977884339815585 -1.6878150572292556e-05 -2.9946104235206754e-05 0.9999999994091794 -0.0007889425377927376
1635266145775817 1606417123279142 0.9999815742020961 0.006070494861833038 1.8785533519794154e-05 2.6183790171938 -0.006070495523063087 0.9999815737499096 3.534436603870023e-05 -0.401828569999729 -1.8570629580382077e-05 -3.545775228760523e-05 0.9999999991989398 -0.0005593184420986588
1635266146024727 1606417123279142 0.9999990030337244 -0.0014120516848997423 6.7869114281060914e-06 4.57730785867368 0.0014120515082199408 0.9999990027198598 2.596709065663599e-05 -0.43680574089815216 -6.823571533751947e-06 -2.595748129974631e-05 0.999999999639824 -0.0007318152984298635
1635266146273014 1606417124779173 0.9995245563364986 -0.030832795534826905 -2.0733358723490307e-06 -4.59959580803956 0.03083279551317451 0.999524556291567 -9.770070945623108e-06 -0.5922319270469412 2.3735887176749147e-06 9.701499086296124e-06 0.9999999999501235 9.719765561953333e-06
1635266146522125 1606417124779173 0.9995181729224455 -0.031039039963888942 -6.018487740568039e-07 -2.6466744222941947 0.03103903995953833 0.9995181729032981 -6.2376327616105294e-06 -0.4815781043163672 7.951689195752499e-07 6.215946493084719e-06 0.9999999999803648 0.00014070594859057537
1635266146770828 1606417124779173 0.9996482642800378 -0.026520703730509958 -1.0743976062609743e-07 -0.6038610887796539 0.026520703729835376 0.9996482642714367 -4.1525427697253136e-06 -0.40195606732885836 2.1753032674729358e-07 4.148232794034901e-06 0.9999999999913725 0.0001552407586015009
1635266147019353 1606417124779173 0.9999260676057679 -0.012159741998329398 1.2104575673947174e-06 1.3729320630819526 0.012159742000220483 0.9999260676052487 -1.5674639011913778e-06 -0.30256582611356336 -1.1913081187351608e-06 1.5820668665505021e-06 0.9999999999980389 0.00019043987957422006
1635266147268470 1606417124779173 0.9999683998097133 0.007949804003890011 1.663358366025723e-06 3.358830516518139 -0.007949804006489666 0.9999683998098559 1.5621110427481769e-06 -0.2948583538243992 -1.6508873269592368e-06 -1.5752850527409145e-06 0.9999999999973965 0.00023363891984953269
1635266147517613 1606417124779173 0.9995848371148565 0.02881238289337747 2.5566903790742055e-06 5.391392454978329 -0.028812382924322977 0.9995848370323246 1.3028762807881743e-05 -0.2369847136924366 -2.1802392332564085e-06 -1.309701809131616e-05 0.9999999999118573 0.00015844908022397852
1635266147766696 1606417126278559 0.997674016384429 -0.06816565876483592 9.919010031137147e-07 -4.383509394335474 0.06816565876651691 0.9976740163832314 -1.7731837178717925e-06 -0.42802925039129086 -8.687236213892657e-07 1.8366729069009397e-06 0.999999999997936 4.5665292598769226e-05
1635266148015678 1606417126278559 0.9990506082234833 -0.043564689864868604 3.119550502957033e-06 -2.38552916730258 0.04356468985666598 0.9990506082251946 2.6508024677684917e-06 -0.2974754509746091 -3.23207021476258e-06 -2.5123835675452856e-06 0.9999999999916208 8.716989834265034e-05
1635266148264794 1606417126278559 0.9998630608152678 -0.016548704331475966 2.5572279739036245e-06 -0.4126047241026689 0.016548704328290708 0.9998630608177944 1.2617364671745063e-06 -0.15552752595874256 -2.577757892929916e-06 -1.2192448763684677e-06 0.9999999999959343 8.034598512906345e-05
1635266148513602 1606417126278559 0.9999387266586708 0.011069910882215862 2.4003496352847927e-06 1.536250863341378 -0.011069910883350962 0.9999387266614332 4.6008465862623325e-07 -0.09883482119820172 -2.3951094616742997e-06 -4.866281242522912e-07 0.9999999999970133 7.026901701597557e-05
1635266148762496 1606417126278559 0.9994658218936693 0.03268135353423688 1.431076070564348e-06 3.485645585846364 -0.032681353533466066 0.9994658218945628 -5.588031206051512e-07 -0.09141868120817243 -1.448574063397534e-06 5.117351172158368e-07 0.9999999999988198 6.0305276320379724e-05
1635266149011685 1606417126278559 0.9986324942589733 0.05227945496933157 1.636254253701764e-06 5.481984291026405 -0.052279454971646926 0.998632494259203 1.4056984568873499e-06 -0.11725972314913266 -1.5605275174356383e-06 -1.4893186367526454e-06 0.9999999999976733 4.935323257262525e-05
1635266149259845 1606417127779204 0.9969181731494396 -0.07844842910850089 4.388398979365554e-06 -4.185882618829495 0.07844842909475223 0.9969181731549729 3.2221928414417357e-06 -0.14020094646634368 -4.627650660269682e-06 -2.867999594846657e-06 0.9999999999851797 0.00010471190717670804
1635266149508957 1606417127779204 0.9982871248230472 -0.05850484086877196 3.452424559894685e-06 -2.304176191518426 0.058504840862871284 0.9982871248277648 1.7861319258698497e-06 0.04485337446924807 -3.5510083516677456e-06 -1.5810889553600308e-06 0.9999999999924453 9.124317127362748e-05
1635266149758044 1606417127779204 0.9993107656180376 -0.037121337780650854 2.394086766930784e-06 -0.39367763848305976 0.03712133777848415 0.9993107656205408 9.431766058442606e-07 0.18358398713608967 -2.427448657390542e-06 -8.536548325511025e-07 0.9999999999966894 9.779408704076002e-05
1635266150006568 1606417127779204 0.9998734099942616 -0.015911127869726396 9.08918426836192e-07 1.4632129081328722 0.015911127869269428 0.9998734099945529 5.076935611178899e-07 0.2482480730048702 -9.16881344015124e-07 -4.931673748738481e-07 0.9999999999994581 2.032542812208366e-05
1635266150255323 1606417127779204 0.99999720797267 0.002363059627997461 7.243003294640861e-07 3.365831149200943 -0.002363059628586339 0.9999972079726003 8.131328373790057e-07 0.3032615415467906 -7.223768258158353e-07 -8.148421319556659e-07 0.9999999999994071 -4.795401928869561e-05
1635266150504226 1606417127779204 0.9997497133882798 0.022372093792421725 1.9649925490800237e-06 5.202999641404656 -0.022372093796461996 0.9997497133880006 2.0587449759445274e-06 0.380735142244617 -1.918442302051509e-06 -2.1021906972527847e-06 0.9999999999959502 2.519905553162258e-06
