1633462520781466 1606417097528152 0.9976728314268019 0.06818299959231618 1.971824770038732e-06 -1.8121112695901866 -0.06818299958729528 0.9976728314259349 -2.510463093426172e-06 -1.3013589315552307 -2.1384069054711613e-06 2.3701758951239164e-06 0.9999999999949047 0.0003007059626139001
1633462521030770 1606417097528152 0.9976118786209835 0.06906908459326193 -3.4528630367441106e-05 -1.8052866147732194 -0.06906908511728317 0.9976118790808943 -1.4220202521017898e-05 -1.295870255533199 3.346399545202035e-05 1.657110386115847e-05 0.9999999993027797 0.00016076923332051902
1633462521279754 1606417097528152 0.9976451150245155 0.06858734205447829 -3.1338296274870025e-05 -1.8115980101195028 -0.06858734129387796 0.9976451152623992 2.4734117766058506e-05 -1.297809179723848 3.296094559483274e-05 -2.2526461341525868e-05 0.9999999992030673 -5.1975670215625344e-05
1633462521528835 1606417097528152 0.9976560985768584 0.06842739570088142 -2.2236506755172163e-05 -1.8131588328959356 -0.06842739460401272 0.9976560978010626 4.682444803554746e-05 -1.2935879283821075 2.538846159223916e-05 -4.519310992270725e-05 0.9999999986565045 -5.7472577492973595e-05
1633462521777948 1606417097528152 0.9976539680925611 0.06845845406944014 -4.478306465294982e-06 -1.817646224271447 -0.06845845393028831 0.9976539677711248 2.6085849110693817e-05 -1.2941259159818757 6.253597117189466e-06 -2.571807293944995e-05 0.9999999996497366 0.00016124662567216608
1633462522027078 1606417097528152 0.997657134228017 0.06841229796275579 3.982613486510947e-06 -1.8137976210618905 -0.06841229799092381 0.997657134206384 7.4277662132119255e-06 -1.2914070343191117 -3.46513220222053e-06 -7.682823694593402e-06 0.9999999999644835 6.550551752685049e-05
1633462522276001 1606417097528152 0.9976768943074957 0.06812352419088019 -4.607635025333509e-06 -1.8172238577599933 -0.06812352415915446 0.9976768942976442 6.723836484338241e-06 -1.2918069405865524 5.054982439516831e-06 -6.394327965546861e-06 0.9999999999667799 3.423168426918603e-05
1633462522524960 1606417097528152 0.9976731433327054 0.06817843461950601 -1.1399057984580893e-05 -1.8139628629905793 -0.06817843518583828 0.9976731415360869 -6.031244365916159e-05 -1.2956024531520354 7.260525993253752e-06 6.0949275183357725e-05 0.9999999981162353 0.00011552651208381015
1633462522774049 1606417097528152 0.9976687342938193 0.06824292317494388 7.319353973182242e-06 -1.8143958739193304 -0.06824292269086865 0.9976687329312081 -5.3277684047264075e-05 -1.2979857320014803 -1.0938115503651615e-05 5.2653985502083435e-05 0.9999999985539577 6.685878608796103e-05
1633462523023470 1606417097528152 0.9976690516351574 0.0682382840561435 1.715909738736581e-06 -1.8131468725207873 -0.06823828401297896 0.9976690514685747 -1.84722454332945e-05 -1.3000559437035517 -2.9724243724763243e-06 1.8312096846873366e-05 0.9999999998279159 -0.0001265077301022994
1633462523272401 1606417097528152 0.9976717890157956 0.06819824994060715 -1.0560586391500851e-05 -1.8099819643129207 -0.06819825051343098 0.9976717865939702 -6.975506157183847e-05 -1.303626328631128 5.778825968977027e-06 7.031287058742238e-05 0.9999999975113527 -0.00012642650305389854
1633462523521517 1606417097528152 0.9976696041445772 0.06823020417733415 1.4435650507231697e-05 -1.8116576939887725 -0.06823020445432205 0.997669604036481 1.9653963179243827e-05 -1.2975489611758302 -1.3061015804916115e-05 -2.059310905040185e-05 0.9999999997026668 0.00035563776489593534
1633462523770570 1606417097528152 0.9976605523999824 0.06836243205745263 8.521614193116764e-06 -1.8114043951138405 -0.06836243231514073 0.99766055180754 3.492131284515271e-05 -1.2976918455642998 -6.114372441448422e-06 -3.542217453704125e-05 0.999999999353942 -7.271693489948255e-05
1633462524019731 1606417097528152 0.9976603086205742 0.06836599010685872 2.067671739457856e-06 -1.8100717927941348 -0.06836599013295055 0.9976603084609142 1.786840780748197e-05 -1.2982011379977534 -8.412426339899418e-07 -1.796795967346858e-05 0.9999999998382224 5.0577575965684265e-05
1633462524268740 1606417097528152 0.9976749822616982 0.06815152064686526 2.665671259110714e-06 -1.7979551512398932 -0.06815152066868256 0.9976749822213863 9.196098907943925e-06 -1.2985243574215937 -2.032745401441434e-06 -9.356387364750085e-06 0.999999999954163 3.7350457067992124e-05
1633462524517792 1606417097528152 0.9978248288062338 0.06592124862149855 -1.567938608136844e-06 -1.770136225942121 -0.06592124860072017 0.9978248287498288 1.0851825640729267e-05 -1.30996715581642 2.2798939692089757e-06 -1.0724860591394179e-05 0.9999999999398897 1.7424304175204675e-05
1633462524766683 1606417097528152 0.9979620721352475 0.06380989408258453 -1.0761302282074963e-06 -1.744589114103933 -0.06380989407859577 0.9979620721302762 3.4043083428127935e-06 -1.2981894127320295 1.291165707200444e-06 -3.328702852096637e-06 0.9999999999936263 3.206411739419398e-05
1633462525016031 1606417097528152 0.9981362495003634 0.06102480998776115 -1.9420155761718405e-06 -1.706371958755652 -0.061024809992691054 0.9981362494985925 -2.5894266872791898e-06 -1.2883671411850215 1.780376872095584e-06 2.7031117735296982e-06 0.9999999999947617 1.240954835980588e-06
1633462525265348 1606417097528152 0.9982268766412333 0.05952396729178207 -8.567400573192827e-06 -1.6460197769573814 -0.05952396737933129 0.9982268766190728 -1.0354715924646697e-05 -1.281232971574324 7.935855742890626e-06 1.0846321408187502e-05 0.9999999999096898 -1.4187749701062211e-05
1633462525514580 1606417097528152 0.9987175414130304 0.050628771224914375 -1.6226759404055714e-06 -1.5678715475990344 -0.050628771227888975 0.9987175414124886 -1.8476466432394634e-06 -1.2879419160545265 1.527050846502593e-06 1.9274312018956416e-06 0.9999999999969765 1.508732101200443e-05
1633462525763721 1606417097528152 0.9995792008507343 0.029007261591799522 -2.453133456107851e-06 -1.4424767743127063 -0.02900726158845106 0.9995792008528754 1.389753624119974e-06 -1.2568570324562902 2.4924141265591754e-06 -1.3180101331016068e-06 0.9999999999960254 -1.930954997850572e-05
1633462526012861 1606417097528152 0.9999943030102172 -0.0033754925916737936 1.157214590856392e-06 -1.1879251456385704 0.0033754925937489987 0.9999943030092666 -1.7961132409237197e-06 -1.2303576674751724 -1.1511452312744486e-06 1.8000091777617501e-06 0.9999999999977174 2.2396048028506262e-05
1633462526262147 1606417097528152 0.9991928645863942 -0.040169881280776996 1.4106803498200986e-06 -0.8750304935247216 0.04016988130262766 0.9991928643210252 -2.303353384255668e-05 -1.1475992866506937 -4.842874194448369e-07 2.3071609523848565e-05 0.9999999997337331 1.1622834353415606e-05
1633462526511316 1606417097528152 0.9959457805149042 -0.08995555717148675 3.6043419897058594e-06 -0.5075577990802618 0.0899555572103325 0.995945780437327 -1.2669953474117628e-05 -1.0763427521689497 -2.4499964717940805e-06 1.2942817293899298e-05 0.9999999999132405 6.430873542323377e-06
1633462526760577 1606417097528152 0.9894527082334045 -0.14485626357171083 3.2834281411919345e-05 -0.028814913431838833 0.14485618377146345 0.9894518689063135 -0.001298131517535675 -0.9993563387508267 0.00015555454014732609 0.0012891959943681433 0.9999991568878811 0.0011642441157222896
1633462527009752 1606417097528152 0.9799116876307856 -0.1994319034889563 1.7883598254562654e-05 0.5265051856283356 0.1994318985194224 0.9799116337599064 -0.00032844998894409185 -0.8810379242121255 4.797906051280555e-05 0.0003254185429200574 0.9999999459003894 -0.0008847512367216719
1633462527258590 1606417097528152 0.9689455067148712 -0.2472743516767529 4.936448107411802e-06 1.141519385201941 0.2472743509996004 0.9689455021450539 -9.599511003633919e-05 -0.6909911582514776 1.8953979408082884e-05 9.423468753810358e-05 0.9999999953802852 -0.0005421406059776594
1633462527507358 1606417097528152 0.9598097786522523 -0.28065136522322703 2.5137445071292216e-06 1.8774327652270641 0.2806513651561296 0.9598097781341328 -3.222689500725239e-05 -0.49029744058833835 6.631805523002581e-06 3.1637174791069194e-05 0.9999999994775541 -0.00023829474809829206
1633462527756195 1606417097528152 0.953452078757477 -0.3015445796293369 3.698429714829026e-06 2.6258436310773368 0.30154457957961595 0.9534520781880691 -3.360759404817193e-05 -0.2652530204875824 6.607912321958409e-06 3.3158471840655784e-05 0.9999999994284257 -6.087518033300255e-05
1633462528004926 1606417097528152 0.9550036833314074 -0.29659393927749433 3.4305096525029604e-06 3.4681576259186593 0.29659393929733335 0.9550036832678561 -1.101741783930916e-05 0.10670032189673956 -8.449995999393892e-09 1.153914298894902e-05 0.999999999933424 -3.9837860056095954e-05
1633462528253991 1606417097528152 0.9614355001463538 -0.2750305056881245 1.931472544384357e-06 4.377350785111908 0.2750305056944409 0.9614355001339412 -4.91161999591446e-06 0.3508537101008384 -5.061409404797619e-07 5.253419697906081e-06 0.9999999999860727 -2.0053263441761904e-05
1633462528502838 1606417107778302 0.9878569367231766 -0.15536625300178686 -7.431487633530191e-07 -4.883934909682866 0.1553662529737292 0.9878569366159168 -1.4872286117865187e-05 0.012626021052807676 3.0447760285122295e-06 1.4576230767668162e-05 0.9999999998891315 -3.141131236264412e-05
1633462528751838 1606417107778302 0.9923683558324672 -0.12330874399988073 5.599070303419163e-08 -3.8684040984318924 0.12330874399760479 0.9923683558111803 -6.543169659636883e-06 0.11956792167174322 7.51266630595523e-07 6.5001386603189146e-06 0.9999999999785919 -2.3733086637834068e-05
1633462529000848 1606417107778302 0.9957194169351142 -0.09242749992655007 -4.353181573747924e-07 -2.7660851247691416 0.09242749992119088 0.9957194169106502 -7.063871941127132e-06 0.23943744732103184 1.0863507651491031e-06 6.993399081551357e-06 0.9999999999749561 -7.844853508891762e-06
1633462529249958 1606417107778302 0.997995294890149 -0.06328816146333485 -4.2571999748822526e-07 -1.627907588158873 0.06328816146050459 0.9979952948784283 -4.892210710819843e-06 0.3150097452597517 7.344855758062818e-07 4.855460235060554e-06 0.9999999999879425 -1.9003043379407027e-06
1633462529499151 1606417107778302 0.9995744699302486 -0.029169831472336257 -6.289733427552859e-08 -0.38895402278520325 0.02916983147182712 0.9995744699217178 -4.133707521082259e-06 0.3808097971486363 1.8345012131343642e-07 4.130113799582415e-06 0.9999999999914543 -2.625388605758066e-06
1633462529748053 1606417107778302 0.9999942524407717 0.0033904407941093904 -1.0533386049963875e-06 0.8547237607231548 -0.003390440799950089 0.9999942524256631 -5.593453813249912e-06 0.3754904549268317 1.0343682768635864e-06 5.596992946712902e-06 0.9999999999838018 5.771411205986078e-06
1633462529997241 1606417107778302 0.9996374426795206 0.02692551180598557 3.4057829997805217e-06 2.1922189521087594 -0.0269255119291664 0.9996374417276855 4.368003880814718e-05 0.35956516734587884 -2.2284408043605814e-06 -4.375590474100952e-05 0.9999999990402274 -8.208511927871035e-05
1633462530246262 1606417107778302 0.9989176002679352 0.04651481354420161 -6.032177532361847e-07 3.5695706745731517 -0.046514813540854676 0.9989176002571604 4.711779381463532e-06 0.3350466847099618 8.21732369883558e-07 -4.678620791396727e-06 0.9999999999887176 1.98142792059508e-05
1633462530495553 1606417107778302 0.9981847209608101 0.060226761860358136 -8.192960820765471e-07 4.970322016315641 -0.060226761864484765 0.998184720938752 -6.649051138590816e-06 0.30234626261639297 4.1735801153161425e-07 6.686324805445231e-06 0.9999999999775594 3.7173174575946836e-05
1633462530744309 1606417109778955 0.9996938375189466 0.024743306792282375 -3.0106671646152425e-07 -3.97221627109697 -0.02474330679272756 0.9996938375177363 -1.5774406892352664e-06 0.15783340829190043 2.619434422073252e-07 1.5844071222070843e-06 0.9999999999987105 5.886894088144016e-06
1633462530993414 1606417109778955 0.9994998066139282 0.031624936097713933 3.607497016541479e-08 -2.4489847432722454 -0.031624936097662135 0.9994998066085461 3.2807416398858454e-06 0.14559305994061045 6.769631901061297e-08 -3.2802415032350464e-06 0.9999999999946177 -7.78750959869959e-06
1633462531242369 1606417109778955 0.9994221405974631 0.033990953032285075 -8.604390770265099e-08 -0.8510140544039131 -0.03399095303231511 0.9994221405973954 -3.7460424230734634e-07 0.13521044258386536 7.326103121542008e-08 3.7731248814829425e-07 0.9999999999999262 -4.535902254730871e-06
1633462531490829 1606417109778955 0.9993044065243586 0.03729213195051036 -2.2586957383856363e-07 0.8151882698170935 -0.037292131950292816 0.9993044065239856 9.013257571630031e-07 0.117169733996813 2.593248195025095e-07 -8.922756428937565e-07 0.9999999999995683 -6.933562947898309e-06
1633462531739808 1606417109778955 0.9990702090673012 0.043112844474508284 -4.4762462717869895e-08 2.527500641395463 -0.04311284447447642 0.9990702090671448 5.627372313235956e-07 0.07405426475613319 6.898204571981697e-08 -5.602841662537179e-07 0.9999999999998407 -9.468925301038628e-06
1633462531989181 1606417109778955 0.9989457735152597 0.045905790270906764 -2.622809115249151e-07 4.269855058664456 -0.04590579027132898 0.998945773513406 -1.9322062554348903e-06 0.03510478682017207 1.7330495291854676e-07 1.942209484938729e-06 0.9999999999980989 -7.745546956387487e-07
1633462532238300 1606417111528979 0.9995887395830275 -0.028676675246953342 -2.4646549889808694e-07 -5.245526817835518 0.028676675247264506 0.9995887395821115 1.3689188300785679e-06 -0.11686729353123032 2.0710809666395057e-07 -1.375423659018193e-06 0.9999999999990327 -5.679319026855923e-06
1633462532487494 1606417111528979 0.9995536863262996 -0.02987353604613618 -2.6624722369121565e-07 -3.500444619529817 0.029873536042918248 0.9995536862922767 -8.263106463984642e-06 -0.02350979128085015 5.129766027094154e-07 8.251464780530832e-06 0.9999999999658251 2.8404163811024242e-05
1633462532736686 1606417111528979 0.9995341832302064 -0.03051911792267598 -1.0820690665071121e-07 -1.779277985667054 0.030519117918491927 0.9995341831406517 -1.339002748219143e-05 0.10606948073348486 5.168083297650282e-07 1.3380487803468685e-05 0.9999999999103477 3.454798731588639e-05
1633462532985774 1606417111528979 0.9997795388226534 -0.02099699397571079 1.0946518874152879e-07 -0.015070794934934016 0.02099699397593786 0.999779538818569 -2.858198669562674e-06 0.20095771596121823 -4.9427475670382663e-08 2.8598669876210875e-06 0.9999999999959094 1.8603450744949445e-06
1633462533234886 1606417111528979 0.9999636359959783 -0.008527994494901067 -2.5162007850760465e-07 1.7205967979548809 0.008527994495667868 0.9999636359908096 3.222881881748051e-06 0.23631409744306286 2.241262096469834e-07 -3.2249104994956544e-06 0.9999999999947748 -1.292075013752115e-05
1633462533483805 1606417111528979 0.9999333707284593 0.01154357431801238 -2.2725181146373747e-07 3.4172206340530673 -0.011543574319028754 0.9999333707152479 -5.142876093009831e-06 0.2618620882952171 1.6786949744973387e-07 5.145156725085407e-06 0.9999999999867496 2.2984068328947022e-05
1633462533733070 1606417111528979 0.9995622148703714 0.029586797864474223 1.7182269842414935e-07 5.108575367413417 -0.02958679786486676 0.9995622148654985 3.1221826685889443e-06 0.24468594345276076 -7.93720894893203e-08 -3.125899506884545e-06 0.9999999999951112 -1.6562886974095864e-05
1633462533982213 1606417113028998 0.9999783970545731 0.006573083646068193 1.1709891522930661e-07 -3.928000128262283 -0.006573083646213123 0.9999783970537562 1.28274295282228e-06 0.12142390966537123 -1.0866480882216998e-07 -1.2834849427580925e-06 0.9999999999991704 -1.8142339015907134e-05
1633462534231041 1606417113028998 0.9998780962367008 0.01561386148575078 2.0118757165649545e-07 -2.285389305869885 -0.015613861482530373 0.9998780961743865 -1.1169346616832478e-05 0.1326963545421313 -3.7555967708249064e-07 1.1164843716545515e-05 0.9999999999376026 4.033895473390936e-05
1633462534479932 1606417113028998 0.9997759056590493 0.02116928123623826 1.8635450610085826e-07 -0.5165670573769485 -0.021169281236011493 0.9997759056584156 -1.1450725530450102e-06 0.15333605681114074 -2.105531080213461e-07 1.1408709578141009e-06 0.9999999999993271 -1.2161082268089775e-05
1633462534729144 1606417113028998 0.9998292334640629 0.01847982454148198 2.1454828611622544e-07 1.245645933133258 -0.018479824541324793 0.9998292334638343 -7.132313015578766e-07 0.13119133695937146 -2.2769203775833568e-07 7.091446908345357e-07 0.9999999999997227 -8.016840006600325e-06
1633462534978223 1606417113028998 0.9998311128265073 0.018377862456758536 3.068900027175306e-07 3.055291431629357 -0.018377862449821442 0.9998311127072065 -1.5456720484249534e-05 0.17200593832707242 -5.908996559865483e-07 1.544847006012382e-05 0.9999999998804978 6.11474365001113e-05
1633462535227204 1606417113028998 0.9999285244142255 0.011956005486623055 2.4288378991922286e-07 4.950119616119239 -0.011956005484618119 0.9999285243895112 -7.037913739204623e-06 0.1888680637210145 -3.27011764931602e-07 7.03450678025738e-06 0.9999999999752044 1.4780124566898162e-05
1633462535476263 1606417114528388 0.9998704798113002 0.01609421033736663 -5.111192985579865e-08 -4.694514498439407 -0.01609421033733612 0.9998704798111501 5.512522647694658e-07 -0.0021689586460517597 5.997727972700466e-08 -5.503582603210367e-07 0.9999999999998468 -3.83327807595045e-06
1633462535725245 1606417114528388 0.9999749478354787 0.007078397125504529 1.7594259591948996e-07 -2.7147514843873872 -0.007078397125214645 0.9999749478342201 -1.597430273864855e-06 0.050959164956832274 -1.8724543403472276e-07 1.5961448632100983e-06 0.9999999999987086 1.0210034684511004e-05
1633462535974272 1606417114528388 0.9999710037983065 0.0076152194358479015 1.292838920945615e-07 -0.7263321388547047 -0.007615219435798176 0.9999710037982423 -3.815221909112439e-07 0.11895655732040707 -1.3218551855588828e-07 3.8052660300817974e-07 0.9999999999999188 4.442566802613017e-06
1633462536223145 1606417114528388 0.9999870542375752 0.005088355497625497 2.2910064816571607e-07 1.3499057034830024 -0.005088355497712489 0.9999870542375284 3.8035012325314904e-07 0.14150487272540707 -2.271623256419603e-07 -3.815109448725855e-07 0.9999999999999014 -6.962225882388809e-07
1633462536471989 1606417114528388 0.999999120047665 0.0013266153752107166 -8.59990566688002e-08 3.460005382184904 -0.0013266153750928977 0.9999991200467483 1.3568627764574325e-06 0.23173058745570552 8.779901601525499e-08 -1.3567474948089825e-06 0.9999999999990757 -5.243075737236888e-07
1633462536721355 1606417115778414 0.9999808100900319 0.006195115507279983 -3.167558011485782e-08 -4.441432258446794 -0.006195115507246681 0.9999808100895682 9.634928497694426e-07 0.17137457080617105 3.7643921757982144e-08 -9.632781265486794e-07 0.9999999999995354 -8.964248807413897e-06
1633462536970208 1606417115778414 0.9999982783307272 0.0018556238955213398 7.426362699527252e-08 -2.277637546189769 -0.0018556238954549257 0.9999982783303377 -8.85753598055697e-07 0.21839536272131874 -7.590712467965245e-08 8.856142677181609e-07 0.999999999999605 -3.4870290497971025e-06
1633462537219522 1606417115778414 0.999999270208344 -0.0012081337861825732 -5.5566408341415375e-09 -0.10192635156494552 0.0012081337861386723 0.9999992701954424 -5.079650253185402e-06 0.23667689237277953 1.1693533871708364e-08 5.079639832922161e-06 0.9999999999870985 1.3533739231119693e-05
1633462537468574 1606417115778414 0.9999951644972803 -0.0031098209792250597 -1.404415709260483e-08 2.0338214642929247 0.0031098209789830965 0.999995164459012 -8.748575737958175e-06 0.2930366604702228 4.125059354972099e-08 8.748489759362509e-06 0.9999999999617312 1.7267003226944125e-05
1633462537717819 1606417115778414 0.9999851581312619 -0.005448258589661457 3.1397448619933776e-08 4.1922526440697565 0.005448258589731492 0.9999851581266718 -3.0299042420478497e-06 0.34805146686072547 -1.4889280810344322e-08 3.030030334019174e-06 0.9999999999954093 -1.2985515098146802e-06
1633462537966938 1606417117279052 0.9997692436031211 0.021481609569421335 1.2524569527740696e-07 -5.576314111728083 -0.021481609569043703 0.999769243600043 -2.487228868401751e-06 0.20707400608966584 -1.786464734920638e-07 2.483964445298166e-06 0.999999999996899 2.0292665075855873e-06
1633462538215734 1606417117279052 0.9998246217237392 0.018727674693843722 -9.354878040145134e-08 -3.451091082786175 -0.018727674694077424 0.9998246217109519 -5.056697626818851e-06 0.23696431115091685 -1.1678142038088383e-09 5.057562743021582e-06 0.9999999999872106 1.3645665315520564e-05
1633462538465060 1606417117279052 0.999945359460912 0.010453616457941094 5.635512738042817e-08 -1.323727086369841 -0.010453616457705454 0.9999453594557283 -3.22105433541227e-06 0.2676597858076907 -9.002371471799217e-08 3.2202892203727015e-06 0.9999999999948108 7.223746769369854e-06
1633462538714188 1606417117279052 0.9999977904181991 -0.0021021805784559216 2.7624077870666382e-08 0.8482601087143887 0.0021021805785113633 0.999997790415794 -2.1932388280686802e-06 0.2836276786749471 -2.3013432764557536e-08 2.193292052723183e-06 0.9999999999975945 5.564721799751797e-06
1633462538963031 1606417117279052 0.9997247325538948 -0.023461865323860374 1.8465779593205548e-07 2.942778337829238 0.02346186532327028 0.9997247325502092 2.725973873603594e-06 0.3683216473989117 -2.485633975497832e-07 -2.7208910853921333e-06 0.9999999999962674 -6.435035992121438e-06
1633462539212151 1606417117279052 0.9987973340872787 -0.049029434267664686 -5.8962260099035826e-08 5.076098849170945 0.04902943426769755 0.9987973340861213 1.5205360248682629e-06 0.49404124297583557 -1.5659672884249852e-08 -1.5215982142744925e-06 0.9999999999988423 5.486681710615053e-07
1633462539461722 1606417118778455 0.9934985894761589 0.11384442328585201 2.454056607423571e-07 -4.362720613862694 -0.1138444232859888 0.9934985894759651 6.431820337698886e-07 0.3258771176676602 -1.7058749009421388e-07 -6.66938509243633e-07 0.9999999999997631 -8.130647098783412e-06
1633462539711156 1606417118778455 0.9972879701806145 0.07359826450056399 1.9210730290357093e-08 -2.30085123300316 -0.07359826450056584 0.9972879701806073 1.1838324375354488e-07 0.21085843859383022 -1.0445828930725738e-08 -1.1947606127526169e-07 0.9999999999999928 -8.546151424669923e-06
1633462539960395 1606417118778455 0.9994567206374992 0.03295851295499359 8.926217122292183e-07 -0.1582343057619281 -0.03295851295853566 0.999456720628546 4.296507984755151e-06 0.1449933038044377 -7.505302551880045e-07 -4.323593264896135e-06 0.9999999999903716 -1.9409364197897854e-06
1633462540210077 1606417118778455 0.9996729406519176 -0.02557365309779417 -2.1716245071856805e-07 1.9577585631697791 0.025573653097678867 0.9996729406518099 -5.176970060171416e-07 0.185884575798003 2.3033082935011732e-07 5.119740511901888e-07 0.9999999999998425 -2.886180833159818e-06
1633462540459336 1606417118778455 0.9964394095737646 -0.08431193896808085 -4.422333009497058e-07 4.023074159096224 0.08431193896723824 0.9964394095725424 -1.6653549492429125e-06 0.3564099967019739 5.810679941311027e-07 1.6221397552717813e-06 0.9999999999985155 -6.659705996357941e-06
1633462540708432 1606417120279103 0.9824024012831596 0.18677666331041706 4.1774505709457987e-07 -4.887000486936601 -0.1867766633101748 0.9824024012831355 -5.58975890101064e-07 0.18091241994013332 -5.147973988367736e-07 4.711142288151809e-07 0.9999999999997565 -1.4054614552586513e-05
1633462540957528 1606417120279103 0.9921595112807851 0.12497801478070958 1.006014947472521e-06 -2.836342755765611 -0.12497801478235507 0.992159511279483 1.7845210603707988e-06 -0.1147999375959064 -7.751013991629526e-07 -1.8962592941000165e-06 0.9999999999979017 2.985437640637433e-05
1633462541206723 1606417120279103 0.9983790371679813 0.056914832401649997 8.321926305335214e-07 -0.8485446760329088 -0.05691483240272502 0.9983790371673797 1.330729636656698e-06 -0.25380375065755834 -7.551054229659359e-07 -1.3759366774667378e-06 0.9999999999987683 1.634259573766711e-05
1633462541456016 1606417120279103 0.9998973464095067 -0.014328176665158551 -1.0698606128860492e-06 1.1757491122378207 0.014328176659314395 0.9998973463962024 -5.2837172321854085e-06 -0.21408653573706637 1.1454568217874817e-06 5.2678456877663455e-06 0.9999999999854688 -0.00010960215974090294
1633462541705282 1606417120279103 0.9965315633278449 -0.08321564324670339 -3.8554431910305136e-06 3.2324694187256333 0.08321564316481962 0.9965315631800367 -1.797451641798193e-05 -0.09540755248126716 5.337831775668367e-06 1.7591339761207238e-05 0.9999999998310262 -0.00042216068526728057
1633462541954474 1606417120279103 0.9872345984987538 -0.15927287129746315 -3.631933667684889e-07 5.268675076494198 0.1592728712896343 0.987234598468294 -7.922590583575237e-06 0.18978699902159057 1.6204108079646902e-06 7.763608683470006e-06 0.9999999999685503 -0.0001389015370493059
1633462542203470 1606417121777871 0.988460944486661 0.1514759405058844 2.6016562745065366e-05 -3.4712574722534746 -0.15147594121073008 0.9884609443337493 2.7669864461865368e-05 -0.3670402951855611 -2.152503743622607e-05 -3.1291463688600275e-05 0.9999999992787585 0.0013260945977311785
1633462542452602 1606417121777871 0.9977073429355642 0.06767612456248692 4.596189239834986e-06 -1.4874993397977487 -0.06767612460940471 0.9977073428827444 1.0962288938792327e-05 -0.5325386649012961 -3.843766522141767e-06 -1.1248208445312778e-05 0.9999999999293516 0.0001810026495120495
1633462542701926 1606417121777871 0.9998711913828385 -0.01604994216238575 -1.9269002105561684e-06 0.47018105752981637 0.016049942155301866 0.9998711913781937 -3.63710039106431e-06 -0.4615956266753055 1.985027260106647e-06 3.6057052642659337e-06 0.9999999999915293 -0.00020990546692894918
1633462542950985 1606417121777871 0.9961080002417427 -0.08814109060933434 -2.249171168094177e-06 2.48686058750578 0.08814109059617475 0.9961080002308114 -5.3996591229894555e-06 -0.31795125592603024 2.7163492384399614e-06 5.180399251283247e-06 0.9999999999828925 -0.00025391604198043006
1633462543199526 1606417121777871 0.987577481920981 -0.15713280117195141 -1.713458422790895e-06 4.384167946657764 0.15713280115987188 0.9875774819076893 -5.743243264497949e-06 0.008270058535812645 2.5946248564900666e-06 5.4026571995563476e-06 0.9999999999820396 -0.0003385650446541032
1633462543448272 1606417123279142 0.9973762334912556 0.07239232284873595 2.1536628913576496e-05 -4.383787316139506 -0.07239232363762377 0.9973762329259901 3.843399790364465e-05 -0.5840298631121351 -1.869779543109788e-05 -3.989224267743388e-05 0.9999999990295008 -0.0007832355983669124
1633462543697565 1606417123279142 0.999275600180155 0.03805620694703192 1.3642228247860872e-06 -2.414738280568652 -0.03805620695636871 0.9992756001515471 7.63705472582167e-06 -0.5386038177701843 -1.0725972468644732e-06 -7.683439590891646e-06 0.9999999999699072 -0.002133768870266215
1633462543946283 1606417123279142 0.9998481168644083 0.017428224776936965 1.3721753906178886e-05 -0.3917104790130658 -0.01742822513493265 0.9998481166033367 2.6417267576445164e-05 -0.5191851941812913 -1.3259263722243168e-05 -2.6652401055275353e-05 0.9999999995569208 -0.0008683675983483377
1633462544195108 1606417123279142 0.9999399532041632 0.01095853203047126 2.379618748974186e-05 1.6632355845314424 -0.010958533015159136 0.9999399526090362 4.165164616156695e-05 -0.4865014674635148 -2.3338317692132566e-05 -4.1909916419821384e-05 0.9999999988494409 -0.0003570829656111808
1633462544443967 1606417123279142 0.9999485043182212 0.010148332288426189 8.24510753471659e-06 3.795447068887336 -0.010148332465887458 0.9999485041133409 2.1774274381482133e-05 -0.5023379379135229 -8.023710373813132e-06 -2.185682719280804e-05 0.9999999997289496 -0.0013937246251828723
1633462544693244 1606417124779173 0.9998061144424146 -0.01969094967554043 -5.37608728643105e-06 -5.176962611107986 0.01969094940778434 0.9998061134042628 -4.599290920057455e-05 -0.7569499165672278 6.280688995655106e-06 4.587813157685782e-05 0.999999998927875 -9.128289814411696e-05
1633462544942552 1606417124779173 0.9999772191879494 -0.006749896998188566 -3.393434638147311e-07 -3.010834913188866 0.006749896986344574 0.9999772188120335 -2.7424249792150808e-05 -0.6995339229797108 5.24446594516092e-07 2.7421334511985698e-05 0.9999999996238977 -8.813268016439348e-05
1633462545191638 1606417124779173 0.9999865573432346 0.0051850453775234406 -2.1017236590520692e-05 -0.8163493651243584 -0.0051850464663843856 0.9999865562018092 -5.2088891853029585e-05 -0.6148602841280166 2.074687077106327e-05 5.219716698813581e-05 0.9999999984225115 -0.001310005482251027
1633462545440529 1606417124779173 0.9998207222455424 0.018934713421644274 -7.125017372048493e-07 1.3643407014238091 -0.018934713425745955 0.9998207222260332 -6.27403249922894e-06 -0.5067632604118051 5.935769941071235e-07 6.2863987209663715e-06 0.9999999999800644 3.5433067687586294e-05
1633462545689664 1606417124779173 0.9992245107806977 0.0393748277037856 1.6846391922868943e-06 3.581190094408329 -0.03937482769500473 0.9992245107701452 -4.961673244417834e-06 -0.5224911528021412 -1.8786978018543194e-06 4.89149314237162e-06 0.9999999999862719 9.667898447188918e-05
1633462545938879 1606417124779173 0.998232749830995 0.0594253916091075 1.1916004153044487e-06 5.75278180396025 -0.0594253916187779 0.9982327497675897 1.1263086161690643e-05 -0.5888183226188711 -5.20181253306798e-07 -1.1313992792075185e-05 0.9999999999358615 0.00027330590121594605
1633462546187910 1606417126278559 0.9993943781469334 -0.0347976568340285 3.4104266769090673e-06 -3.745277084520345 0.03479765682465049 0.9993943781492357 2.7716059777718154e-06 -0.6735234442503962 -3.5048066416789246e-06 -2.6512525754889484e-06 0.9999999999903436 0.00017225578856173212
1633462546436994 1606417126278559 0.9999252837148277 -0.012224033064522122 2.8150444390224943e-06 -1.5856429157408283 0.012224033063721247 0.9999252837187544 3.014970420890259e-07 -0.5495722450623441 -2.8185196191755297e-06 -2.670633190509943e-07 0.9999999999959923 9.088699714272486e-05
1633462546686357 1606417126278559 0.9999165641309111 0.012917615015754214 1.844973907264986e-06 0.5844600570988266 -0.01291761501827829 0.9999165641316519 1.3627330230120267e-06 -0.5070954499606494 -1.8272167097003368e-06 -1.386451984847655e-06 0.9999999999973695 5.108812663351903e-05
1633462546935287 1606417126278559 0.9994222269416386 0.03398841400844914 3.5597404605820126e-06 2.689882798293691 -0.0339884140249737 0.9994222269364152 4.689233667169705e-06 -0.5098584232014879 -3.398304123160838e-06 -4.807514286877423e-06 0.9999999999826696 0.00010673900136510617
1633462547184426 1606417126278559 0.9980980665710572 0.06164616374992932 2.54952917359407e-06 4.858587076819009 -0.06164616375615935 0.9980980665709418 2.4417087443854743e-06 -0.5765313104997009 -2.394158161739083e-06 -2.5942334698314813e-06 0.999999999993769 8.621922219475519e-05
1633462547433898 1606417127779204 0.9982029586342396 -0.05992372955324354 3.840045401798375e-06 -4.464668208596436 0.059923729540980165 0.9982029586371269 3.2328454584018546e-06 -0.7307500445539598 -4.02686883830374e-06 -2.996926059294861e-06 0.9999999999874014 0.00013341637964802338
1633462547683236 1606417127779204 0.9993465375977668 -0.036145508478293197 3.559050266599875e-06 -2.3140896719685053 0.03614550847039793 0.9993465376018382 2.258239163422683e-06 -0.6073366762446262 -3.6383497638968645e-06 -2.1281198074714344e-06 0.9999999999911168 0.000125162736305704
1633462547932201 1606417127779204 0.9998711277870719 -0.016053903337364155 3.1479146271163613e-06 -0.25334675504177967 0.016053903327877896 0.9998711277876309 3.0159414601973225e-06 -0.4764205730386876 -3.1959265810600368e-06 -2.9650164720325257e-06 0.9999999999904974 0.00010809233979126021
1633462548181342 1606417127779204 0.9999895619672813 0.004569020516683779 3.531130316333506e-06 1.7851306611786038 -0.004569020526462258 0.9999895619696453 2.7661081248204403e-06 -0.42261017271334794 -3.518455053506618e-06 -2.7822130589839744e-06 0.9999999999899399 0.00013469757388044246
1633462548430338 1606417127779204 0.9998912255568074 0.0147491371306741 3.587733327438689e-06 3.8669565278581333 -0.01474913714724405 0.9998912255522487 4.636713588084681e-06 -0.397760140812615 -3.5189555491731108e-06 -4.689125203029579e-06 0.9999999999828145 0.00012332174239724477
1633462548679591 1606417129279226 0.997261189771134 -0.07396025531398384 3.823375965460891e-06 -5.042721644079528 0.07396025529336944 0.9972611897660247 5.2780500719868825e-06 -0.4553952716216742 -4.203270395113109e-06 -4.980816631962116e-06 0.999999999978762 0.0001473043447683327
1633462548928467 1606417129279226 0.9981355194915857 -0.061036749008937845 2.0367102258647017e-06 -3.0881824498344366 0.06103674899709882 0.9981355194795553 5.441405929582632e-06 -0.2796898172456356 -2.3650385472971785e-06 -5.306946363440781e-06 0.9999999999831215 -5.202853007402685e-05
1633462549177605 1606417129279226 0.9988567674287875 -0.047803327854033725 -3.5011915235606675e-06 -1.0829861446946392 0.04780332783916259 0.9988567674267436 -4.2146564481337525e-06 -0.0929091244897246 3.6986634513397254e-06 4.042469509368278e-06 0.9999999999849891 -9.78511825527959e-05
1633462549426880 1606417129279226 0.9996735090152118 -0.025551426071410435 1.8429202085600861e-06 0.896726090741172 0.025551426069268402 0.9996735090162727 1.1765810754887333e-06 0.04529050383648903 -1.8723818360914497e-06 -1.1291076929116144e-06 0.9999999999976097 4.759324666845691e-05
1633462549675472 1606417129279226 0.9999999509905391 -0.0003130720072531617 3.050143318180458e-06 2.842576714246586 0.000313072000446903 0.9999999509927027 2.2316481934235586e-06 0.11417632526559315 -3.0508418352736106e-06 -2.2306931695766407e-06 0.9999999999928582 5.179652796124009e-05
1633462549924692 1606417129279226 0.9995711181695599 0.029284462006599607 3.271930934949863e-06 4.775953838044028 -0.02928446201645595 0.9995711181701056 3.006190855377062e-06 0.068620523233193 -3.182492981327213e-06 -3.1007182919184367e-06 0.9999999999901287 1.6831054817337344e-05
1633462550173794 1606417130779254 0.9999526423594944 -0.009732062614112795 -7.455348948446474e-08 -3.4962096737912876 0.009732062614107908 0.9999526423594951 -6.444808914901787e-08 -0.12022289803571544 7.517717164590174e-08 6.371947781167526e-08 0.9999999999999951 1.48910700701115e-05
1633462550422528 1606417130779254 0.998997110419216 0.04477469573836567 2.436084276175938e-07 -1.6276439952688715 -0.04477469573851492 0.99899711041903 6.458585886711313e-07 -0.0712571312626428 -2.1444599346546143e-07 -6.561183570463438e-07 0.9999999999997617 -1.6865106324022007e-05
1633462550671837 1606417130779254 0.9946597980504465 0.10320797520715425 5.914711814329256e-07 0.05570467621678432 -0.10320797520763052 0.9946597980502176 8.407350824518725e-07 -0.19584745695321465 -5.015420403299993e-07 -8.972899303528594e-07 0.9999999999994716 -2.782510863762481e-05
1633462550920906 1606417130779254 0.9827759979325082 0.18480080598321377 4.2779722549340897e-07 1.6684892868746206 -0.18480080598356444 0.9827759979320014 1.0243348201140657e-06 -0.4260550424787735 -2.311309448425609e-07 -1.0857489471209076e-06 0.9999999999993838 -5.844949070772256e-05
1633462551170221 1606417130779254 0.9640612281983403 0.26568016163301517 -1.956547171073088e-06 3.2270233754749453 -0.2656801616379255 0.9640612281944775 -2.9439707705229935e-06 -0.7621986725994596 1.104076638607265e-06 3.3579838454658377e-06 0.9999999999937524 7.806364013406254e-05
1633462551419547 1606417132528647 0.9571496335746198 -0.2895938171839839 -1.1163446871154445e-06 -3.143923820243932 0.28959381718468724 0.9571496335749126 5.271893103696524e-07 -1.2026117107623784 9.15838143445264e-07 -8.278855744785277e-07 0.9999999999992379 -1.0962330877859082e-05
1633462551668461 1606417132528647 0.9817579300221042 -0.19013512784949713 -9.133091764146278e-07 -1.84584691741042 0.19013512784946415 0.9817579300225274 -1.2351321904585275e-07 -0.9179167771209567 9.201327281997361e-07 -5.2392074762744256e-08 0.9999999999995753 4.6172392457975726e-06
1633462551917661 1606417132528647 0.996733191838759 -0.08076474657999985 -1.1197777554538883e-06 -0.6529391841567908 0.08076474658318265 0.9967331918340891 3.16994377698845e-06 -0.8018509920133204 8.600999505151273e-07 -3.2500267454285704e-06 0.9999999999943487 -0.00016976959597967756
1633462552166484 1606417132528647 0.9989105889558202 0.04666513983845716 -5.093641172579477e-07 0.5473927906447466 -0.046665139840239976 0.9989105889463255 -4.365943911535399e-06 -0.8196418678826256 3.050718271989176e-07 4.384957151771555e-06 0.9999999999903395 0.00019799308932482693
1633462552415707 1606417132528647 0.9824969711204591 0.18627855953787228 2.9110005567277534e-07 1.6626104109377424 -0.1862785595373305 0.9824969711196929 -1.3386597583652151e-06 -1.001936495803631 -5.353685344896693e-07 1.2610034588998926e-06 0.9999999999990616 3.068412112506903e-05
1633462552664504 1606417133529918 0.9480338670837938 -0.31816943105914725 2.4722192012793086e-06 -0.529397551714153 0.31816943106408907 0.9480338670833478 -1.952521064319398e-06 -0.3293914363751789 -1.7225150134971782e-06 2.6376406719001497e-06 0.9999999999950379 0.00023360126217999972
1633462552913518 1606417133529918 0.9888044709019963 -0.14921701755388758 -1.005768997479369e-06 0.5545679740252243 0.14921701755669325 0.9888044708945212 3.867397234698531e-06 -0.12092257573336351 4.174274003359009e-07 -3.974177526569908e-06 0.9999999999920158 -0.00026306950070284285
1633462553162436 1606417133529918 0.9996059718230601 0.02806957605670846 3.713250893169252e-07 1.6106810931398639 -0.028069576057595604 0.9996059718195908 2.650210545376762e-06 -0.21194444483968108 -2.9678849029722495e-07 -2.659589225577798e-06 0.9999999999964192 -0.0002497740274565407
1633462553411502 1606417134279918 0.9429592884429415 -0.3329080658986599 1.8056980962220596e-06 -0.0641967251463419 0.33290806589937144 0.9429592884444137 -1.0021249457352311e-07 0.7163120953440593 -1.669338244207907e-06 6.95627763386052e-07 0.9999999999983648 -2.711100792592941e-05
1633462553660809 1606417134279918 0.9897285397013074 -0.14295949669770497 3.020240884412408e-06 0.9510184191811005 0.14295949671080102 0.989728539692918 -4.68868979094753e-06 0.7773748312085027 -2.3189258673596352e-06 5.072302216676586e-06 0.9999999999844472 0.0007017138396922546
1633462553909936 1606417134279918 0.9983162672367653 0.058005435731728554 6.996313758956192e-07 1.9010671595897257 -0.058005435732704586 0.9983162672358767 1.4662345077903645e-06 0.7422786394898852 -6.134038121145663e-07 -1.504348183518752e-06 0.9999999999986804 -2.676394029196089e-06
1633462554158769 1606417135029312 0.947011031945803 -0.3212010357661003 -4.420731714890651e-07 -0.5181005877328579 0.32120103572517655 0.9470110318454037 -1.4718798240804442e-05 1.5298078646409146 5.146341410450184e-06 1.3796869950446876e-05 0.9999999998915807 1.5626966330727147e-05
1633462554407871 1606417135029312 0.9918739204841225 -0.12722470615809522 3.302803283396989e-06 0.41765403567652093 0.12722470619700366 0.9918739203238903 -1.7856889387244522e-05 1.6254525504078192 -1.0041269355695526e-06 1.8131981061493748e-05 0.9999999998351115 0.0003636641534265744
1633462554656980 1606417135029312 0.9967099429206402 0.08105115471600258 -2.6081813314341243e-06 1.3327726850567752 -0.08105115474254482 0.9967099428426889 -1.2565408966970036e-05 1.617827373755485 1.5811593595218194e-06 1.2735464162905454e-05 0.999999999917654 -0.0001132844600350567
1633462554905844 1606417135779944 0.9663017525427391 -0.2574119713468379 6.68067469401104e-06 -1.640364669294311 0.25741197113662245 0.9663017523492677 2.2951220367638052e-05 1.9226513421062337 -1.2363466543320075e-05 -2.045811882268965e-05 0.999999999714305 -0.0013231471396379644
1633462555155016 1606417135779944 0.9984466105130511 -0.055716750485341034 9.836066029411378e-05 -0.6342722626847354 0.05571675014598488 0.9984466153577422 6.189053064193809e-06 1.9583746268781332 -9.855270228010874e-05 -6.991027204270245e-07 0.9999999951434381 0.013902684477064898
