1612893308342233 1606417097528152 0.9999902583190822 0.004413985735492538 1.15224240077713e-06 -2.720918325626285 -0.004413985734708079 0.9999902583195164 -6.825233108888072e-07 0.5366919053592967 -1.1552438241556513e-06 6.774306804430182e-07 0.9999999999991033 0.0001042144992598155
1612893308592237 1606417097528152 0.9999890991959398 0.004651596838634035 0.00040514270231259284 -2.711463206794516 -0.0046522209537989394 0.9999879718095087 0.001553409465477243 0.5199244649146515 -0.0003979119946194145 -0.0015552773454305324 0.9999987113883814 0.006177830655822308
1612893308842234 1606417097528152 0.9999931821345631 0.003692097498963635 6.406960561357962e-05 -2.7128588538700416 -0.0036921348147710706 0.999993008564788 0.0005924242723849786 0.514255630267648 -6.188186950055711e-05 -0.0005926567869361382 0.9999998224642678 0.0037957226387779455
1612893309092865 1606417097528152 0.9999887852632587 0.004735639958704866 5.537471735298592e-05 -2.714116033072532 -0.0047356612342294175 0.9999887104077709 0.000390607402801351 0.5256624024662109 -5.352431617002181e-05 -0.00039086525814361077 0.9999999221797458 0.00176280187538428
1612893309342869 1606417097528152 0.9999926384405111 0.003837061374376906 -5.409270484357722e-06 -2.720678137093503 -0.003837060325735239 0.9999926218771172 0.0001821094467764041 0.5176456936167367 6.107995698214657e-06 -0.00018208735046930494 0.9999999834034444 0.0011901127361102855
1612893309593498 1606417097528152 0.9999965008828571 0.0026454010958747 8.919058027765798e-06 -2.7231645785975487 -0.0026454021969891045 0.9999964930079241 0.00012579162954893866 0.529201532709742 -8.586257434023279e-06 -0.0001258147838847119 0.9999999920484581 0.0005961825195946404
1612893309843496 1606417097528152 0.9999995061520838 0.0009937877099575568 9.27587740189903e-06 -2.722868042856506 -0.0009937883852679324 0.999999503523767 7.308440345234584e-05 0.5272182826899916 -9.203242414691446e-06 -7.309358561882669e-05 0.9999999972863141 0.00015204599269568847
1612893310093502 1606417097528152 0.9999994215950608 0.0010755482897776677 3.1441463347078238e-06 -2.719658880767766 -0.0010755483902196402 0.9999994210840325 3.212047869730684e-05 0.5221881660829936 -3.109597388573069e-06 -3.2123841800120655e-05 0.9999999994791946 4.5113511806494836e-05
1612893310343513 1606417097528152 0.9999966387973769 0.0025927522068767347 5.8658156010745516e-06 -2.719358866055249 -0.0025927524571296807 0.9999966378866164 4.306535231951819e-05 0.5278603584195519 -5.754138092258964e-06 -4.3080416175859475e-05 0.9999999990554839 0.00022931301132701065
1612893310592887 1606417097528152 0.9999901214104872 0.004444891729811812 4.838915446204596e-06 -2.718844314563523 -0.004444891883756381 0.9999901209004399 3.228204516282384e-05 0.5178658209160707 -4.695377446501172e-06 -3.2303234717671906e-05 0.9999999994672272 3.5548145407987835e-06
1612893310842265 1606417097528152 0.9999939208636484 0.003486865533380991 2.994179040272544e-06 -2.715647859462654 -0.003486865580941156 0.9999939207395051 1.6028661252826773e-05 0.5148306147452973 -2.9382710514030395e-06 -1.6039004112212348e-05 0.9999999998670585 6.0844696649766434e-05
1612893311092265 1606417097528152 0.9999938297196634 0.0035129083541148953 -1.4007501545240913e-06 -2.7254535385249055 -0.003512908352303359 0.9999938297198138 1.2936769525433535e-06 0.5137870955754185 1.4052860800741127e-06 -1.2887482632737307e-06 0.9999999999981821 0.00012694844504382709
1612893311342271 1606417097528152 0.999991353753998 0.004158411763147276 5.772350589699984e-06 -2.7318335417964015 -0.004158411829671984 0.999991353703553 1.1560946780554038e-05 0.5157750817743896 -5.724225503147273e-06 -1.1584850632715593e-05 0.9999999999165122 -5.461132611275753e-05
1612893311592899 1606417097528152 0.9999946041832932 0.0032850578273073056 1.9584196359148912e-06 -2.737050768520345 -0.003285057833760208 0.9999946041797416 3.300860802055617e-06 0.5127866704885391 -1.94756555001551e-06 -3.3072765129751475e-06 0.9999999999926344 0.00011546419555897753
1612893311842894 1606417097528152 0.9999952198768857 0.003091959472771021 3.8030821195176016e-06 -2.7236492422665366 -0.003091959507415161 0.9999952198422623 9.137579080080258e-06 0.5183083393335531 -3.7748109159818913e-06 -9.149294377223788e-06 0.9999999999510206 6.081398192033157e-05
1612893312092904 1606417097528152 0.9999983233111736 0.0018312224786478694 1.8817490373810026e-06 -2.7175131872561544 -0.0018312224966813508 0.9999983232665739 9.626712938887279e-06 0.5109556542407444 -1.8641172290566743e-06 -9.630142699034017e-06 0.9999999999518927 -4.213624900438264e-05
1612893312343528 1606417097528152 0.999997910074592 0.002044466968885483 -2.3931387014650847e-06 -2.724805509309109 -0.0020444669737275352 0.9999979100754 -2.022584438693917e-06 0.5150763992526661 2.3889985929037243e-06 2.027472904677348e-06 0.999999999995091 0.00015753283565118523
1612893312593538 1606417097528152 0.9999902685347346 0.004411670537319926 1.8344539313281849e-06 -2.7175458223344 -0.004411670543456044 0.9999902685307638 3.3544098857783235e-06 0.5102803983875414 -1.819637528129016e-06 -3.3624702488196535e-06 0.9999999999926914 -2.675937799085192e-05
1612893312843551 1606417097528152 0.9999959916929234 0.0028313603109396675 1.1583961237034778e-06 -2.712107073816054 -0.0028313603097920095 0.9999959916931062 -9.912288188048747e-07 0.5108865401690668 -1.161198006430302e-06 9.879450088455541e-07 0.9999999999988378 2.2499705912117063e-05
1612893313093543 1606417097528152 0.9999899914907869 0.004474027240697125 1.72366013750646e-06 -2.7124836984782856 -0.004474027241622068 0.9999899914921259 5.330961192269286e-07 0.5059287111936427 -1.7212577996772188e-06 -5.408024861388313e-07 0.9999999999983724 8.479445767225916e-05
1612893313342913 1606417097528152 0.9999853184065169 0.005418692319477132 -2.737570607081248e-05 -2.7153892057492057 -0.005418711670933874 0.9999850262934353 -0.0007646941936345741 0.5113904007716017 2.3231653601167514e-05 0.0007648313077615628 0.9999997072466377 0.0020710902966620194
1612893313592297 1606417097528152 0.9999844363889839 0.005579156199257094 -6.135272776668347e-07 -2.7273841878604212 -0.005579156057970484 0.9999843714277564 -0.00036044747324512344 0.52145588667362 -1.39747506574098e-06 0.0003604452863444812 0.9999999350386192 -5.593753072159207e-05
1612893313842297 1606417097528152 0.9999863668545799 0.005221692073506079 6.429028397874409e-06 -2.7253287436806946 -0.005221690823966447 0.9999863504893766 -0.00018106446815253907 0.5200570120798496 -7.37440354291416e-06 0.0001810284292753179 0.9999999835871628 -0.0004935695338846107
1612893314092307 1606417097528152 0.9999953287795984 0.003056527294832493 8.021503112038111e-06 -2.730406050522869 -0.003056526555526288 0.9999953247085722 -9.06138918007034e-05 0.512143051993111 -8.298429442736374e-06 9.058895058576376e-05 0.9999999958623891 -0.0002916652251448283
1612893314342931 1606417097528152 0.9999944607349677 0.0033284371132883757 3.198385559383937e-06 -2.7269200490997214 -0.003328436967312534 0.9999944597455118 -4.4610555401142837e-05 0.5195808236690213 -3.346851267749032e-06 4.4599662666622006e-05 0.9999999989998344 -0.00021436733356803916
1612893314592934 1606417097528152 0.9999743466519734 0.007162821946406249 4.91820542891014e-06 -2.7214863722517912 -0.007162821832245262 0.9999743464038192 -2.2849928041325016e-05 0.5107396475277171 -5.081749225290968e-06 2.2814113634895986e-05 0.9999999997268461 -0.0001157740332492422
1612893314842934 1606417097528152 0.9999891726063972 0.0046534583117813395 4.233235342622308e-07 -2.7230659044985024 -0.004653458305551146 0.9999891725128244 -1.3688705169778185e-05 0.516883861457213 -4.87018769580743e-07 1.3686587038332395e-05 0.9999999999062201 -9.161985103947688e-05
1612893315093567 1606417097528152 0.999943343290708 0.010644726522286627 3.2144326900006716e-06 -2.7260046838000216 -0.01064472650113537 0.9999433432747972 -6.52704795111029e-06 0.5185221529975655 -3.283729211201167e-06 6.492461393196124e-06 0.9999999999735325 1.1874888274746424e-06
1612893315343564 1606417097528152 0.9999294329539054 0.01187977764047509 3.992429483607564e-07 -2.726644033364844 -0.0118797776372772 0.9999294329278536 -7.234287025016998e-06 0.515467610806245 -4.851564961983333e-07 7.229033605285123e-06 0.9999999999737529 2.6997074040164463e-06
1612893315594200 1606417097528152 0.9999741450884377 0.007190903183840342 8.397275334497524e-06 -2.737178533297736 -0.007190903805856116 0.9999741421888407 7.655463504709297e-05 0.513368557726889 -7.846561230421619e-06 -7.661303973276483e-05 0.9999999970344368 -7.995581941977565e-05
1612893315843573 1606417097528152 0.9999667934040496 0.008149356075746598 -9.446657388670458e-06 -2.729778011651174 -0.00814935582424926 0.9999667931032178 2.6362496027151576e-05 0.5308968323251104 9.661181061642448e-06 -2.628463644592913e-05 0.9999999996078898 1.0083284720065062e-05
1612893316092951 1606417097528152 0.9999737021845285 0.007252232569054855 -8.160735278431246e-06 -2.732539662225293 -0.007252232448359426 0.9999737021103107 1.472343732916764e-05 0.5211729405059151 8.26729846002361e-06 -1.4663866585708245e-05 0.9999999998583115 -4.1396279403149375e-05
1612893316342327 1606417097528152 0.9999816432364783 0.0060591408659053545 -2.5505736099914432e-06 -2.7269919825158735 -0.006059140853045152 0.9999816432272084 5.019993561307659e-06 0.5177979783742985 2.5809436378192574e-06 -5.004447125702842e-06 0.9999999999841471 3.8995807588625695e-05
1612893316591748 1606417097528152 0.9999664646088906 0.008189601137569067 9.760616293749278e-06 -2.725528108725038 -0.00818960130002499 0.9999664645153802 1.6721917715105777e-05 0.5234745805862067 -9.623343130388328e-06 -1.680129249490586e-05 0.9999999998125539 6.921782875883127e-05
1612893316841714 1606417097528152 0.9999532778243736 0.009666548179882401 4.363757068603107e-06 -2.7258238664013557 -0.009666548300164021 0.9999532774283009 2.8439849128185906e-05 0.5325415264769496 -4.088638010814974e-06 -2.8480702824970438e-05 0.9999999995860663 -3.662654012098814e-05
1612893317092341 1606417097528152 0.9999735868177351 0.007268126185428854 3.618298938840396e-06 -2.730820761575744 -0.007268126238877284 0.9999735867116228 1.4984441532081454e-05 0.5187524405439843 -3.5092945557861176e-06 -1.5010343998720053e-05 0.9999999998811873 6.789464396855525e-05
1612893317342340 1606417097528152 0.9999441192751579 0.010571574627964698 -1.189032293646363e-05 -2.7144186874647773 -0.01057157477579497 0.9999441192669144 -1.243945132455812e-05 0.5126264377266618 1.175815390846668e-05 1.2564455637004479e-05 0.9999999998519401 1.1326849344292707e-05
1612893317592342 1606417097528152 0.9999654882852211 0.008307865555397026 -4.016065261911914e-05 -2.7291039348720627 -0.008307897241877487 0.9999651133874067 -0.0008665194714227667 0.5191977678670292 3.29603242801912e-05 0.0008668232169231101 0.999999623765493 0.002343768941706126
1612893317842973 1606417097528152 0.9999808551060158 0.006187841675792805 -6.426696824458167e-06 -2.7397977350485574 -0.006187843751924594 0.9999807750716045 -0.0004001016870595216 0.5257186947538958 3.950807377924615e-06 0.00040013379455003725 0.9999999199386655 -7.152279890324174e-05
1612893318092973 1606417097528152 0.999956579130004 0.009318784647020913 1.0572971751092669e-05 -2.7237974170905086 -0.009318782454703167 0.9999565609107365 -0.0001912840810475613 0.531421433599997 -1.2355047628485641e-05 0.00019117724810227094 0.9999999816493061 -0.0004064313133674638
1612893318343597 1606417097528152 0.9999832639199676 0.005785485717151871 6.280966482271849e-06 -2.735869147359437 -0.0057854850809344344 0.9999832592406345 -9.698103622187505e-05 0.5200891300335765 -6.841943734003445e-06 9.694307470139779e-05 0.9999999952776141 -0.00042805468659796027
1612893318593605 1606417097528152 0.9999908986587638 0.004266445944423738 6.565582217678444e-06 -2.73564282060103 -0.0042664456149419105 0.9999908974613043 -4.940460514137993e-05 0.5307832494517584 -6.776304531439239e-06 4.937614379363739e-05 0.999999998758039 -0.00021605325343747713
1612893318843614 1606417097528152 0.9999758639074041 0.006947776610105537 2.698602431339807e-06 -2.7234879497791677 -0.006947776534501065 0.9999758635448427 -2.7082061227774423e-05 0.5229837625967295 -2.886697408188787e-06 2.7062658285928083e-05 0.9999999996296397 -0.00014999411058634504
1612893319094236 1606417097528152 0.9999754895780655 0.007001445948508897 1.4845128510066395e-06 -2.726582641613078 -0.007001445928477219 0.9999754894935663 -1.3094960228394142e-05 0.5240034345347702 -1.5761601210783882e-06 1.3084245528908052e-05 0.9999999999131591 -9.599124194170404e-05
1612893319343618 1606417097528152 0.9999860623119611 0.005279694959020864 2.724710474800195e-06 -2.7246102581055847 -0.005279694942808985 0.9999860622982157 -5.923252461426037e-06 0.5166053662328052 -2.755945464753576e-06 5.908784264853447e-06 0.9999999999787456 -7.451104999480034e-07
1612893319592993 1606417097528152 0.9999905060762909 0.004357494731878014 -1.1877407595288512e-06 -2.721949388775343 -0.004357494752178053 0.9999905059209508 -1.7660988256917625e-05 0.5202211842378102 1.1107718197321484e-06 1.7665996158929658e-05 0.9999999998433394 -2.6108382669994418e-05
1612893319842374 1606417097528152 0.9999970594602229 0.002425092846185386 -2.4535676431455896e-07 -2.7154089659226677 -0.0024250928491775475 0.9999970593752998 -1.3034220559322306e-05 0.5264295478026485 2.1374684777735656e-07 1.3034777244583831e-05 0.9999999999150244 -7.089096375651338e-06
1612893320092379 1606417097528152 0.9999900605964478 0.004458554970514135 5.943064239560199e-07 -2.7261944203448447 -0.004458554967393399 0.9999900605833616 -5.152940078723946e-06 0.5146932555089971 -6.172751834961722e-07 5.150239113702849e-06 0.999999999986547 -2.9099341797035567e-05
1612893320342380 1606417097528152 0.9999953698781346 0.0030430616919947455 1.5155727779726536e-06 -2.7225517709482516 -0.0030430616897358935 0.9999953698781788 -1.4905539083883873e-06 0.5135976427841396 -1.5201016081811466e-06 1.4859350254801638e-06 0.9999999999977407 3.420284172261372e-05
1612893320592385 1606417097528152 0.9999991021688729 0.0013399940717770558 -9.044408895420834e-06 -2.7254890242999057 -0.0013399964972094414 0.9999990647469966 -0.0002737133254963699 0.5144835070719679 8.677626203052965e-06 0.0002737251992236546 0.9999999624996063 0.0007833754285943376
1612893320843018 1606417097528152 0.999999533640436 -0.0009657695900668399 3.5319956547473587e-06 -2.7216541634674094 0.0009657700118747515 0.9999995262724958 -0.00012143942217557967 0.521354438083521 -3.4147114805671714e-06 0.00012144277663635788 0.9999999926199958 -4.81251457728156e-05
1612893321093014 1606417097528152 0.999997182301504 -0.002373894323040013 4.388743997897454e-06 -2.7081208727821364 0.0023738945801876576 0.9999971805376274 -5.9546476627731514e-05 0.5174084788729988 -4.247374581165118e-06 5.955672725917139e-05 0.999999998217478 -0.00013430756640356382
1612893321343016 1606417097528152 0.9999998348371518 -0.0005747411980515753 1.640143261599257e-06 -2.6789821221582115 0.0005747412476968146 0.9999998343754554 -3.043066502730852e-05 0.5208488917970064 -1.6226532330753315e-06 3.0431602659209673e-05 0.9999999995356422 -0.00015281124826231057
1612893321593647 1606417097528152 0.9999976831462065 0.0021526010395004386 3.9305812398210175e-06 -2.5822786616428086 -0.0021526009797404448 0.999997683039369 -1.5145327968967888e-05 0.5103951100302384 -3.963173981539933e-06 1.5136831906395698e-05 0.9999999998775848 9.505433909559572e-06
1612893321843642 1606417097528152 0.9999849670718669 0.0054832135216393955 -2.0539944176327617e-06 -2.436587422277036 -0.00548321371296708 0.9999849611318093 -0.00010900484781395001 0.4950869538715588 1.4562666724222152e-06 0.00010901447164202037 0.9999999940568621 0.00024481101618872657
1612893322093646 1606417097528152 0.999961790124831 0.008741755669305566 1.6209139819524593e-06 -2.2084375066899717 -0.008741755587458742 0.9999617891127791 -4.5034254195210124e-05 0.5056181001944754 -2.0145304923109174e-06 4.501836380801994e-05 0.9999999989846443 -1.5379016203842992e-05
1612893322343031 1606417097528152 0.9999472246795368 0.01027364864143169 1.936453017973867e-06 -1.9326309329473181 -0.010273648607765416 0.9999472245429705 -1.6660113912388504e-05 0.5082552083803462 -2.107510977438323e-06 1.663934023164855e-05 0.9999999998593454 -5.784423372812003e-05
1612893322591783 1606417097528152 0.9999259849538003 0.012166536802651852 9.315355794409095e-07 -1.583306279082703 -0.012166536795751724 0.9999259849292127 -7.085655188972058e-06 0.5413261182340402 -1.0176745163943213e-06 7.073797181956275e-06 0.9999999999744629 -2.376189629412855e-05
1612893322841782 1606417097528152 0.9999524827445002 0.009748448733988032 2.2037034549401475e-06 -1.16328263144201 -0.009748448797647576 0.9999524822656483 3.100440613677086e-05 0.561420517446448 -1.9013538761883652e-06 -3.102441558270927e-05 0.9999999995169353 -7.147724356513005e-05
1612893323091787 1606417097528152 0.9999749237773291 0.00708179503981228 6.832659171147889e-08 -0.6836018555995613 -0.007081795039378691 0.9999749237646637 -5.033933777234331e-06 0.5853445042668348 -1.0397416559185378e-07 5.033323670260545e-06 0.9999999999873275 4.63764361449494e-05
1612893323341787 1606417097528152 0.9999973682151075 0.0022942465573924375 2.4084926875889163e-07 -0.15387662846237923 -0.0022942465580079096 0.9999973682117894 2.58675878719653e-06 0.5989128597556267 -2.3491397245180752e-07 -2.587304547003902e-06 0.9999999999966254 4.013454205036941e-08
1612893323591794 1606417097528152 0.9999949425222822 -0.0031803931162166415 -5.826618637745667e-06 0.4304111967509271 0.0031803920792463462 0.9999949280778636 -0.00017008596574958758 0.5966589907392907 6.36752932021612e-06 0.00017006657461146146 0.9999999855184073 0.00042529166941579873
1612893323842416 1606417097528152 0.9999862464312491 -0.005244706053765941 3.349070292068753e-06 1.0726087181993367 0.005244706237225689 0.999986244791571 -5.7346338305065036e-05 0.5990360793792437 -3.048259537231697e-06 5.7363114477980216e-05 0.9999999983500906 -9.569085332063393e-05
1612893324092426 1606417097528152 0.999982537829698 -0.005909655726689818 3.0551703461392605e-06 1.731972700621749 0.005909655796538786 0.9999825375605711 -2.338274126615621e-05 0.6140586990345236 -2.9169330445759832e-06 2.3400387957839373e-05 0.9999999997219566 -0.00010472101481562803
1612893324343052 1606417097528152 0.9999717964700473 -0.007510410456383994 1.925711883345323e-06 2.4283440500901237 0.007510410476123342 0.9999717964170799 -1.045673665558792e-05 0.6393147736566733 -1.8471231870486318e-06 1.0470904625381741e-05 0.9999999999434741 -5.957882699035855e-05
1612893324593060 1606417097528152 0.99990363593611 -0.013882321325605943 9.08518111378666e-07 3.1834551990038222 0.013882321334045674 0.9999036358858284 -1.0057040465331229e-05 0.6361849833261377 -7.688154955095796e-07 1.0068683668378761e-05 0.9999999999490152 -1.8824928677844008e-05
1612893324843683 1606417097528152 0.999760283907788 -0.021894627540097744 3.1567821783975303e-06 3.9943235854185786 0.021894627346031002 0.999760282559111 5.210729500489763e-05 0.6702552129452273 -4.29689525889688e-06 -5.202568747823854e-05 0.9999999986374323 -0.00015778722980902088
1612893325093687 1606417097528152 0.9995402535198807 -0.030319656951212158 -4.887396491788211e-07 4.823318115885497 0.030319656954838115 0.9995402533064398 2.0656814397676368e-05 0.705633537979294 -1.3779257350106306e-07 -2.0662135918423753e-05 0.9999999997865285 1.7021260845287734e-05
1612893325343691 1606417107778302 0.9982665459538113 0.05885493380986351 -3.860365516795786e-07 -4.615021828998076 -0.05885493380699293 0.9982665459399402 5.3085474521771254e-06 0.13756284482631634 6.978015839745943e-07 -5.276625173408801e-06 0.9999999999858351 -5.737101580097141e-07
1612893325593691 1606417107778302 0.9986322833227351 0.052283484098491366 -7.803182061266228e-07 -3.831841409769651 -0.05228348410007854 0.9986322833205882 -2.174988606512456e-06 0.0888225775797635 6.655349696763787e-07 2.2128115928405493e-06 0.9999999999973302 1.3349311782423837e-05
1612893325843072 1606417107778302 0.9988895968161541 0.047112348453836266 -3.01549235593926e-07 -3.0012344241094957 -0.04711234845469566 0.9988895968070108 -4.275000072407162e-06 0.08437905007801025 9.98091013082254e-08 4.284459791369802e-06 0.9999999999908167 1.0980642305317965e-05
1612893326092447 1606417107778302 0.9988799012064903 0.04731746992745293 3.13730953215573e-06 -2.2195300859759177 -0.04731746999599543 0.9988799008292883 2.7512075326499456e-05 0.030752348816571594 -1.8319936374429723e-06 -2.7629708633713526e-05 0.9999999996166214 -4.227953490750924e-05
1612893326341830 1606417107778302 0.9987818826756023 0.049343194499270035 -2.2767063861745347e-07 -1.3946980635323567 -0.04934319449767914 0.9987818826648681 4.653053603936385e-06 0.012269740575554388 4.5698983805940556e-07 -4.6361516421170145e-06 0.9999999999891487 8.310717504979813e-06
1612893326591205 1606417107778302 0.9984413628792476 0.055810795513477375 6.702342290117796e-07 -0.5533507273400562 -0.05581079551564929 0.9984413628719573 3.8424120628954466e-06 -0.03814410923739217 -4.5474150313616865e-07 -3.873829442315306e-06 0.9999999999923933 -1.45847530771283e-06
1612893326841828 1606417107778302 0.9984217652123452 0.05616029518005106 1.4094503674174328e-07 0.35775367667497915 -0.05616029518007386 0.9984217652123403 1.6289706899221708e-07 -0.08808536692795055 -1.3157424490274757e-07 -1.7055549403832843e-07 0.9999999999999768 7.632847783439629e-06
1612893327091831 1606417107778302 0.9983981354603537 0.056578822131200766 2.5616477720114886e-08 1.3148893270812145 -0.056578822131149245 0.9983981354585937 1.876296322554361e-06 -0.11809410070456232 8.058319230626896e-08 -1.8747401001417594e-06 0.9999999999982394 -3.7282349011855883e-06
1612893327342467 1606417107778302 0.9981578424552439 0.060670598715004784 1.058737543666169e-06 2.2531135377134714 -0.060670598719140274 0.9981578424456375 4.449273031169722e-06 -0.17633690986746436 -7.868471236526655e-07 -4.505311009937273e-06 0.9999999999895415 8.862494226777339e-07
1612893327592465 1606417107778302 0.9977080668523225 0.06766545161457505 2.503770674514827e-07 3.1633948343112257 -0.06766545161395404 0.9977080668504521 -1.9694246828614665e-06 -0.23831257757840268 -3.830652305365638e-07 1.9479690158017304e-06 0.9999999999980294 1.7996586211940584e-05
1612893327843095 1606417107778302 0.997303191866347 0.07339171273148219 4.0429988911053115e-08 4.11488016612802 -0.07339171273147997 0.9973031918663461 -5.565981642020497e-08 -0.29216710073858176 -4.4405926245413864e-08 5.2542486442551055e-08 0.9999999999999977 -2.296929200672083e-06
1612893328093094 1606417107778302 0.9968523759210739 0.07928014016680102 -3.2882094254460934e-07 5.035696809428776 -0.07928014016739726 0.9968523759175207 -2.6640375478758043e-06 -0.32676489720067214 1.1658066762156078e-07 2.681721129551871e-06 0.9999999999963974 1.4150932872067687e-05
1612893328343101 1606417109778955 0.9991423668553074 0.04140689265344007 -1.6223558320050368e-07 -4.439499221544364 -0.041406892653471555 0.9991423668553 -1.9542216691212257e-07 -0.43964423724506774 1.5400461989932426e-07 2.0197223776227684e-07 0.9999999999999677 -3.5779905827870205e-06
1612893328593103 1606417109778955 0.9987132397972981 0.050713554972528045 3.143507666324568e-07 -3.4693637740299823 -0.05071355497332474 0.9987132397910192 3.543857619659888e-06 -0.47683348178631196 -1.3422465436456366e-07 -3.555239369587451e-06 0.9999999999936712 -1.4577406298034738e-05
1612893328843739 1606417109778955 0.9984397946291464 0.055838844054325924 -2.2341796387444753e-07 -2.502852014739003 -0.05583884405450989 0.9984397946287323 -9.252768341983393e-07 -0.5100899631534153 1.7140299711490797e-07 9.363086131537677e-07 0.999999999999547 -1.077731099805158e-06
1612893329093732 1606417109778955 0.9985760797170181 0.05334616219970996 1.389064577248521e-07 -1.4429047031671345 -0.05334616219988874 0.9985760797143278 2.3179137412683913e-06 -0.5618086647135981 -1.5056863595216414e-08 -2.3220233432972146e-06 0.999999999997304 -6.408850648438547e-06
1612893329343732 1606417109778955 0.9986467576612467 0.052006282477323494 -1.845596170949022e-07 -0.43512294300375937 -0.05200628247746173 0.998646757660898 -8.457204702404397e-07 -0.5920909387349322 1.4032708553446958e-07 8.541742650720221e-07 0.9999999999996253 -1.1680426168130384e-06
1612893329593742 1606417109778955 0.9986949505740573 0.05107245541664461 2.481298093291036e-07 0.5337679544544416 -0.05107245541723776 0.9986949505650715 4.236591278632585e-06 -0.6305149324677211 -3.143286846506652e-08 -4.243734916231624e-06 0.9999999999909949 -1.546026691633997e-05
1612893329843120 1606417109778955 0.9985085435375272 0.05459568194490039 -5.5823857705338213e-08 1.527802860664362 -0.054595681944712746 0.9985085435359278 1.7935954683266734e-06 -0.6784360710332394 1.5366316657814923e-07 -1.7878726571901764e-06 0.99999999999839 -6.571668937312554e-06
1612893330092497 1606417109778955 0.9983534282963566 0.057362289122331156 -1.52358308571543e-07 2.469510598586008 -0.05736228912219542 0.9983534282960698 7.818284959192193e-07 -0.6926726213606764 1.9695491191834523e-07 -7.718015378925641e-07 0.9999999999996828 -9.291962823448673e-06
1612893330342499 1606417109778955 0.9982522409504093 0.05909706784675938 -3.723837136154792e-06 3.418570933793019 -0.059097067953182536 0.9982522399947452 -4.369525813698977e-05 -0.6855684168452132 1.1350671278362922e-06 4.3838957210340684e-05 0.9999999990384287 0.00012854261894574054
1612893330592501 1606417109778955 0.9981703285974863 0.06046482540990652 -4.487235506440936e-07 4.313421113812929 -0.0604648254109346 0.998170328525417 -1.1997977533978082e-05 -0.7376212073920151 -2.7755308289982253e-07 1.200315716871683e-05 0.9999999999279235 -2.3488979684793003e-05
1612893330843130 1606417109778955 0.9979608993174829 0.06382823386059136 -3.7968293877695806e-07 5.248158848100111 -0.06382823386124918 0.9979608993153188 -2.0926069456619035e-06 -0.7959694880694987 2.4534132152998277e-07 2.112574400815429e-06 0.9999999999977384 -2.2338974017638495e-05
1612893331093132 1606417111528979 0.9999860159220477 -0.005288474715273989 3.871554747140024e-08 -5.083280254079935 0.005288474715192475 0.9999860159203074 1.8660996322080986e-06 -0.9547959216955656 -4.85838267911372e-08 -1.8658687903273207e-06 0.9999999999982581 -1.1612384039876551e-05
1612893331343757 1606417111528979 0.9999996905045133 0.0007867625004751102 -3.331672454092993e-07 -4.25204317638124 -0.0007867625003416769 0.9999996905044883 4.0063765355620977e-07 -0.9501549994955282 3.334823489769341e-07 -4.0037540606469855e-07 0.9999999999998642 3.8915187378584083e-07
1612893331593760 1606417111528979 0.9999769625786387 0.006787806441125434 -4.2818741514829553e-07 -3.3698365020263337 -0.006787806441948894 0.9999769625768197 -1.9517646017938002e-06 -0.9166342754975396 4.149293504770868e-07 1.9546260914608077e-06 0.9999999999980036 5.13897546948797e-06
1612893331843764 1606417111528979 0.9999506411288465 0.009935557882820563 1.768471475458526e-07 -2.4904634105723558 -0.009935557882434866 0.9999506411267381 -2.062772953330967e-06 -0.9178016949001471 -1.973332186464141e-07 2.060914062111157e-06 0.9999999999978568 3.4225035353904954e-06
1612893332093767 1606417111528979 0.9998955973491082 0.014449719937925903 -2.2630574564628756e-07 -1.5605941069324434 -0.014449719938621989 0.9998955973431527 -3.45550703028053e-06 -0.9593872740679702 1.7635100989371849e-07 3.458416320823761e-06 0.9999999999940041 6.0536783822992846e-06
1612893332343153 1606417111528979 0.9998621977845779 0.016600766422157374 -2.372818638576574e-07 -0.5693438576923817 -0.01660076642264302 0.9998621977821406 -2.216672915047386e-06 -0.9426352874951374 2.0045069659310166e-07 2.2203065134020975e-06 0.999999999997515 1.6840832909883537e-06
1612893332592575 1606417111528979 0.999776197900658 0.02115547483992465 -2.591931802243041e-07 0.4238384735091482 -0.021155474840420026 0.9997761978985039 -2.086325687582473e-06 -0.955387448377363 2.1499796165384924e-07 2.091342118312056e-06 0.99999999999779 8.803222873478733e-07
1612893332842534 1606417111528979 0.9996684937075229 0.02574689676358357 -2.082355629624688e-07 1.491176187872621 -0.025746896762973544 0.9996684937043439 2.5357903690385265e-06 -0.9344943679895106 2.73455264407478e-07 -2.5295883190271647e-06 0.9999999999967633 -4.603924273641423e-06
1612893333092530 1606417111528979 0.9995090943694026 0.03133002198018076 -2.0858152617250624e-07 2.5777140834443335 -0.03133002197898349 0.9995090943600623 4.334680793703324e-06 -0.9491516919142284 3.4428477686795214e-07 -4.326018010685797e-06 0.9999999999905835 -1.3875627889924702e-05
1612893333343166 1606417111528979 0.9993285059643572 0.03664064916766159 -2.887080703688309e-07 3.703377288197639 -0.036640649167666385 0.9993285059643985 -1.1105633571712065e-08 -1.0178820477655035 2.881072869974192e-07 2.1676627323217254e-08 0.9999999999999583 6.027746428399717e-06
1612893333593165 1606417111528979 0.9990608378578466 0.04332946183802014 -2.6567284654868547e-07 4.8648127382467585 -0.043329461837470315 0.9990608378562659 1.810091094073639e-06 -0.9464269083591664 3.4385360965182485e-07 -1.7968796635744407e-06 0.9999999999983264 1.2776212010248422e-07
1612893333843794 1606417113028998 0.9999996748579146 0.0008064046711073842 1.921495277090339e-07 -4.708277752493395 -0.000806404671194164 0.9999996748578308 4.5163962712462667e-07 -1.1135908957113134 -1.9178526092768627e-07 -4.5179443055329476e-07 0.9999999999998795 -1.029113743998259e-05
1612893334093793 1606417113028998 0.9999906961458866 0.004313655741567679 5.231057499225642e-07 -3.581518321936053 -0.0043136557472043015 0.9999906960821455 1.1300706441399057e-05 -1.1038630093589274 -4.743535257638022e-07 -1.1302857799374263e-05 0.9999999999360102 -5.6299381018501795e-05
1612893334343177 1606417113028998 0.9999764709562307 0.006859849728450434 -3.021031948603678e-07 -2.4090439808955955 -0.006859849728437688 0.9999764709562752 4.341476183480011e-08 -1.0120422465392858 3.023939054025947e-07 -4.1341357807653284e-08 0.9999999999999534 -1.4911222755727775e-06
1612893334593176 1606417113028998 0.9999796663443198 0.006377060632889853 2.3014058738251307e-07 -1.1753058757069978 -0.006377060632542054 0.9999796663432502 -1.4818718546547771e-06 -1.0446936973394654 -2.3958589444958653e-07 1.4803741022996683e-06 0.9999999999988756 4.3500302116528717e-07
1612893334842551 1606417113028998 0.9999886722176935 0.004759773175152351 2.8469016644333123e-07 0.030252324131668683 -0.004759773175090717 0.9999886722177104 -2.170098724042896e-07 -1.0058811236731138 -2.857198593038832e-07 2.1565235354576327e-07 0.9999999999999359 -4.960339211412802e-06
1612893335092560 1606417113028998 0.9999903892418629 0.0043842249402672884 2.1473081754305558e-07 1.334207951735977 -0.0043842249406248176 0.9999903892404501 1.6935325254566553e-06 -0.9641120254131363 -2.0730392628107964e-07 -1.694457677527165e-06 0.9999999999985429 -7.743999330536735e-06
1612893335343185 1606417113028998 0.9999999208558672 0.0003978601737478451 8.436818187639925e-08 2.664347148035786 -0.00039786017402588587 0.9999999208503566 3.3207881805541645e-06 -0.917710620359203 -8.30469658359321e-08 -3.320821484465374e-06 0.9999999999944826 -1.7810039111577455e-05
1612893335593190 1606417113028998 0.9999984398164763 0.0017664566363364991 1.754539021084237e-07 3.982741344804391 -0.0017664566367341656 0.999998439813863 2.2924372148803933e-06 -0.9019549267945468 -1.7140413743569722e-07 -2.292743569962322e-06 0.999999999997357 -1.039793129848772e-05
1612893335843194 1606417113028998 0.9999996165145912 -0.0008757711594513068 1.108201662653736e-07 5.366958629587796 0.0008757711592821049 0.9999996165134464 1.517175921681414e-06 -0.897873354322053 -1.1214882268316117e-07 -1.517078286757712e-06 0.9999999999988429 -9.243757077283615e-06
1612893336093191 1606417114528388 0.9999798154841819 0.0063536311404991195 1.329290978429529e-07 -4.758638258664389 -0.0063536311407191536 0.9999798154827003 1.725560908991881e-06 -1.0677475679739066 -1.2196283720683376e-07 -1.7263706618321246e-06 0.9999999999985024 9.640235940047712e-07
1612893336343198 1606417114528388 0.9999926935112301 0.0038226860453107444 1.4045576176949005e-07 -3.3284765837368955 -0.003822686045263251 0.999992693511183 -3.373048475076635e-07 -1.0639177785406122 -1.4174414606429907e-07 3.367654647123403e-07 0.9999999999999333 7.929251673192204e-06
1612893336593826 1606417114528388 0.9999945512540906 0.003301131106800417 1.0398849741467205e-07 -1.8636945063065473 -0.003301131106836162 0.9999945512540365 3.4485490855894633e-07 -1.050554747199274 -1.0284951954155077e-07 -3.451963091949748e-07 0.9999999999999352 4.403213612932294e-06
1612893336843837 1606417114528388 0.9999990350006545 -0.0013892451994986378 3.635087906464452e-08 -0.3663743071387614 0.0013892451992786267 0.9999990349856541 5.477387461448346e-06 -1.0113390561872486 -4.3960278222237597e-08 -5.4773316754765686e-06 0.9999999999849984 -9.57183948116788e-06
1612893337093212 1606417114528388 0.9999811885176214 -0.006133727687781264 -5.356697447922318e-08 1.1797172776905887 0.006133727687748677 0.9999811885174502 -5.87581760699554e-07 -0.9703062670443481 5.717003331932678e-08 5.872421421797934e-07 0.9999999999998259 9.65146786914128e-06
1612893337343212 1606417114528388 0.9999612743330073 -0.008800559003388072 4.284305858281638e-08 2.7096087619663507 0.008800559003248531 0.999961274329694 2.574878763191422e-06 -0.9187778485826142 -6.550177193851546e-08 -2.574402006423207e-06 0.9999999999966841 -6.028180010302405e-06
1612893337592968 1606417114528388 0.9999373731876569 -0.011191501553344953 1.2477476003125973e-07 4.261862749041986 0.011191501554000078 0.9999373731518507 -8.462160774914398e-06 -0.839705747527334 -3.0062660324106265e-08 8.463027233661424e-06 0.9999999999641881 2.5948473846328812e-05
1612893337842586 1606417115778414 0.9999622009014859 -0.008694640458846053 1.1463085921675664e-07 -4.2537308814228 0.008694640459249944 0.9999622008927139 -4.189170887174777e-06 -0.92972638713299 -7.820319158782119e-08 4.190009214388789e-06 0.9999999999912188 1.1441423669689222e-06
1612893338092597 1606417115778414 0.9999295315847406 -0.011871472915640112 -1.467734285300188e-08 -2.7442165336206625 0.011871472915642778 0.9999295315821642 2.2698023391175766e-06 -0.9129455693317705 -1.2269588428779484e-08 -2.269816631416872e-06 0.9999999999974238 -1.0960647921413489e-05
1612893338343224 1606417115778414 0.9998803730731772 -0.015467369698704332 -4.702454273609139e-06 -1.2081473894277375 0.015467370408549272 0.999880318822464 0.0003293760734299308 -0.8837144431092537 -3.926900193032414e-07 -0.0003294094057838411 0.9999999457446431 -0.000729002576880909
1612893338593224 1606417115778414 0.9998039233073789 -0.019801892083926086 -3.6789703523780955e-06 0.3511820128977657 0.019801892202399817 0.9998039226786889 3.5580557485410484e-05 -0.8257136119700876 2.973686630107382e-06 -3.5646431541631176e-05 0.9999999993602445 0.00011563113935183212
1612893338843230 1606417115778414 0.9998123915733822 -0.01936960661661208 -5.449951993729373e-07 1.892125089228692 0.019369606620097166 0.9998123915464375 7.351254910864049e-06 -0.7609610849274104 4.0250203790364735e-07 -7.3604320961018145e-06 0.9999999999728311 3.373832117757508e-05
1612893339093854 1606417115778414 0.999867346275885 -0.01628772100927481 -9.350123055125584e-08 3.3864385765502654 0.01628772100934699 0.9998673462755416 8.323116667560586e-07 -0.6934705154308443 7.993236704371104e-08 -8.337241794692277e-07 0.9999999999996493 6.667526228076447e-06
1612893339343863 1606417115778414 0.9998351237005781 -0.018158342961643443 4.7581912972145736e-08 4.854633567739391 0.01815834296129991 0.9998351236923194 4.0656122158388375e-06 -0.6403015304928874 -1.213988488060159e-07 -4.064077884038229e-06 0.9999999999917343 -1.6380181733005207e-05
1612893339594485 1606417117279052 0.999945740090602 0.010417143517734874 2.3417457059242508e-07 -5.5781961939530555 -0.01041714351783698 0.9999457400905316 4.388237178211547e-07 -0.7709773175851067 -2.295905746533799e-07 -4.4123933739508976e-07 0.9999999999998763 -2.5049787065279355e-06
1612893339844492 1606417117279052 0.9999136870109219 0.013138437222314605 2.1259435254620518e-07 -4.075382879739304 -0.013138437221598196 0.9999136870062134 -3.0788831769860377e-06 -0.7414152831087765 -2.5302771622625574e-07 3.075824271814549e-06 0.9999999999952376 2.8369425519752256e-06
1612893340093864 1606417117279052 0.9998998579843138 0.014151819932841495 5.5147945014508395e-08 -2.521696247031943 -0.01415181993293055 0.9998998579691231 5.511676657640383e-06 -0.7526498141940275 2.2857833199593204e-08 -5.511905151005286e-06 0.9999999999848092 -1.217690361144789e-05
1612893340342628 1606417117279052 0.9998952409208729 0.014474363137570152 -1.3027521605187233e-07 -0.9808343193701826 -0.01447436313776929 0.9998952409194584 -1.6850599600053583e-06 -0.7156473435334115 1.0587139877008254e-07 1.6867690854568943e-06 0.9999999999985718 7.683265344736459e-06
1612893340592043 1606417117279052 0.9999316112569331 0.01169499095979788 1.718538028593263e-07 0.5495674308061412 -0.01169499095974903 0.9999316112569081 -2.829322748251746e-07 -0.6732261079245434 -1.751509403896776e-07 2.8090309677106075e-07 0.9999999999999452 -7.979767434161616e-07
1612893340841375 1606417117279052 0.9999490906626375 0.010090395801326712 5.06744970415172e-08 2.0442158515215527 -0.010090395801188158 0.9999490906601369 -2.2374049981586002e-06 -0.6817049915543743 -7.32482192354254e-08 2.236779767615564e-06 0.9999999999974958 3.6094078816626824e-06
1612893341091380 1606417117279052 0.9999142873649317 0.013092666952213849 1.5730837107482535e-07 3.5916175205779104 -0.013092666951768778 0.9999142873616764 -2.558530751130085e-06 -0.6386487286630188 -1.907928787704135e-07 2.556251866600588e-06 0.9999999999967146 3.644452011734524e-06
1612893341342008 1606417117279052 0.9999934102107739 0.0036303635362249054 2.9566121769025843e-07 5.126058858658429 -0.003630363535648552 0.999993410208962 -1.9273342495416596e-06 -0.643482956528587 -3.0265619332564663e-07 1.926248191107269e-06 0.999999999998099 -7.586876430130204e-06
1612893341592012 1606417118778455 0.9828138242648251 0.18459953097943446 -7.668105665917215e-07 -5.097140024562917 -0.18459953098102694 0.9828138242561464 -4.130198649455596e-06 -0.8118890539110227 -8.800708109346756e-09 4.200769200579618e-06 0.9999999999911767 -2.24998436454958e-06
1612893341842017 1606417118778455 0.9877662163516805 0.15594198228391948 -3.3502719834949596e-07 -3.65384596024982 -0.1559419822842687 0.9877662163485357 -2.493138932847944e-06 -1.0769296042303742 -5.785647920986297e-08 2.51488321596243e-06 0.999999999996836 -6.3703377008189764e-06
1612893342092018 1606417118778455 0.993063798276798 0.11757675176521808 -9.298179490107811e-07 -2.1227632411040664 -0.11757675176838084 0.9930637982647859 -4.896759746076224e-06 -1.2101257529918135 3.4762343902032405e-07 4.97211980685691e-06 0.9999999999875786 -8.562048552603842e-06
1612893342342646 1606417118778455 0.9972670947625542 0.07388059087667821 1.8315431760846332e-07 -0.624287169467099 -0.07388059087684669 0.9972670947618207 1.212752231989693e-06 -1.3665717164123727 -9.305492272785981e-08 -1.2229694442669925e-06 0.9999999999992478 -3.6849204768316866e-06
1612893342592647 1606417118778455 0.9997013404957589 0.02443828584907187 4.5496924145811894e-07 0.8355449853546474 -0.024438285850166552 0.9997013404925067 2.579897661768861e-06 -1.4455852648227314 -3.9178508404799505e-07 -2.5902458191822104e-06 0.9999999999965685 1.297492164762733e-05
1612893342842657 1606417118778455 0.9995828532859805 -0.028881125689432303 1.8636643782610746e-07 2.3561592072774573 0.028881125689227682 0.999582853285483 1.0201236202659375e-06 -1.340511591554025 -2.15751014174052e-07 -1.0143156065324752e-06 0.9999999999994623 6.695945769738228e-06
