1636239302861933 1606417097528152 0.9966375291701657 0.08193675317098838 -6.272040719943991e-05 -5.451628533066211 -0.08193675774948281 0.996636473764282 -0.0014515152998742088 -1.1099092324577782 -5.642300538526997e-05 0.0014517737288267318 0.9999989445841855 -0.0017892943158112973
1636239303111347 1606417097528152 0.9965983477774799 0.08241197195909637 -9.459179587572419e-06 -5.453290346892388 -0.08241196418241743 0.9965981890313518 -0.0005637228851259724 -1.112105068612248 -3.703051335492334e-05 0.0005625848454890081 0.9999998410635037 0.0002492937337720487
1636239303360374 1606417097528152 0.996618313808191 0.08217015897488027 3.950476696531556e-05 -5.459356156786097 -0.08217014475625449 0.9966182762603326 -0.00028060485556418227 -1.1091707760632683 -6.242851834773167e-05 0.0002764098255780471 0.9999999598501434 -0.0007757203715492437
1636239303609410 1606417097528152 0.9966200008567186 0.08214970183741231 1.96174416492568e-05 -5.454252224010694 -0.08214969829635956 0.9966199914421663 -0.00014047098960926044 -1.1111817605669685 -3.1090784441737243e-05 0.00013838463087158335 0.9999999899415285 -0.0007562949050351969
1636239303858863 1606417097528152 0.9966327191088599 0.0819951861362295 -0.00011250169252837602 -5.4588258319058 -0.08199525752220051 0.9966322263606868 -0.0009915279491807569 -1.111816845048332 3.0822293541480725e-05 0.0009974138013127702 0.9999995021077236 0.0024342203787311167
1636239304108209 1606417097528152 0.9966659953424856 0.08158978626170728 -2.258776689131143e-05 -5.4612827253866465 -0.08158978651108029 0.9966658484772998 -0.000541498444938773 -1.1085616387495094 -2.1668286529615928e-05 0.0005415360176785253 0.9999998531346027 -0.0003574314215616165
1636239304357455 1606417097528152 0.9966282540450421 0.08204951663995107 -7.921311171630147e-06 -5.454256337881995 -0.08204951602533758 0.9966282222401796 -0.0002521088111240921 -1.100901149818431 -1.2790803822582646e-05 0.0002519087040073312 0.9999999681891996 -0.0014704940594279477
1636239304606841 1606417097528152 0.9966443823863221 0.0818533735776497 1.7210748600281203e-05 -5.453084274095129 -0.08185337032948807 0.9966443726891474 -0.0001419761417131426 -1.095543323509485 -2.8774221908932987e-05 0.00014009096629214861 0.9999999897732826 -0.0008934835221041756
1636239304855797 1606417097528152 0.9966388869103587 0.08192025965177972 1.2693766983997833e-05 -5.442984331910035 -0.08192025842646557 0.9966388840563803 -7.778598531773517e-05 -1.095384786896053 -1.9023349875859236e-05 7.64846611523879e-05 0.9999999968941043 -0.0005940368940214746
1636239305104837 1606417097528152 0.9966760244025661 0.0814671847746762 1.380035356785918e-05 -5.406777810766775 -0.08146718438099289 0.9966760241639346 -2.702352159797569e-05 -1.1034471755016735 -1.5956011753319598e-05 2.5809420122933976e-05 0.9999999995396398 -0.00031044480358152765
1636239305354103 1606417097528152 0.9967748801112537 0.08024860304299519 9.659677428010296e-06 -5.370735214656834 -0.08024860294870798 0.9967748801176463 -9.78254065453893e-06 -1.1132890952675534 -1.0413559031994893e-05 8.975815169558485e-06 0.9999999999054963 -3.222825422081451e-05
1636239305603296 1606417097528152 0.9968705182245416 0.07905169108537816 -5.978427991901069e-06 -5.339478960755806 -0.07905169120083701 0.9968705179795961 -2.2490991470799842e-05 -1.110384580963033 4.181767699027278e-06 2.2893211166311067e-05 0.9999999997292068 1.3378822310783429e-05
1636239305852371 1606417097528152 0.9969135661792874 0.0785069522871297 3.840263128853389e-06 -5.277106029107397 -0.0785069522554461 0.9969135661586422 -7.802879272835149e-06 -1.107522127410765 -4.440990681537562e-06 7.477308848226597e-06 0.9999999999621837 -1.8572948864030806e-05
1636239306101315 1606417097528152 0.9969979997237223 0.07742719529973097 -0.0001340872094642976 -5.220924018887787 -0.07742730536486396 0.9969971109460597 -0.0013315981420726286 -1.1001088587256986 3.058265104363868e-05 0.0013379826953919631 0.9999991044331031 0.0021229378438312155
1636239306350287 1606417097528152 0.9972022419376582 0.07475083636307586 -3.379341184129004e-05 -5.1059611469030415 -0.07475084270165651 0.9972020383753273 -0.0006373224849256264 -1.1009932265746367 -1.3941529609361838e-05 0.0006380654968165901 0.999999796339007 -0.0010122213589568243
1636239306599275 1606417097528152 0.9975943936797818 0.06932117782419624 2.8636282484816144e-06 -4.9621643955246775 -0.06932117306918462 0.997594338943961 -0.00033147509559669394 -1.1024355207287457 -2.583498337561883e-05 0.00033047918694157496 0.9999999450580288 -0.0011173240269676066
1636239306847950 1606417097528152 0.9982214097662708 0.05961557618187956 1.2853289328972044e-05 -4.712681518423334 -0.05961557297312403 0.9982213942811226 -0.00017737813632216155 -1.104837505547273 -2.340492819392651e-05 0.00017629639709289225 0.9999999841858948 -0.0008289818333795845
1636239307096658 1606417097528152 0.99922348803655 0.03940077182863941 1.1825555728779651e-05 -4.429382191674903 -0.03940077068616692 0.9992234845446749 -8.49011149557159e-05 -1.0843375988976482 -1.5161542460321934e-05 8.436925221454804e-05 0.9999999963259785 -0.0005506124784406355
1636239307345728 1606417097528152 0.9997872055007087 0.020628710095392962 6.430371734367538e-06 -4.063064424197646 -0.020628709756063984 0.9997872043278337 -4.8995916669091186e-05 -1.0785246309018885 -7.439725939900205e-06 4.885284033529532e-05 0.9999999987790252 -0.0002987773756380141
1636239307594865 1606417097528152 0.9999998789279074 0.0004920527313524896 5.7223764368653485e-06 -3.633865074317535 -0.0004920526114370765 0.999999878725137 -2.0938104281908428e-05 -1.0465337196998117 -5.7326783942701895e-06 2.0935286036573078e-05 0.9999999997644251 -0.0001806559718719515
1636239307844104 1606417097528152 0.9998973636951831 -0.014326970173347447 2.3538182593019186e-06 -3.1134770688691904 0.014326970206912815 0.9998973635861228 -1.4922355569030222e-05 -1.003006760099774 -2.139784528678464e-06 1.4954547077635578e-05 0.9999999998858914 -8.052798406683735e-05
1636239308093183 1606417097528152 0.9994866891037395 -0.03203682732043323 2.0374137950677316e-06 -2.543112979032185 0.032036827332410894 0.999486689086533 -6.146440120574274e-06 -0.9336573644206151 -1.8394555275491504e-06 6.208557359830566e-06 0.9999999999790351 -5.628370519362396e-05
1636239308342457 1606417097528152 0.9984273029636643 -0.05606175789523027 1.6927584557885638e-06 -1.913627653433802 0.05606175786122006 0.9984273028395931 1.5950881309155345e-05 -0.8721556519689171 -2.584330705535555e-06 -1.58308963906922e-05 0.999999999871352 -4.0557110770571906e-05
1636239308591557 1606417097528152 0.9965208001131021 -0.0833444356052354 2.3119248634178096e-07 -1.2248704964419976 0.08334443556073264 0.9965207996643067 3.0032298472526855e-05 -0.7767588324813596 -2.7334130874803275e-06 -2.990854149573114e-05 0.9999999995490038 -1.0264399834325715e-05
1636239308840338 1606417097528152 0.9944465621464962 -0.10524274340317273 -6.742289753229926e-07 -0.48769684124226276 0.10524274340514049 0.9944465621120437 8.280245403585357e-06 -0.6769505086233023 -2.0095105573810427e-07 -8.30521928235247e-06 0.9999999999654915 4.068097222593125e-05
1636239309089106 1606417097528152 0.9919477196732228 -0.12664802162887748 -7.553187475758331e-06 0.37211146979165616 0.1266480210263803 0.991947704607529 0.0001734889662247872 -0.5346232873065737 -1.4479667367727215e-05 -0.0001730485806810021 0.9999999849222638 -0.00027766522249807706
1636239309338094 1606417097528152 0.9892788789772071 -0.14603869204604122 -6.28870112808915e-06 1.2372557586833866 0.14603869213395482 0.9892788766401368 6.810211807949999e-05 -0.4278449362429449 -3.7242650623652768e-06 -6.829038071747614e-05 0.9999999976612769 0.00016514918102896576
1636239309587187 1606417097528152 0.9857363892619753 -0.1682966751634824 -4.259866153474457e-06 2.1375694288241966 0.1682966752132069 0.9857363887431215 3.200492787040559e-05 -0.29398785635230906 -1.1872178707787086e-06 -3.226534334797456e-05 0.999999999478769 0.00012537122736703928
1636239309836048 1606417097528152 0.9822039553586397 -0.1878174381504083 -2.9877490772242704e-06 3.1298248027640683 0.18781743817416002 0.982203955240058 1.526260718231561e-05 -0.0530358888848096 6.799518043581765e-08 -1.5552144521112325e-05 0.9999999998790631 7.176012768182527e-05
1636239310084903 1606417097528152 0.9781571228693817 -0.20786688764500974 -2.266293845415023e-06 4.119191474508077 0.2078668876563731 0.9781571228402466 7.5768666407984035e-06 0.1539980939223967 6.418117806162222e-07 -7.882453521871979e-06 0.9999999999687275 4.5967579914059016e-05
1636239310334116 1606417107778302 0.992672219020007 -0.12083817933336051 -2.3998917005068332e-06 -5.169877688285208 0.120838179322468 0.9926722190151 -4.258389042403479e-06 -0.16395107136666195 2.8968817985087373e-06 3.93718595650401e-06 0.9999999999880533 1.2023137360689413e-06
1636239310583125 1606417107778302 0.9940489176577598 -0.10893461023529646 -8.866706159787204e-07 -4.02907019959672 0.10893461023538228 0.9940489176581444 4.9065503432677434e-08 -0.06552436524733063 8.76049034638534e-07 -1.4536262854006988e-07 0.9999999999996056 -4.0419175465608576e-07
1636239310832094 1606417107778302 0.9949774049518224 -0.10009976842924029 -4.6377726610674137e-07 -2.9680138541202417 0.10009976842907009 0.9949774049518764 -3.765761581453435e-07 0.008175088654866729 4.991430869317691e-07 3.2826077165749555e-07 0.9999999999998216 3.183231400352637e-07
1636239311081354 1606417107778302 0.9975084610823354 -0.07054693525261486 -2.8299256794149365e-07 -1.8146652639621121 0.07054693525106982 0.9975084610754827 -3.7375035826686566e-06 0.032851248982750283 5.459569041948417e-07 3.7082271886621446e-06 0.9999999999929755 1.0840584376771728e-05
1636239311330616 1606417107778302 0.9993038135439493 -0.03730801844778742 6.966281372063076e-07 -0.5670353879804658 0.037308018446051146 0.9993038135414747 2.3579871393770734e-06 0.017176467861050804 -7.841149818243251e-07 -2.3303557252689655e-06 0.9999999999969773 8.165105947065486e-06
1636239311580013 1606417107778302 0.9998285074351428 -0.018519063806755776 4.4872868779179377e-07 0.7017421417760152 0.018519063803619534 0.9998285074160734 6.200779672738321e-06 0.03310129214326127 -5.634843685594596e-07 -6.191406249914575e-06 0.9999999999806745 6.54274521715484e-06
1636239311829268 1606417107778302 0.9999980528497052 -0.0019733983804096243 -3.100795184945673e-07 2.002029403750853 0.0019733983795985678 0.9999980528463898 -2.5942511927114927e-06 0.06424841181396253 3.151984058234306e-07 2.59363423088939e-06 0.9999999999965868 1.9862160730085248e-05
1636239312078518 1606417107778302 0.9999673774732226 0.008077375427134374 -1.5129743357609625e-08 3.3700390962797973 -0.008077375427140132 0.9999673774731334 -4.224970900031822e-07 0.06132951223439845 1.171658217429435e-08 4.2260551569682243e-07 0.9999999999999106 5.903390310355108e-06
1636239312327761 1606417107778302 0.9999074816104409 0.013602508000693157 1.5030698250055246e-07 4.735109341867537 -0.013602508000672017 0.9999074816104424 -1.4134852196595276e-07 0.027788650652167866 -1.5221577074117922e-07 1.3929089269600364e-07 0.9999999999999787 1.1606401641405685e-05
1636239312576634 1606417109778955 0.9997742483383791 -0.021247408404187346 1.911196346172929e-08 -4.257646675269902 0.02124740840404145 0.9997742483341383 2.913086872216553e-06 -0.05436037728296639 -8.100319539481086e-08 -2.9120231583151286e-06 0.9999999999957567 -7.341026795140344e-06
1636239312825848 1606417109778955 0.9998795189465486 -0.015522486774354898 1.5546317214339948e-07 -2.799546250075429 0.015522486772719694 0.9998795189175459 7.620575586506906e-06 -0.007861968008169145 -2.73734725526075e-07 -7.6172442764820894e-06 0.9999999999709513 -1.7559351131989274e-05
1636239313074936 1606417109778955 0.9999729745457894 -0.00735188291973103 -2.1530769381247878e-07 -1.266605608540199 0.007351882920224964 0.9999729745429494 2.3913905771631107e-06 0.02874094133619291 1.9772065148457474e-07 -2.3929088656979567e-06 0.9999999999971174 -7.037147820812005e-06
1636239313323825 1606417109778955 0.9999989166174535 0.0014719946892460427 -1.4048964692092953e-07 0.2562239594161087 -0.001471994689268152 0.999998916617451 -1.5677487436665022e-07 0.06598317037615029 1.4025872293415374e-07 1.5698150453326248e-07 0.9999999999999778 -2.0293161112652826e-06
1636239313572994 1606417109778955 0.9998723683901578 0.01597644936004592 -4.100961628820015e-07 1.8396578242757144 -0.01597644936095095 0.9998723683875649 -2.3073777396434778e-06 0.09063117539737924 3.731801180347358e-07 2.3136351258822915e-06 0.9999999999972539 2.2916824114549844e-06
1636239313822318 1606417109778955 0.9995348068192713 0.03049868785949238 -2.7764130590793526e-07 3.4874108758211437 -0.03049868785982459 0.9995348068184762 -1.282997215886263e-06 0.05844520574510632 2.3838241745307263e-07 1.2908680698535368e-06 0.9999999999991385 -1.6322924051005817e-06
1636239314071759 1606417109778955 0.998702550222087 0.050923630902660916 -2.341187043368237e-07 5.133105066629748 -0.050923630902770786 0.9987025502219887 -4.89685454615112e-07 0.02698887790147677 2.0887838572616568e-07 5.009722868167392e-07 0.9999999999998527 -5.139090557993763e-06
1636239314321194 1606417111528979 0.9999944881909598 -0.0033201795368839873 -9.571475122601076e-08 -4.431241497519429 0.003320179537189867 0.9999944881851945 3.396646141804901e-06 -0.17288047005997212 8.443674864983473e-08 -3.396945210290832e-06 0.9999999999942268 -1.0461206768291796e-05
1636239314570990 1606417111528979 0.9999833488665612 0.005770787994818897 -4.7468037817019096e-08 -2.707987675692091 -0.0057707879945000685 0.9999833488534395 5.123292464762486e-06 -0.10833424808371658 7.703268206920497e-08 -5.122933228141813e-06 0.9999999999868748 -1.3494551707328776e-05
1636239314820493 1606417111528979 0.9999779552087156 0.0066399624236202605 2.732232314384366e-07 -0.9353262232612634 -0.006639962428228449 0.9999779549284012 2.3677620393639548e-05 -0.08257473833046991 -1.1599869851815772e-07 -2.367891261737826e-05 0.9999999997196478 -7.70660801113983e-05
1636239315070068 1606417111528979 0.999952416168191 0.009755275691667556 -2.0501493568702854e-07 0.8342395506512277 -0.009755275691615934 0.9999524161681808 2.5173285477599374e-07 -0.05710546835286853 2.0746090368933783e-07 -2.4972089914308596e-07 0.9999999999999473 2.8387557755084012e-05
1636239315320043 1606417111528979 0.99994379455517 0.010602251414836226 -1.0102048396936005e-07 2.613403503685557 -0.01060225141503095 0.9999437945528088 -2.1743997486395097e-06 -0.032873586718195284 7.79612732562851e-08 2.1753485800986533e-06 0.9999999999976309 1.4900811975912571e-05
1636239315569672 1606417111528979 0.9999211856422779 0.01255478029269893 9.462280534863816e-08 4.4286635589789904 -0.01255478029287946 0.9999211856397728 2.2391836206334557e-06 -0.041744834692124345 -6.650288932056834e-08 -2.2401951093414196e-06 0.9999999999974886 -1.235124857458033e-05
1636239315819919 1606417113028998 0.9997154773928905 -0.02385297183692955 3.425198005628747e-07 -4.470432107652539 0.02385297183805943 0.9997154773857063 -3.7983568560670377e-06 -0.12703606203715057 -2.518202468188291e-07 3.8054462528199254e-06 0.9999999999927276 5.686718733532899e-06
1636239316069416 1606417113028998 0.9997909222158408 -0.02044778372285223 2.962439400156775e-07 -2.6403827199252716 0.020447783722932097 0.9997909222158465 -2.694292142735025e-07 -0.035773414471720076 -2.9067277168639753e-07 2.754304146244504e-07 0.9999999999999198 -1.4430599960737951e-05
1636239316319088 1606417113028998 0.9997963464674918 -0.020180822448759225 1.094959422348116e-07 -0.7564557653783275 0.020180822448987317 0.9997963464635383 -2.812167786667198e-06 0.059240969035615536 -5.272178419997338e-08 2.813804796926281e-06 0.9999999999960398 1.6889012468295583e-06
1636239316569006 1606417113028998 0.9998559161448648 -0.016974856266580105 -3.4775098518154936e-05 1.09983444185799 0.01697488692916056 0.9998550917444223 0.0012840291898317728 0.16207193535846126 1.2973848379771824e-05 -0.0012844344853184242 0.9999991750295258 -0.005097907500598211
1636239316818531 1606417113028998 0.9999026390809527 -0.013953930531061733 -1.3643532086228325e-05 2.9346478516358805 0.013953932828491944 0.999902621841333 0.00018600513839093236 0.22487498851729412 1.1046700724643141e-05 -0.0001861774096895701 0.9999999826079711 0.00028027938195717165
1636239317068122 1606417113028998 0.9999174193759557 -0.012851242108565131 -3.043327269150846e-06 4.726045944351868 0.012851242198512266 0.9999174188783957 3.165418985985642e-05 0.2858587606084374 2.6362802901263396e-06 -3.1690686372858604e-05 0.9999999994943752 0.00016220703769819888
1636239317317794 1606417114528388 0.9999855985364023 -0.0053668169287316315 -5.588514250436833e-07 -4.9849378296131786 0.005366816932397674 0.9999855985135583 6.779400294604894e-06 0.1760093522504462 5.224595764835483e-07 -6.782301914593814e-06 0.9999999999768637 9.070965545662042e-05
1636239317567351 1606417114528388 0.9999932092217287 -0.003685310691233828 5.315258670127269e-08 -3.1698099871506744 0.0036853106913880495 0.999993209216367 -3.2748674531077152e-06 0.19664855195391998 -4.108332171617489e-08 3.2750410979977064e-06 0.9999999999946362 4.485087018215797e-05
1636239317816969 1606417114528388 0.9999994738000009 0.0010258675281891946 4.0150779685863765e-08 -1.3495451966639516 -0.001025867528158073 0.9999994737997053 -7.697623227236439e-07 0.2996163957039825 -4.094043272984914e-08 7.697207282918754e-07 0.9999999999997029 8.711070131826382e-06
1636239318066694 1606417114528388 0.9999999792740871 0.00020360815123233946 1.0791820326858614e-07 0.4483340575112446 -0.00020360815108432087 0.9999999792731535 -1.370634882535681e-06 0.33723081614764094 -1.0819727346584711e-07 1.3706128810991368e-06 0.9999999999990549 1.0032497132393799e-05
1636239318315897 1606417114528388 0.9999987934239296 0.001553433314668983 2.9555368921069056e-07 2.305302617005456 -0.0015534333122739583 0.9999987933924676 -7.938437802862645e-06 0.41896954438833023 -3.078851663416299e-07 7.937969101569467e-06 0.9999999999684469 3.1907361820291553e-05
1636239318565203 1606417114528388 0.9999975421616393 0.002217132188424696 7.320103761995125e-08 4.231430643806872 -0.0022171321882500945 0.9999975421589834 -2.3059995372878963e-06 0.45535012031832073 -7.831356350394577e-08 2.305831573131903e-06 0.9999999999973385 6.614919991303934e-06
1636239318815039 1606417115778414 0.9999787724040898 0.006515730630540565 1.5954773727340886e-07 -3.855370669299314 -0.006515730630045785 0.9999787723998211 -2.927300703561268e-06 0.3316786655057865 -1.7861785331639281e-07 2.9261989939195878e-06 0.9999999999957028 2.189012480843343e-06
1636239319064691 1606417115778414 0.9999980162113061 -0.001991877966703827 2.8902028337175805e-07 -1.9364524236949303 0.001991877967197423 0.9999980162098712 -1.7180117726459495e-06 0.29213828631653216 -2.8559764021906864e-07 1.7185840576043028e-06 0.9999999999984824 -5.734826616233147e-07
1636239319314587 1606417115778414 0.999998698983042 -0.001613082971318576 1.2965457995325023e-07 0.018089113627890265 0.001613082971344394 0.9999986989830302 -1.9995868087316648e-07 0.3100557911814845 -1.2933186132706354e-07 2.0016756431816776e-07 0.9999999999999716 -4.174059618792227e-06
1636239319564232 1606417115778414 0.9999767397257494 -0.006820558036285423 1.4569660381997868e-08 1.9588321069860353 0.006820558036300249 0.9999767397224457 -2.5703525586759137e-06 0.3832229586662348 2.9619173125210205e-09 2.570392144778944e-06 0.9999999999966965 6.042589649088407e-06
1636239319813740 1606417115778414 0.9999725380106632 -0.007411020778367064 3.0305513505884115e-08 3.914269365199327 0.007411020778389693 0.9999725380103149 -8.347524835892406e-07 0.45931420008182616 -2.4118313255451345e-08 8.349541544138653e-07 0.9999999999996512 -1.106110415309465e-06
1636239320063331 1606417115778414 0.999964991957316 -0.00836748852824783 -8.431778075789856e-09 5.875499987235276 0.008367488527970592 0.9999649919149155 9.208832206342255e-06 0.5385022436388177 -6.862331494956465e-08 -9.208580375937068e-06 0.9999999999575987 -4.0004688735461145e-05
1636239320312803 1606417117279052 0.9998354263738339 0.0181416695017148 -9.914833911179457e-08 -4.089533946931134 -0.01814166950190154 0.9998354263709162 -2.4161089820605237e-06 0.36106509159755196 5.5299771277016926e-08 2.4175100706385655e-06 0.9999999999970763 1.2980327670066716e-05
1636239320562207 1606417117279052 0.9998758853004563 0.01575480876061798 1.0378126859551911e-07 -2.1580668296375776 -0.01575480876059742 0.9998758853004426 -1.9684954415255138e-07 0.4221768338617447 -1.0686971473704646e-07 1.951900581904337e-07 0.9999999999999752 -3.03042211652056e-06
1636239320811603 1606417117279052 0.9999974634214345 0.00225236656803909 7.454498861304525e-08 -0.2380032061780533 -0.0022523665687367795 0.9999974633578108 1.1280484873557614e-05 0.4556927637119923 -4.913701251829667e-08 -1.128062416233651e-05 0.9999999999363726 -3.0960409211576905e-05
1636239321061232 1606417117279052 0.999953424481654 -0.009651366321023206 -1.2667369139869513e-07 1.7209446429153197 0.009651366320164806 0.9999534244660602 -5.587353994355994e-06 0.4706716150066401 1.805933916682934e-07 5.585871186236235e-06 0.9999999999843827 1.3416616035383224e-05
1636239321311278 1606417117279052 0.999190269269475 -0.040234385811857634 4.85138092390685e-08 3.6863618486377625 0.040234385811598994 0.999190269266162 2.5775230430696737e-06 0.5216532212288525 -1.5217958267019097e-07 -2.573484020129203e-06 0.999999999996677 -3.25672973747921e-06
1636239321560670 1606417117279052 0.9975851782445521 -0.0694536690985434 3.550348901370503e-08 5.578674251171168 0.0694536690985099 0.9975851782432457 -1.6160873756381569e-06 0.7132590415511173 7.682544340574071e-08 1.6146506602589561e-06 0.9999999999986935 9.920301897937356e-07
1636239321810062 1606417118778455 0.9953357704924096 0.09647125987291616 -1.131152337313825e-06 -3.9872675487178473 -0.09647125987815165 0.995335770472666 -6.290636100127861e-06 0.5025815003446971 5.190107931996745e-07 6.370418820688689e-06 0.9999999999795742 -9.374319179734872e-06
1636239322059888 1606417118778455 0.9982818768813039 0.05859431964437697 4.686567739180741e-07 -2.097195201635353 -0.05859431964557514 0.9982818768762768 3.180560077421974e-06 0.4086225001023014 -2.814888100524836e-07 -3.2025561084304224e-06 0.9999999999948322 1.4002092047970716e-06
1636239322309797 1606417118778455 0.9998326361799831 0.01829479799648405 -3.4487998509454127e-07 -0.16463661059615206 -0.018294797996837923 0.9998326361794825 -1.0522170063633845e-06 0.3922365363388729 3.25572167082006e-07 1.0583504129638066e-06 0.9999999999993869 1.3975162185960053e-06
1636239322559224 1606417118778455 0.9994732700649646 -0.03245277230174514 -2.0726530921572265e-07 1.733995997708163 0.03245277230166639 0.9994732700649193 -3.7223365899626514e-07 0.4346148451551759 2.1923615055081706e-07 3.653112584984159e-07 0.9999999999999093 -1.4426881000949738e-06
1636239322808884 1606417118778455 0.9963721726043373 -0.08510284169178611 -4.01347012699044e-07 3.6133053177806813 0.08510284168969331 0.9963721725975316 -3.752208417960957e-06 0.5711460383254707 7.192145939951915e-07 3.7044402821754128e-06 0.9999999999928799 -3.2392645480401657e-05
1636239323058629 1606417118778455 0.9899133762728537 -0.1416739477828941 -3.9343631827008497e-07 5.449959686065318 0.14167394778081108 0.9899133762675841 -3.343325362182959e-06 0.8622540953638919 8.631299769462327e-07 3.25386282084026e-06 0.9999999999943336 -2.4154352626836272e-05
1636239323308036 1606417120279103 0.9901514762531772 0.14000019312917295 -1.3833008756037971e-06 -3.608477220390782 -0.140000193134141 0.9901514762426613 -4.6202906166994115e-06 0.3329709329065066 7.228358254144254e-07 4.768449964580137e-06 0.9999999999883697 -6.868349745699992e-05
1636239323557519 1606417120279103 0.9963880344928924 0.08491692836069453 -1.280952472279344e-06 -1.7587822605131618 -0.08491692836621068 0.9963880344799398 -5.149328388715309e-06 0.16226985084076134 8.390605662245302e-07 5.239503741507868e-06 0.9999999999859218 -9.010735346721201e-05
1636239323807099 1606417120279103 0.999528528678499 0.030703751598818267 -1.3698127455152334e-07 0.09156175755903735 -0.030703751599018864 0.9995285286768023 -1.8434262793252896e-06 0.09563217420498703 8.031658923744418e-08 1.8467629957247101e-06 0.9999999999982915 -3.324273723741509e-05
1636239324056734 1606417120279103 0.9996965114746968 -0.024635035003335137 -4.14240667211496e-07 1.9163913318278993 0.024635035002178046 0.9996965114714347 -2.598199692740871e-06 0.12649337752206652 4.781216902961825e-07 2.5872063356058223e-06 0.9999999999965389 -4.7040689027913125e-05
1636239324305647 1606417120279103 0.9967296332741978 -0.08080865149752049 8.371532532724432e-07 3.73251835196271 0.08080865149606593 0.9967296332733084 1.6458750662138957e-06 0.25766107287734136 -9.674163997597751e-07 -1.5728432256665211e-06 0.9999999999982951 6.202675520720609e-05
1636239324555273 1606417120279103 0.9897388689615882 -0.14288796755177202 1.587583370609141e-07 5.557347504830949 0.14288796755185718 0.989738868961182 -8.970443013312195e-07 0.5191295945301451 -2.8952459939644993e-08 9.105242683205132e-07 0.9999999999995851 -1.1633897506305475e-06
1636239324804907 1606417121777871 0.984333595107232 0.17631611819948811 3.2865485353305247e-06 -3.23833635110372 -0.17631611821161405 0.9843335951029786 3.859908779962343e-06 -0.164235650174874 -2.5544960025695386e-06 -4.378909366220069e-06 0.9999999999871498 0.0001313558440314713
1636239325054240 1606417121777871 0.9950887594973213 0.09898666943611868 -7.016456768951825e-07 -1.4025280562663287 -0.09898666943726492 0.9950887594957366 -1.8490566358913886e-06 -0.3428924339448333 5.151677682403789e-07 1.909429042726099e-06 0.9999999999980443 -9.441344259228913e-05
1636239325303649 1606417121777871 0.9998073935751896 0.019625893628208307 7.493071100206518e-06 0.3828939808492277 -0.01962589370284122 0.9998073935515916 1.0020134612534358e-05 -0.3931358020267867 -7.294973790332068e-06 -1.0165262887128272e-05 0.9999999999217254 0.0004598863937795372
1636239325553032 1606417121777871 0.9986187724008719 -0.052540911798397864 -6.588676568387764e-07 2.1406539943997607 0.052540911796472876 0.9986187723976471 -2.660308412486284e-06 -0.2972480811197826 7.977326403000454e-07 2.622016413635398e-06 0.9999999999962443 -0.0001515835744609988
1636239325802330 1606417121777871 0.9937609862566256 -0.11153072311479635 -4.637170304492067e-07 3.8723638304777603 0.11153072311319977 0.9937609862533948 -2.644313774618127e-06 -0.08913727792321155 7.557461209455857e-07 2.5760971689048333e-06 0.9999999999963963 -7.293493251279081e-05
1636239326051353 1606417123279142 0.9925106962993236 0.12215775640419406 1.6917178348776398e-05 -5.024641745184685 -0.12215775697008019 0.9925106956509131 3.788198654349873e-05 -0.6641973530269364 -1.2162901967079828e-05 -3.966484140275029e-05 0.9999999991393821 -0.0006479653214406937
1636239326300405 1606417123279142 0.996368116210166 0.08515031648912076 2.4618558530477687e-05 -3.237388186876318 -0.08515031741351849 0.9963681156595857 3.931677892628633e-05 -0.7422032658040165 -2.1181310604313885e-05 -4.1270263027276794e-05 0.9999999989240588 -0.0003571599086380743
1636239326549887 1606417123279142 0.998153383700314 0.06074390665773906 2.0396940389469443e-05 -1.416321671437947 -0.06074390735188306 0.9981533832409705 3.5336889491233024e-05 -0.7851547029028902 -1.8212774340642372e-05 -3.6510625672316604e-05 0.9999999991676345 -0.0006399906401719306
1636239326799268 1606417123279142 0.9992447329284785 0.038858243390067604 2.5294221403213192e-05 0.42851802675062634 -0.03885824432624941 0.999244732503416 3.763673177197144e-05 -0.811425115702505 -2.381262021628073e-05 -3.8591195023026574e-05 0.9999999989718394 -0.00037338548480032077
1636239327048425 1606417123279142 0.999435657627613 0.03359115128424842 2.8676212260856987e-05 2.2550520078600247 -0.03359115259921376 0.9994356569048546 4.6676368386737603e-05 -0.8683972081554596 -2.70921160865339e-05 -4.761329395618343e-05 0.9999999984994957 -2.1464996397911207e-05
1636239327297576 1606417123279142 0.9994016933935834 0.03458673110806126 0.00011522917249542946 4.103948615257903 -0.03458674730897969 0.9994016894298896 0.00014170297414352467 -0.942642431508426 -0.00011025918699937938 -0.00014560359458934302 0.9999999833212523 0.006277691382356176
1636239327546805 1606417124779173 0.9999648989179702 0.008378574346447462 2.0696877066587786e-05 -5.216278101159305 -0.00837857467920261 0.9999648990006681 1.6043506722824655e-05 -1.1733813763383054 -2.0561728871619058e-05 -1.621635390847137e-05 0.9999999996571226 0.001457772110905554
1636239327796152 1606417124779173 0.999998546095884 0.0017052266704223821 3.5476852333474775e-06 -3.4262832260789406 -0.0017052266688989232 0.9999985461020862 -4.32428887850545e-07 -1.1592039928462392 -3.5484174646401045e-06 4.263786516659807e-07 0.9999999999936134 0.00033662209312389517
1636239328045434 1606417124779173 0.9999999610523006 -0.0002791054311554112 1.4654817180970768e-07 -1.6136269076731637 0.00027910543211192803 0.9999999610307374 -6.568645954590106e-06 -1.1322021873617139 -1.4471482133768103e-07 6.568686601132601e-06 0.9999999999784157 0.00017119678182934747
1636239328294864 1606417124779173 0.9999977932808836 -0.002100818356386508 -2.500848867871803e-07 0.15514094453427954 0.0021008183555385374 0.9999977932753265 -3.343681646019867e-06 -1.0504807881587344 2.571088026978928e-07 3.3431488845255976e-06 0.9999999999943786 0.00025372601162753364
1636239328544174 1606417124779173 0.9999937088021577 0.003547162124045989 -1.198651427244124e-06 1.9205179675052493 -0.0035471621277274063 0.9999937087981099 -3.0831858017814587e-06 -0.9725640289791716 1.1877073263858087e-06 3.0874182157897934e-06 0.9999999999945286 0.0001134901311205908
1636239328793317 1606417124779173 0.9999663827956442 0.008199590280573543 1.5138075021382761e-06 3.6443431820172183 -0.00819959028547464 0.999966382791435 3.260226749023619e-06 -0.9872583280318351 -1.4870240885887076e-06 -3.272529750596038e-06 0.9999999999935396 0.00021628452026533425
1636239329042773 1606417124779173 0.9998372705954193 0.018039743114081377 1.0705687935319502e-06 5.36939206222121 -0.018039743116617258 0.9998372705930463 2.4082386646418364e-06 -0.9595536225410439 -1.0269505736372494e-06 -2.4271595594164134e-06 0.9999999999965271 0.00016968809683927055
1636239329292590 1606417126278559 0.9965229776971312 -0.08331839487841178 9.968806146240317e-07 -4.697193652738041 0.0833183948793004 0.9965229776971616 -8.858300905284569e-07 -1.1229779588513817 -9.196084972138332e-07 9.658085322417468e-07 0.9999999999991107 7.510602482354534e-05
1636239329542500 1606417126278559 0.9977838240603011 -0.06653901444545826 2.1668279693243826e-06 -3.217076297739881 0.06653901444338209 0.9977838240622743 1.0165959172062557e-06 -0.9724330941830637 -2.2296691877327756e-06 -8.701643642450078e-07 0.9999999999971357 6.38864295920202e-05
1636239329792666 1606417126278559 0.9987567879033697 -0.04984855681246295 2.263520958348612e-06 -1.8930865851627299 0.04984855680883625 0.9987567879047834 1.6313420506866697e-06 -0.8724367726537754 -2.342026968604402e-06 -1.5164806934318968e-06 0.9999999999961076 6.459844913214687e-05
1636239330042259 1606417126278559 0.9994613626486002 -0.032817443162655814 1.155274392126428e-06 -0.6839748657745819 0.032817443162192615 0.9994613626491958 4.1756269528043146e-07 -0.8359593234313741 -1.1683554582050035e-06 -3.794246287150099e-07 0.9999999999992455 3.1424529985526605e-05
1636239330292368 1606417126278559 0.9997602577271292 -0.021895823192880852 7.457247406607174e-07 0.31186580998502367 0.021895823193045165 0.999760257727381 -2.1301630682546021e-07 -0.7534221468957637 -7.408817915235387e-07 2.292934948835766e-07 0.9999999999996992 6.775574128920351e-05
1636239330542053 1606417126278559 0.9999436661480859 -0.010614355082841472 9.829980711014763e-07 1.1398486776475931 0.010614355084237179 0.9999436661475377 -1.4257760982037572e-06 -0.6816676933440761 -9.67809001256043e-07 1.436129669314764e-06 0.9999999999985004 3.1961543090760414e-05
1636239330791172 1606417126278559 0.9999874022834696 -0.00501948947456725 2.058777790091049e-06 1.898479266233867 0.005019489470733745 0.9999874022838727 1.8629453185246986e-06 -0.6838285473412165 -2.0681028886063126e-06 -1.8525878362235629e-06 0.9999999999961454 7.290320333496736e-05
1636239331040337 1606417126278559 0.9999935743439509 0.0035848675147077 4.2070228725380356e-07 2.680955177496709 -0.003584867515000994 0.9999935743437942 6.982702143077737e-07 -0.6416517943314001 -4.181963777568275e-07 -6.997738894250592e-07 0.9999999999996677 2.551531499227618e-05
1636239331289720 1606417126278559 0.9999564893687813 0.009328417233643537 -2.3755584069063696e-06 3.4430982035964437 -0.00932841724010189 0.9999564893678372 -2.722218545864828e-06 -0.6400924437096898 2.3500610544561147e-06 2.7442603004093047e-06 0.9999999999934731 -4.505791966744078e-05
1636239331539412 1606417126278559 0.9999468374394731 0.010311270425370904 1.215034758633516e-06 4.214557482177433 -0.010311270427180483 0.9999468374390788 1.4925190561585233e-06 -0.6238567151033201 -1.1995803966683773e-06 -1.5049682619952078e-06 0.999999999998148 6.788090535113592e-05
1636239331788412 1606417126278559 0.9999432582437194 0.010652712997191437 1.7887036927195758e-06 4.944722573764331 -0.010652713000068807 0.9999432582439973 1.6068377940430237e-06 -0.6507707668501268 -1.7714850166741361e-06 -1.6258011663216182e-06 0.9999999999971093 0.00011252317695552541
1636239332037722 1606417126278559 0.9999660940385201 0.008234729891893498 -1.1912454861586702e-06 5.710872902563623 -0.008234729892839448 0.9999660940389086 -7.91298308932524e-07 -0.6118070339861322 1.1846889679949539e-06 8.01081064015328e-07 0.9999999999989774 -2.867420221863188e-05
1636239332286953 1606417127779204 0.9888144331564005 -0.1491509865356012 1.2284114266945885e-06 -4.961740554192748 0.14915098653435008 0.9888144331567901 1.0543146002982753e-06 -0.6176344971127637 -1.3719230113206455e-06 -8.593027176989715e-07 0.9999999999986897 -1.5595068616154257e-07
1636239332535955 1606417127779204 0.988210818742111 -0.15309924142485962 8.029441633085913e-07 -4.130128029223868 0.153099241424245 0.9882108187422259 7.782089479732195e-07 -0.48525894251107476 -9.126213086301753e-07 -6.461043593190385e-07 0.9999999999993748 1.5390711628070758e-05
1636239332785215 1606417127779204 0.9878519178466721 -0.1553981608967305 1.0154385432900554e-06 -3.1498116540812453 0.15539816089593023 0.9878519178469755 8.248693078731396e-07 -0.3565209405270591 -1.1312860858659393e-06 -6.570514456237541e-07 0.9999999999991442 4.583175649730635e-05
1636239333034345 1606417127779204 0.9870139161586522 -0.16063476993953868 -3.1303035173342867e-07 -2.1176022605070695 0.16063476993943854 0.9870139161586654 -3.224467282897837e-07 -0.13640535576877288 3.607614693567169e-07 2.679758495064849e-07 0.999999999999899 7.594995010799504e-06
1636239333283302 1606417127779204 0.9865396973400009 -0.16352194215800456 3.1047072604489264e-06 -1.0293005034889238 0.1635219421505196 0.9865396973428823 2.5301379608529403e-06 0.11510308485685937 -3.4766500343401383e-06 -1.988393777086438e-06 0.9999999999919796 9.695733884195735e-05
1636239333532490 1606417127779204 0.9867843316622855 -0.16203913966759315 2.4634261116141725e-06 0.1436825238575554 0.16203913966609948 0.9867843316652848 7.955825437367017e-07 0.3128728550951163 -2.559785800071938e-06 -3.858969409455738e-07 0.9999999999966492 6.559226381178297e-05
1636239333781772 1606417127779204 0.9862993530847501 -0.16496540881382313 1.9893134342772762e-06 1.3620555723408623 0.16496540881148192 0.9862993530863047 1.2896179495642198e-06 0.5657158258460259 -2.1748009055722217e-06 -9.437814454398418e-07 0.9999999999971898 5.8256021730321216e-05
1636239334030833 1606417127779204 0.9856902104073585 -0.1685669276921254 2.6438993363559816e-08 2.6568655010662217 0.1685669276920217 0.9856902104065525 -1.2745275635339318e-06 0.8137452743274702 1.887825387119587e-07 1.2607460821494898e-06 0.9999999999991874 -1.4927907324738282e-05
1636239334279885 1606417127779204 0.9852084275127563 -0.17136030567156174 1.5673435404034907e-06 4.028597966344004 0.1713603056702851 0.9852084275137988 9.164240420099357e-07 1.0847281349079154 -1.701198768774626e-06 -6.342882211881875e-07 0.9999999999983518 2.518183266960081e-05
1636239334529011 1606417127779204 0.9856058436676455 -0.16905951890489304 -5.48140153088332e-07 5.385568978904367 0.16905951890518695 0.9856058436675976 5.433208089271801e-07 1.4046738938881123 4.483965834634637e-07 -6.281684748371876e-07 0.9999999999997021 -2.611691869531904e-05
1636239334777958 1606417129279226 0.9641998157141648 -0.2651767625205162 6.118031685615289e-07 -4.336575296995038 0.26517676252018196 0.9641998157142786 5.75901080466301e-07 1.6107478547848053 -7.426160864289011e-07 -3.930477321155826e-07 0.9999999999996471 1.4468478500254264e-05
1636239335027154 1606417129279226 0.9680639815769968 -0.2507032659893861 1.1297524171982933e-07 -2.9931901285543097 0.2507032659891636 0.9680639815765751 9.6968003445622e-07 2.056564948162677 -3.524692139209616e-07 -9.103890529342989e-07 0.9999999999995235 -2.2220797793383392e-05
1636239335276241 1606417129279226 0.9744507199050759 -0.22460141246222545 9.581844500489595e-07 -1.5705521060466334 0.22460141246003051 0.9744507199040281 1.986462003876167e-06 2.4107705972820423 -1.379865699021103e-06 -1.720499748859135e-06 0.999999999997568 2.3030493505970005e-05
1636239335525443 1606417129279226 0.9817090387740175 -0.1903874029173455 2.061268039081034e-06 -0.20972537609053535 0.19038740291600553 0.9817090387760906 8.296093107354935e-07 2.7358812294342707 -2.1815126274082275e-06 -4.2199549032476894e-07 0.9999999999975314 6.0669729379671574e-05
1636239335774809 1606417129279226 0.9909770855145938 -0.13403139926641336 -3.9288827842145026e-07 1.1366578859689995 0.13403139926521096 0.9909770855122885 -2.246225220058589e-06 2.9363299475029447 6.904079903924474e-07 2.1732983562664588e-06 0.9999999999974001 3.397990268791409e-05
1636239336024224 1606417129279226 0.9977047125554647 -0.0677148916337496 -3.3583009241570913e-07 2.5021083489611895 0.067714891634065 0.9977047125549583 1.0393707294879358e-06 3.0993201243845143 2.6467838950576215e-07 -1.0597257732153467e-06 0.9999999999994035 -5.042946221520248e-05
1636239336273426 1606417129279226 0.9997211268525247 0.0236150064397371 1.8709516330357817e-07 3.813009028995113 -0.02361500643992464 0.9997211268519622 1.0726308281199296e-06 3.1184508843302408 -1.617128035725287e-07 -1.076749953668702e-06 0.9999999999994073 -4.0931028267462025e-05
1636239336523136 1606417130779254 0.9989441387359917 0.04594135054034832 4.7230659145903405e-08 -5.378627558654124 -0.04594135054036068 0.9989441387359459 3.043847075775599e-07 2.6736395971966274 -3.3196945572419686e-08 -3.0623315982286274e-07 0.9999999999999526 -4.276112375621443e-05
1636239336771987 1606417130779254 0.9866940776806471 0.16258781342306922 8.414166225672046e-07 -4.217518966822927 -0.16258781342401846 0.9866940776800955 1.2196017762434337e-06 2.520379064897551 -6.319284123009263e-07 -1.3401779385870261e-06 0.9999999999989023 -7.01858141467909e-05
1636239337021341 1606417130779254 0.9576365652251998 0.2879795286937606 1.2110240418714902e-06 -3.051682664932878 -0.287979528695252 0.9576365652246068 1.3203691841971716e-06 2.2848594706117926 -7.794816084936277e-07 -1.6131839431969478e-06 0.9999999999983951 -8.840719869242762e-05
1636239337270389 1606417130779254 0.9086743718388494 0.4175055520186773 -1.1480393005236187e-06 -2.118700957614347 -0.41750555202017775 0.9086743718369245 -1.8876128136958023e-06 1.8599389521212475 2.551050604672372e-07 2.1945381696610683e-06 0.9999999999975595 8.16677861216571e-05
