1625007198668093 1606417097528152 0.9995576037099122 0.029742172190740483 7.971208797037325e-06 -4.400410944707646 -0.02974217314309047 0.999557540264627 0.0003561478910823332 -0.6539701385562291 2.62493004383142e-06 -0.00035622741364800157 0.9999999365475677 0.0004190823537457053
1625007198918727 1606417097528152 0.9995666724694799 0.029435788147857883 -4.0851821770547524e-05 -4.396668920481159 -0.029435762282839176 0.9995665324896688 0.0005320055199415715 -0.6687014927862295 5.649411561143565e-05 -0.0005305724827877489 0.9999998576506176 0.0008638560801328778
1625007199168729 1606417097528152 0.999592294233817 0.028552462983969268 -4.658743481125145e-05 -4.394890154399063 -0.028552454371103098 0.9995922800520903 0.0001761082474401363 -0.662000517696761 5.159676440084757e-05 -0.00017470626148507757 0.9999999834077479 0.001102129077992892
1625007199418105 1606417097528152 0.999490752856319 0.03190978839872106 -1.9066270341193662e-05 -4.400443696108976 -0.031909787048528954 0.9994907508116007 6.735759239869469e-05 -0.6462235286670793 2.120592737893905e-05 -6.671489011061426e-05 0.999999997549716 0.0008592825338519663
1625007199667486 1606417097528152 0.9994775287351335 0.032321346576790894 -1.0650774110632602e-05 -4.401250701676017 -0.03232134577583662 0.9994775264823539 6.832583227405484e-05 -0.6294723330008276 1.2853592268266224e-05 -6.794588663708175e-05 0.9999999976090709 3.7187113142714163e-06
1625007199916866 1606417097528152 0.9995024067615997 0.03154265165314623 -2.987186098288223e-06 -4.414165661576452 -0.03154265159589424 0.9995024066131163 1.7588461838702432e-05 -0.6299883497424914 3.5404864191253145e-06 -1.7485486168628175e-05 0.9999999998408614 0.00033631111762216835
1625007200166884 1606417097528152 0.9995170392507889 0.03107552392059189 8.053769363372878e-06 -4.420698853798659 -0.031075524147616163 0.9995170388322439 2.978991012616377e-05 -0.6294699829408678 -7.124142640782588e-06 -3.0025797873114076e-05 0.999999999523849 -0.00011008415184139654
1625007200416871 1606417097528152 0.9994306694591961 0.033739248956393235 -5.354154653140155e-06 -4.40258236900534 -0.03373924889450807 0.9994306694122431 1.125590133436568e-05 -0.6333673813390287 5.730872026460517e-06 -1.1068847849485048e-05 0.9999999999223188 0.00010426124601888911
1625007200667503 1606417097528152 0.9994523404099217 0.03309107503775323 -2.5379885901126245e-06 -4.423349216256292 -0.03309107498811075 0.9994523402599366 1.7593532115149837e-05 -0.6406233056110044 3.118787527335668e-06 -1.7499912077770162e-05 0.9999999998420132 4.8330612726178626e-05
1625007200918130 1606417097528152 0.9994690653428344 0.032582010791000086 4.074226506295043e-08 -4.425413522688016 -0.03258201078340664 0.9994690650812943 2.287571698662689e-05 -0.6313348587972699 7.046162241368108e-07 -2.286489894053975e-05 0.99999999973835 4.401794843374523e-05
1625007201168771 1606417097528152 0.999389275080025 0.034943910008598984 -3.5775098921284504e-06 -4.408352740795818 -0.034943909919379 0.9993892748354741 2.25352275507191e-05 -0.6291173728297217 4.362793980356853e-06 -2.2396452542220342e-05 0.9999999997396825 4.7631489912876114e-05
1625007201418773 1606417097528152 0.9993602504616327 0.03576436466601653 -4.665265772236199e-06 -4.407336870643395 -0.035764364551144776 0.9993602502179395 2.273885629426829e-05 -0.648449753105605 5.475521918059258e-06 -2.2557458855594435e-05 0.9999999997305898 7.35297981983579e-05
1625007201668764 1606417097528152 0.9993026663637993 0.03733873326962865 -6.972728854917685e-07 -4.403407458344219 -0.03733873325516002 0.9993026662540849 1.4860764557548433e-05 -0.6325948089166573 1.2516687775728403e-06 -1.4824366360252264e-05 0.9999999998893357 2.201038615149995e-05
1625007201918145 1606417097528152 0.9992821815352738 0.03788299972288006 1.6017923500640861e-06 -4.3983348914036835 -0.03788299974888695 0.9992821812959158 2.188532208200151e-05 -0.618662354661209 -7.71560903185803e-07 -2.1930293092850857e-05 0.9999999997592335 -4.996975582093623e-05
1625007202167527 1606417097528152 0.9992557897794073 0.03857287366553962 -3.7390937556564677e-06 -4.407841417719867 -0.03857287368259146 0.9992557897751524 -4.600905883714389e-06 -0.6342202379096451 3.558840922444356e-06 4.741709433645452e-06 0.9999999999824254 8.59381188821452e-05
1625007202416902 1606417097528152 0.9993235867768776 0.036774568741552174 -3.1200104795667567e-06 -4.408529077561852 -0.03677456878439478 0.999323586667407 -1.5012547136456819e-05 -0.6310566130018588 2.5658201162193813e-06 1.5117129491016083e-05 0.9999999998824445 9.174941430752109e-05
1625007202666910 1606417097528152 0.999434562305184 0.03362373676369131 5.97455342133791e-07 -4.411488175509106 -0.033623736764276595 0.9994345623048442 9.980902607726159e-07 -0.6243466357657043 -5.635579941662977e-07 -1.0176145840663906e-06 0.9999999999993234 -4.6864971003414085e-05
1625007202916914 1606417097528152 0.9995292759375252 0.03067941562764349 -2.240186505355346e-06 -4.363652558233345 -0.030679415672898638 0.9995292756460982 -2.41830704964481e-05 -0.6173035069793232 1.4972095240935038e-06 2.424041455618939e-05 0.9999999997050804 4.458751899061518e-05
1625007203167536 1606417097528152 0.999712109819728 0.023993696755529578 5.073587239822499e-07 -4.301474025257977 -0.02399369675494723 0.9997121098192381 -1.1244394568314526e-06 -0.6465180633135017 -5.341921197334683e-07 1.1119423303818288e-06 0.9999999999992392 -7.429202183709237e-05
1625007203417542 1606417097528152 0.9998077085103049 0.019609836948960506 -1.7397533532096476e-05 -4.202721830329318 -0.019609841469549767 0.9998076586315062 -0.0003160123253082039 -0.6594927400338082 1.1197237093507904e-05 0.0003162927217012277 0.9999999499167668 0.0005863865308285898
1625007203668798 1606417097528152 0.9999423387310834 0.010738678419966714 1.808191206543324e-06 -4.058814063183524 -0.010738678115479622 0.9999423311365405 -0.00012328024244360355 -0.6565767575949539 -3.131953809340878e-06 0.00012325371636477843 0.9999999923993561 -0.00023661587652968772
1625007203919427 1606417097528152 0.9999999539690363 0.0003034089603246254 3.0649045481223383e-06 -3.7997895892463855 -0.00030340877576491836 0.9999999521714372 -6.00391799474571e-05 -0.6241082821721762 -3.083120826695817e-06 6.003824726472475e-05 0.9999999981929516 -0.00012933671113013326
1625007204169432 1606417097528152 0.9998292669060285 -0.018478014570285937 4.4899717671044484e-06 -3.456370355541792 0.018478014660937295 0.9998292666925309 -2.1064932061006037e-05 -0.5924281903982536 -4.099967057819793e-06 2.114430134407348e-05 0.9999999997680544 -0.00017753075253634304
1625007204418807 1606417097528152 0.9990223065376839 -0.04420894748271822 2.6573836245033723e-06 -2.980370685725874 0.04420894750448928 0.9990223065016338 -8.784417299847703e-06 -0.5271391375119864 -2.2664356747307155e-06 8.893308965618488e-06 0.9999999999578861 -7.537185805272031e-05
1625007204668192 1606417097528152 0.9975660068406206 -0.06972848771477455 1.2389869436447556e-06 -2.378675823881062 0.06972848772520589 0.9975660067471336 -1.3660125935566078e-05 -0.41781836151713286 -2.8347133430252253e-07 1.3713269968343654e-05 0.9999999999059329 -2.2482231521413402e-05
1625007204917572 1606417097528152 0.9953335446060276 -0.09649422247489928 3.928226943019197e-06 -1.7066543156237124 0.09649421963420746 0.9953335036387786 -0.0002865585523747213 -0.3464149537048307 2.374134881859497e-05 0.0002856003908650783 0.9999999589343816 0.00018122949459043332
1625007205166949 1606417097528152 0.9928012094337152 -0.11977378063850684 4.793439220508299e-06 -0.9083856495479048 0.11977378062037197 0.9928012059467431 -8.337302019665247e-05 -0.2346055685785194 5.226969593438899e-06 8.334696362280628e-05 0.9999999965129812 -8.065559976744798e-05
1625007205416324 1606417097528152 0.9904940665407718 -0.13755545841287573 3.579725343604565e-06 -0.05757966040748171 0.13755545845573555 0.9904940663699585 -1.8422859932886984e-05 -0.07719084746477507 -1.0115317687277555e-06 1.8740144212979578e-05 0.9999999998238919 -0.00012739645315402635
1625007205666956 1606417097528152 0.9883283440126098 -0.15233871610347255 1.305092214969477e-06 0.9160207498605052 0.15233871610905794 0.9883283439741228 -8.722201248872814e-06 0.09818188489006756 3.886931229500278e-08 8.819214788855873e-06 0.99999999996111 -3.430485145587735e-05
1625007205917585 1606417097528152 0.9873834167319716 -0.1583476819077563 1.2661713789736474e-06 1.966890065377357 0.15834768190965703 0.9873834166301637 -1.4214346541919143e-05 0.30311192225385264 1.00061220253387e-06 1.4235505357901454e-05 0.9999999998981746 -1.5247033764386318e-05
1625007206168217 1606417097528152 0.9878732711304183 -0.1552623592016382 -2.386257611230619e-06 2.9978485239812054 0.1552623556423205 0.9878732449511539 0.00022985765215228875 0.5102982948695242 -3.333092130394361e-05 -0.00022744072670342056 0.9999999735798825 -0.0005902160490206437
1625007206418875 1606417097528152 0.9886763397032475 -0.1500636373846803 -7.094606218516564e-06 4.080011840764121 0.15006363739864365 0.988676335445336 9.200834189804836e-05 0.6876390633390216 -6.792837177388576e-06 -9.203111310478356e-05 0.9999999957420658 1.3983485217918638e-05
1625007206668847 1606417107778302 0.999124629651142 -0.041832695496871894 -4.0496998691109925e-06 -5.006904111877064 0.04183269558437012 0.9991246293505693 2.469206609691382e-05 0.3146610007410377 3.0132191984790257e-06 -2.4839861256177657e-05 0.9999999996869509 7.854597091314386e-05
1625007206918224 1606417107778302 0.9995083798365382 -0.0313528090239069 -2.70450420336492e-06 -3.845567550755951 0.03135280903526263 0.9995083798307458 4.26393243886853e-06 0.3252111313654613 2.569488355098296e-06 -4.3466300075194e-06 0.9999999999872523 5.418818727759335e-05
1625007207167606 1606417107778302 0.9998189925813346 -0.01902582659339084 -7.409487677514446e-07 -2.5605325043577616 0.019025826595223037 0.9998189925783229 2.5497391506858005e-06 0.33865543097194684 6.923037555845349e-07 -2.5633747917493222e-06 0.9999999999964749 1.4829202726638807e-05
1625007207416978 1606417107778302 0.9999658330245491 -0.008266364851411502 -3.582848183386794e-07 -1.3145625019561844 0.008266364851316443 0.9999658330245785 -2.65816438995671e-07 0.3542432899386503 3.6046991249753656e-07 2.6284564382225954e-07 0.9999999999999005 7.687225024399521e-06
1625007207666988 1606417107778302 0.999993158672226 0.003699001649739764 -6.98858998151634e-08 0.10564930136001274 -0.0036990016494995457 0.9999931586671981 3.172074723371284e-06 0.3959903073864544 8.161893133705363e-08 -3.1717945141026054e-06 0.9999999999949666 -1.6554655747321695e-08
1625007207917617 1606417107778302 0.9998360211437761 0.018108860459271865 -8.454039376186435e-07 1.6366627251930037 -0.018108860463270038 0.9998360211316139 -4.9889739745492135e-06 0.3628640069498755 7.549206756958926e-07 5.003465190233399e-06 0.9999999999871977 1.9966122986547197e-05
1625007208168248 1606417107778302 0.9992684590448819 0.03824325771999506 1.222579919414712e-06 3.1815002810671285 -0.03824325773438028 0.99926845892451 1.552294415350587e-05 0.3022203928570643 -6.280375981485639e-07 -1.5558343923037885e-05 0.9999999998787718 -3.0646077655512186e-05
1625007208418873 1606417107778302 0.998481546874637 0.055087208634158384 -4.411422326628039e-07 4.784445625955257 -0.055087208632175394 0.9984815468680938 3.671404088453296e-06 0.20245921786072696 6.427197818574916e-07 -3.641527939225424e-06 0.9999999999931631 1.0612991850010375e-05
1625007208668882 1606417109778955 0.9997647899010842 0.021687897045086935 -5.17986808842122e-07 -4.047228113636718 -0.02168789704393841 0.9997647898989769 2.128675935011038e-06 0.13455323460317378 5.640314776321069e-07 -2.1169412043487895e-06 0.9999999999976003 4.828233524131696e-06
1625007208918888 1606417109778955 0.9994143418572268 0.034219487056318984 -3.9224059912160145e-07 -2.3872851477133588 -0.03421948705551902 0.9994143418555413 1.8913988675018336e-06 0.10675222653626687 4.567335792839356e-07 -1.8768688822453678e-06 0.9999999999981344 -1.428824406088367e-06
1625007209167636 1606417109778955 0.9991070527666897 0.04225040965703164 -3.7110339095667003e-07 -0.6807014753845337 -0.042250409657298954 0.9991070527664697 -7.444951219985281e-07 0.10307893324516369 3.393167913175036e-07 7.595095974305632e-07 0.999999999999654 5.139888470552509e-06
1625007209417022 1606417109778955 0.998661053801176 0.051731031542919255 -8.340812219644583e-07 1.0375880202451617 -0.05173103154512793 0.9986610537972307 -2.8890926405319384e-06 0.07146394340371778 6.835086895602105e-07 2.9283721829209504e-06 0.9999999999954787 1.0213065417285237e-05
1625007209667021 1606417109778955 0.998241436915236 0.05927928499741472 -2.5649932166568105e-07 2.696927106557432 -0.05927928499742411 0.9982414369152678 -2.892778070858251e-08 -0.020723358335907147 2.5433343326980635e-07 4.4082005771871415e-08 0.9999999999999667 -1.0299188618471007e-05
1625007209917026 1606417109778955 0.9974922470729485 0.07077582238140345 -2.478927827088928e-07 4.377645875711601 -0.07077582238086984 0.9974922470715065 1.7358668119329604e-06 -0.12095333161750764 3.701285300154159e-07 -1.7139688712920331e-06 0.9999999999984627 -8.949517443175332e-06
1625007210167655 1606417111528979 0.9999666221865935 0.008170343747208568 -5.027576359867632e-07 -5.190950882563621 -0.00817034374938654 0.9999666221766028 -4.494132765231779e-06 -0.3425411188603264 4.660222454926049e-07 4.498090463605513e-06 0.999999999989775 2.386395281968664e-05
1625007210418279 1606417111528979 0.9999029435141157 0.01393210523363247 -1.7853733412036156e-07 -3.473223727632322 -0.013932105233779359 0.9999029435137685 -8.493702977759994e-07 -0.2840539241721245 1.666864895427441e-07 8.517752618049036e-07 0.9999999999996233 1.482873800907428e-06
1625007210668914 1606417111528979 0.9997580637961018 0.021995769573441855 -8.358181224247866e-08 -1.7141685186625895 -0.021995769573566467 0.9997580637940331 -2.0341256518610345e-06 -0.28530650580791816 3.881943165408254e-08 2.0354719695006537e-06 0.9999999999979277 3.6050779338132443e-06
1625007210918914 1606417111528979 0.9995889787739054 0.02866833650884521 -1.4835441255532527e-07 0.08269413529739304 -0.028668336508364093 0.99958897877056 2.5956607396124658e-06 -0.36192428927489756 2.2270671128778645e-07 -2.5903407937253254e-06 0.9999999999966203 -7.764286671358555e-07
1625007211168295 1606417111528979 0.9994877913743864 0.03200242018601776 5.043060698404231e-07 1.8191486625307616 -0.03200242018892706 0.9994877910885286 2.3905867171224523e-05 -0.34126957616296877 2.6099784634668655e-07 -2.3909761394554123e-05 0.9999999997141276 -9.08607157630852e-05
1625007211418296 1606417111528979 0.9993874239357167 0.034996812474646304 -4.6041133821171923e-07 3.6302079451850884 -0.0349968124739919 0.99938742393492 1.36006532949523e-06 -0.3654774812635862 5.077272525343201e-07 -1.3431192567612248e-06 0.9999999999989692 1.2173182159019006e-05
1625007211667677 1606417113028998 0.9999999699007891 0.00024536266999817727 -2.163799679899366e-07 -5.251784664921954 -0.00024536266966743267 0.9999999698996456 1.52753696577712e-06 -0.5248822276826095 2.1675476202457086e-07 -1.5274838282294737e-06 0.99999999999881 -7.0267867551184505e-06
1625007211917058 1606417113028998 0.9999994939049031 0.001006078723780301 6.867119710499582e-08 -3.433552704856067 -0.0010060787240537797 0.9999994938964798 4.104912426147313e-06 -0.4894028949369235 -6.454129729490901e-08 -4.104979437292463e-06 0.9999999999915725 -2.0087507359678002e-05
1625007212166438 1606417113028998 0.9999853021354113 0.005421763330355614 -7.253530858976544e-08 -1.5082058185866496 -0.005421763330632266 0.9999853021248052 -4.605842067277505e-06 -0.49352910800582167 4.7562456848946586e-08 4.606167640500488e-06 0.9999999999893905 2.1652978297882745e-05
1625007212416439 1606417113028998 0.9999809367468853 0.006174637421509213 2.41289443825773e-10 0.442351390788964 -0.006174637420572476 0.9999809365944881 1.745851632494577e-05 -0.4741232962986268 1.0755872338004484e-07 -1.7458184998665907e-05 0.9999999998476001 -7.474794251780814e-05
1625007212666447 1606417113028998 0.9999608029289311 0.008853960141790749 -2.7596798435928336e-08 2.374413690318918 -0.008853960141601374 0.9999608029204065 4.129412643177908e-06 -0.42477613207788945 6.415737167362663e-08 -4.129006441334453e-06 0.9999999999914736 -7.9273727880663e-06
1625007212917070 1606417113028998 0.9999484578314747 0.01015291509474356 -1.7604648037266066e-08 4.350439396511303 -0.010152915093809441 0.9999484577601746 1.194200512413533e-05 -0.4189763627297964 1.388499047402094e-07 -1.194121086877125e-05 0.9999999999286941 -4.730921090262702e-05
1625007213167701 1606417114528388 0.9999255560162998 0.012201738808843446 -7.238226266865329e-09 -5.151567481407799 -0.012201738808822301 0.9999255560153704 1.363426181356461e-06 -0.6350203204793968 2.387385757445276e-08 -1.3632363635306486e-06 0.9999999999990705 7.808717916294588e-06
1625007213418326 1606417114528388 0.9999399252833655 0.010961105270519767 1.0809727109667269e-07 -3.1372897205227472 -0.010961105270329091 0.9999399252820439 -1.6304374245093555e-06 -0.6428118782798629 -1.259621734303458e-07 1.6291546108715256e-06 0.999999999998665 8.51317226539969e-06
1625007213668956 1606417114528388 0.9999519683209745 0.009801074199101346 1.3399920370061137e-07 -1.0326982353313683 -0.009801074199017656 0.9999519683207968 -6.120339593959483e-07 -0.6123969361891693 -1.39991357741938e-07 6.106912262378164e-07 0.9999999999998037 7.736202344403375e-06
1625007213919587 1606417114528388 0.9999851528525858 0.005449227362204204 1.0688657102756891e-07 1.0426624664282431 -0.005449227362049023 0.9999851528516084 -1.4026157740287457e-06 -0.5421159026845647 -1.1452815632100344e-07 1.4020124999549757e-06 0.9999999999990106 1.0589587227754065e-05
1625007214170216 1606417114528388 0.9999999853502507 0.00017118399325271162 6.625327950348391e-08 3.133249428432537 -0.0001711839935480905 0.9999999853402025 4.483315639481705e-06 -0.484018660800383 -6.548580665873452e-08 -4.4833269152932016e-06 0.9999999999899477 -1.0117129884808104e-05
1625007214419597 1606417115778414 0.9999975299439232 0.002222635938838501 3.274716590996721e-08 -4.909394017304112 -0.002222635938730228 0.9999975299394166 -3.0024234553218085e-06 -0.5803979726220612 -3.9420379297890466e-08 3.0023432541329605e-06 0.9999999999954922 1.1324899890099617e-05
1625007214668974 1606417115778414 0.9999993890859019 -0.0011053652267668385 6.252878884636626e-08 -2.924995263170365 0.001105365226689253 0.9999993890851516 1.2264987253271431e-06 -0.5508380697898347 -6.388447968806515e-08 -1.2264288588901868e-06 0.9999999999992459 -1.3396653325355409e-05
1625007214918350 1606417115778414 0.9999644645338907 -0.00843028314558854 9.318839592260998e-09 -0.8812853042446879 0.008430283145573916 0.9999644645333321 1.056844134641497e-06 -0.4982456975133768 -1.822800373868998e-08 -1.0567280187338572e-06 0.9999999999994414 -9.003294770557223e-06
1625007215167104 1606417115778414 0.9999051565106417 -0.013772363192090417 -6.7422114841553335e-09 1.1576950375121167 0.013772363192076382 0.9999051565086501 1.99562679058466e-06 -0.4390150550204596 -2.0742924926475338e-08 -1.995530374557206e-06 0.9999999999980087 -1.1029481180314922e-05
1625007215417109 1606417115778414 0.9998587824655547 -0.016805211422732256 -3.8022561074134426e-08 3.141882417081468 0.01680521142277519 0.999858782463077 2.2258155688233106e-06 -0.3951448281490654 6.118903996364683e-10 -2.2261402218092674e-06 0.9999999999975222 -8.390794174318592e-06
1625007215666487 1606417115778414 0.9998297424275897 -0.01845226711396737 -3.017916372767673e-09 5.126095729544718 0.018452267113867687 0.9998297424216268 3.453558148015373e-06 -0.2831229460486541 -6.07085748910362e-08 -3.4530258409802415e-06 0.9999999999940364 -1.4218398919169707e-05
1625007215917120 1606417117279052 0.9999891367663638 0.004661153690018722 7.767853433778793e-08 -4.867805907220019 -0.004661153690057381 0.9999891367662394 5.042983432972455e-07 -0.405832019359138 -7.532707841380354e-08 -5.046549365723615e-07 0.9999999999998698 -3.6931622638235024e-06
1625007216167748 1606417117279052 0.9999993801227314 0.0011134444752832198 1.372427169994468e-07 -2.8804375399602917 -0.0011134444750026714 0.9999993801206846 -2.028027023093711e-06 -0.36489533309615857 -1.39500727409944e-07 2.0278729538163442e-06 0.9999999999979341 3.4233768417501754e-06
1625007216418370 1606417117279052 0.9999978214200477 -0.002087381042713542 -8.034835865152027e-08 -0.8689511108848528 0.002087381042456415 0.9999978214153188 -3.076528124309606e-06 -0.28976600029490673 8.677007008966474e-08 3.0763537041996017e-06 0.9999999999952642 6.871774233312975e-06
1625007216668377 1606417117279052 0.999973624185349 -0.0072629841029455775 -6.566930072251064e-08 1.0838158008295373 0.007262984102707809 0.9999736241805738 -3.09151747826059e-06 -0.2039000139285835 8.812121093927622e-08 3.090958981874509e-06 0.9999999999952192 3.206275777504935e-06
1625007216919008 1606417117279052 0.9998442088716 -0.01765100536351406 2.1698462718211008e-07 3.0187730472299723 0.017651005348878233 0.9998442084143788 3.0246707747748643e-05 -0.12584347021004022 -7.508356234853646e-07 -3.0238165582135704e-05 0.9999999995425448 -5.7495124380886054e-05
1625007217169639 1606417117279052 0.999240857157928 -0.03895778985972355 -2.3006034205756987e-08 4.963695024202238 0.03895778985951277 0.9992408571502015 3.931642920957328e-06 -0.037582824597270026 -1.3017954937844627e-07 -3.929554506613615e-06 0.9999999999922708 6.082483648032897e-06
1625007217419034 1606417118778455 0.9914142587596226 0.13075843197453088 -3.68065650717054e-07 -4.755205709113504 -0.13075843197501724 0.991414258757416 -2.0936758817823277e-06 -0.1993989916613422 9.113975891476092e-08 2.1238278097670102e-06 0.9999999999977405 2.2071523882600466e-06
1625007217668397 1606417118778455 0.9959364985558885 0.09005826363345652 -1.708015593136296e-07 -2.8511593982449637 -0.09005826363359745 0.995936498555162 -1.2043879693717381e-06 -0.3298506313419171 6.164241766779671e-08 1.2148760289739097e-06 0.9999999999992601 -2.5797801085575053e-06
1625007217917778 1606417118778455 0.9989350436534231 0.04613868835975152 1.4285884459954351e-06 -0.9407908864104668 -0.046138688370786156 0.9989350436132801 9.012357188862099e-06 -0.4424143542425705 -1.011248721879934e-06 -9.068672618975843e-06 0.9999999999583683 2.994360891351911e-05
1625007218167781 1606417118778455 0.9999803480572257 -0.006269250643259759 -4.3261691799331994e-07 0.9494432725657009 0.006269250642095351 0.9999803480538357 -2.6422203331844442e-06 -0.4719018612025381 4.491731577514312e-07 2.6394562245248474e-06 0.9999999999964158 -2.9780815496304066e-06
1625007218417155 1606417118778455 0.9980303437845489 -0.06273302863030925 -2.93757783278972e-06 2.833799607344552 0.0627330285209563 0.9980303433852441 -2.8624911344597243e-05 -0.3492337740717079 4.72751919609017e-06 2.8384246956020315e-05 0.9999999995859925 -0.00020015060762538974
1625007218667163 1606417118778455 0.9927033469680456 -0.12058218484919697 -4.024797437489655e-05 4.7147106797377125 0.12058214731829434 0.992703213338904 -0.000525337214403172 -0.11511905520376922 0.00010330060258743636 0.0005166508238484084 0.9999998612004463 -0.005143896128242239
1625007218917167 1606417120279103 0.9880247683591323 0.15429535110266582 -4.1730723972696377e-05 -4.59018207166595 -0.15429535586361687 0.9880247554964123 -0.0001602798780533062 -0.38065473692393564 1.6500548290847397e-05 0.00016479934629169346 0.9999999862844536 -0.0017867721657279009
1625007219167795 1606417120279103 0.9954080450017958 0.09572264066195467 -3.856215926925437e-06 -2.802705379070409 -0.09572264073858833 0.9954080443711105 -3.543695304800767e-05 -0.5643862856279594 4.463896317236084e-07 3.5643355326041665e-05 0.999999999364676 -0.00043202849269037357
1625007219418424 1606417120279103 0.9993548167279288 0.03591587792485164 2.0136187794277335e-07 -0.9053224342235848 -0.03591587792309355 0.9993548167113562 -5.769768314694973e-06 -0.6313933645480908 -4.084582570685123e-07 5.75881366805519e-06 0.9999999999833347 -8.80775838389052e-05
1625007219669057 1606417120279103 0.9998212808996909 -0.018905191458939215 6.837996298251513e-07 0.9985531218051403 0.018905191459095232 0.9998212808998969 -2.225223712504369e-07 -0.600657878702114 -6.794705937367538e-07 2.3540996517342766e-07 0.9999999999997414 1.2609820189381844e-06
1625007219918432 1606417120279103 0.99715458219071 -0.0753839453753356 -4.298577939569795e-07 2.7826241409319863 0.07538394537290624 0.9971545821823038 -4.16113317516245e-06 -0.4842798181696713 7.42317304905259e-07 4.1168886362520535e-06 0.9999999999912501 -9.576698608632222e-05
1625007220168433 1606417120279103 0.9904716436694116 -0.137716822052986 3.86083063564854e-06 4.623656007609428 0.13771682198176285 0.9904716435748072 1.4897265495698253e-05 -0.3123065489686158 -5.875647326588818e-06 -1.4223617716320756e-05 0.9999999998815827 0.00044605238611735207
1625007220417810 1606417121777871 0.9829337385511534 0.18395995655761074 2.374982811420138e-06 -4.365223286128116 -0.18395995656496675 0.9829337385468394 3.378529439572459e-06 -0.5244660715421737 -1.7129366048774962e-06 -3.7577723076670904e-06 0.9999999999914725 5.884292319575073e-05
1625007220667195 1606417121777871 0.9941208454421085 0.10827624237015503 3.638393362968142e-07 -2.494611831480955 -0.10827624237026279 0.9941208454421208 2.9053199511389304e-07 -0.7017119067324404 -3.3024255588451545e-07 -3.282190687705821e-07 0.9999999999998916 -1.8227510775522755e-05
1625007220916574 1606417121777871 0.9995135295095428 0.031188208209737084 -7.125485658246314e-07 -0.6151301835862972 -0.03118820821149679 0.9995135295063377 -2.6085891875501802e-06 -0.7128078810908386 6.308447092556606e-07 2.629543298914583e-06 0.9999999999963438 -9.806493885989151e-05
1625007221166579 1606417121777871 0.9991994568081148 -0.04000556835847346 4.376003716252509e-06 1.248599230915902 0.040005568335862655 0.9991994568053923 5.137958922051278e-06 -0.64387737719377 -4.578047503126806e-06 -4.958781248296452e-06 0.999999999977226 0.00028531450884378807
1625007221416581 1606417121777871 0.9930569250501057 -0.11763478912953482 9.717374276129612e-07 3.0604720654292317 0.11763478912942707 0.9930569250505794 1.6745469896665293e-07 -0.4021395260958115 -9.846890800213813e-07 -5.1981921054476825e-08 0.9999999999995138 -1.655916645323817e-05
1625007221667213 1606417121777871 0.9841247689499948 -0.1774779962216609 8.538224380850895e-07 4.987634090870895 0.17747799622191457 0.9841247689502921 -2.306001997951517e-07 0.0043067473552275 -7.993413482153212e-07 3.78474063783033e-07 0.9999999999996089 -2.228073929444336e-05
1625007221917212 1606417123279142 0.9983237708618463 0.05787613713419719 3.58758020855084e-05 -3.8284296868071195 -0.05787613902594885 0.9983237699283175 5.4148185938547535e-05 -0.7547678205496637 -3.2681778152186595e-05 -5.6133774080542144e-05 0.9999999978904504 3.887199576286712e-05
1625007222168468 1606417123279142 0.9995990815944991 0.02831387690159851 2.1323714579570855e-05 -1.8405563618198413 -0.028313877691612588 0.9995990810884166 3.770573986833868e-05 -0.6439536640964904 -2.0247569821969596e-05 -3.829437998968378e-05 0.9999999990617882 -0.000653113548116771
1625007222418478 1606417123279142 0.9999471944231132 0.010276585368407445 1.2766197954363153e-05 0.2658017489847014 -0.010276585684988964 0.9999471941892001 2.498540000632048e-05 -0.6487562921351494 -1.250875922877242e-05 -2.5115273564952984e-05 0.999999999606377 -0.0011999822347022295
1625007222669104 1606417123279142 0.9999994284782603 -0.00106899406470289 1.730051935086555e-05 2.297080753454556 0.0010689935375107755 0.9999994281647778 3.0453226730291722e-05 -0.6611328525065199 -1.7333063776408388e-05 -3.043471518215977e-05 0.9999999993866465 -0.0007686085868008533
1625007222919102 1606417123279142 0.9999985306999376 -0.001714144976003746 1.759069680035052e-05 4.428571638238747 0.0017141443921080328 0.9999985303060269 3.315500111802659e-05 -0.6698138161976006 -1.7647503425966586e-05 -3.312479940903346e-05 0.9999999992956566 -0.0007502570852781599
1625007223168489 1606417124779173 0.9995132996637061 -0.031195571348221342 -1.1317863917550233e-05 -4.593497247477852 0.031195571007402518 0.9995132993138118 -2.9134273239150675e-05 -0.8929450642996328 1.222121580489854e-05 2.8767026351011235e-05 0.99999999951155 -0.0005484056390363317
1625007223417239 1606417124779173 0.9997143060105557 -0.023902015629280987 -3.340130926623902e-06 -2.5075054591920507 0.023902015583482948 0.9997143059309078 -1.3137554106431316e-05 -0.8246316624609031 3.653190694602436e-06 1.3053964924698934e-05 0.999999999908124 -5.6093352425401524e-05
1625007223667248 1606417124779173 0.9999768776806814 -0.006800301770377899 -2.0718968358722064e-06 -0.36521607097125247 0.006800301757872456 0.9999768776650073 -5.9841309827304956e-06 -0.7166893733895645 2.112542825290798e-06 5.969903092034634e-06 0.9999999999799487 2.417307384216299e-05
1625007223916617 1606417124779173 0.9999579779431945 0.009167461454662988 1.643336920731767e-06 1.7358578298426615 -0.00916746145869054 0.9999579779414811 2.4602537628945313e-06 -0.6486710038770771 -1.620713582787849e-06 -2.475215605850092e-06 0.9999999999956233 0.00021779591085921226
1625007224167252 1606417124779173 0.9996001093126575 0.028277578851157063 -9.514890689417775e-07 3.8457691600435404 -0.028277578854581074 0.9996001093057854 -3.8013099227434155e-06 -0.5829983784999668 8.436167362375003e-07 3.82669562147334e-06 0.9999999999923224 -7.380960947109389e-06
1625007224417878 1606417126278559 0.9977658911253628 -0.06680738362031556 2.254787017079726e-06 -5.7784085971470835 0.06680738361217876 0.9977658911222836 3.5093531408055928e-06 -0.9388187203253157 -2.4842002789189196e-06 -3.3508764425881965e-06 0.9999999999913002 0.00012975994703790726
1625007224668512 1606417126278559 0.9991274968100302 -0.04176416073697027 7.246964486223734e-07 -3.6737786483738044 0.041764160737730226 0.9991274968096909 -1.067358382945579e-06 -0.8212397263950838 -6.794868215881346e-07 1.0966934483154969e-06 0.9999999999991678 7.329921992219877e-05
1625007224919135 1606417126278559 0.9997815682889157 -0.020900136636532427 1.6720832150183946e-06 -1.58813241514286 0.02090013663428258 0.999781568289447 1.3518430130646258e-06 -0.6835898105139925 -1.6999716827019453e-06 -1.3166009600214538e-06 0.9999999999976883 0.00010854006851216774
1625007225169142 1606417126278559 0.9999959150587596 0.002858297977696352 1.7118247935458197e-06 0.4914138044989427 -0.0028582979810409205 0.9999959150583049 1.9545171953194444e-06 -0.518385293708337 -1.7062312082907485e-06 -1.9594021165784895e-06 0.9999999999966248 6.176538948517773e-05
1625007225419151 1606417126278559 0.9996225333014144 0.027473458464254176 7.35664416165155e-07 2.5182147885059023 -0.027473458464887048 0.9996225333012938 8.643582548645749e-07 -0.541718984757601 -7.116398167317824e-07 -8.842432341873512e-07 0.9999999999993558 8.554819259191671e-05
1625007225667900 1606417126278559 0.9989095820328051 0.04668668894560753 1.675814455118411e-06 4.563616060218319 -0.04668668895086723 0.9989095820286773 3.250123600742822e-06 -0.5911166826515051 -1.5222496073338863e-06 -3.3248178357710265e-06 0.9999999999933141 9.296099428719688e-05
1625007225917898 1606417127779204 0.9964345311422409 -0.08436957475490017 2.735931094411437e-06 -4.835690643866942 0.08436957474602019 0.9964345311415674 3.21333750997024e-06 -0.7073612218082463 -2.997284136548965e-06 -2.97105111217243e-06 0.9999999999910946 0.00012176970962218554
1625007226167907 1606417127779204 0.9975984046756445 -0.06926343178545638 3.2211758112375e-06 -2.8693568184888156 0.06926343177665029 0.9975984046776117 2.7695298732535514e-06 -0.4692194588205743 -3.4052669939229235e-06 -2.5397688922113636e-06 0.9999999999909769 0.00014223953100038223
1625007226417909 1606417127779204 0.9983010179508208 -0.058267293991906846 3.6988023360623154e-06 -0.9133789813028157 0.05826729397157137 0.9983010179443292 5.3862354517126174e-06 -0.31105628683745606 -4.006359501831489e-06 -5.1615651312979105e-06 0.9999999999786536 0.00013129341025157532
1625007226668542 1606417127779204 0.9988200507413164 -0.04856445443058379 2.727537125903795e-06 1.0407489837163566 0.048564454423492484 0.9988200507419787 2.6086001437761343e-06 -0.1390375355679238 -2.8510040132995235e-06 -2.473060775525425e-06 0.9999999999928779 0.00012227779571059885
1625007226919168 1606417127779204 0.9983187222420046 -0.05796316773404392 3.4339215687350083e-06 3.005415112636108 0.057963167721801385 0.9983187222422611 3.5634952682589846e-06 0.04119467629195083 -3.6346996667251305e-06 -3.358463071084138e-06 0.9999999999877548 0.00013667871451739482
1625007227169175 1606417127779204 0.9977708369448357 -0.06673347688092421 3.201724342857672e-06 4.932601242751233 0.06673347686781918 0.9977708369426742 4.038918655078429e-06 0.25975364368986986 -3.4641182619177078e-06 -3.816253049449968e-06 0.9999999999867181 0.00010091055634758273
1625007227418552 1606417129279226 0.9851484541564274 -0.17170475610020336 3.199473383738773e-06 -4.238304883212616 0.17170475609120409 0.9851484541589104 2.9042196726666745e-06 0.37746291336888427 -3.650624588661323e-06 -2.3117227240779343e-06 0.9999999999906645 0.00010204536560003076
1625007227667935 1606417129279226 0.9840326723011058 -0.17798792047744913 3.538844563071583e-06 -2.4159196982728033 0.177987920465271 0.9840326723034349 3.503449870456632e-06 0.7818984310287033 -4.105910429196208e-06 -2.8176375536611694e-06 0.9999999999876013 8.243830880951077e-05
1625007227917315 1606417129279226 0.9837601749515971 -0.17948793325331722 3.4812566970052965e-07 -0.6181229456935254 0.17948793325303197 0.9837601749514425 7.26287880929368e-07 1.1041417090642396 -4.7283208042356926e-07 -6.520087358399683e-07 0.9999999999996757 1.0472299771364645e-05
1625007228166688 1606417129279226 0.9842586906066488 -0.17673378275890453 -1.216062003782612e-06 1.0646296025724264 0.17673378275540313 0.9842586906047172 -2.5531984637886605e-06 1.460193039502477 1.6481560181731374e-06 2.2980885388287864e-06 0.9999999999960012 -4.297564198177946e-06
1625007228416690 1606417129279226 0.9863490233487825 -0.16466816371974408 -7.322753462212245e-07 2.742016748374987 0.16466816372113 0.986349023329951 6.101471389914516e-06 1.7374358645899268 -2.82439017211243e-07 -6.138762783019517e-06 0.9999999999811179 -4.591994246324847e-05
1625007228666696 1606417129279226 0.990520134261784 -0.13736762215758805 3.0418868677313307e-06 4.399953961584943 0.13736762214226428 0.9905201342570625 4.776612725447641e-06 2.0284059637424847 -3.669202120674259e-06 -4.313474312271279e-06 0.9999999999839655 2.7589398710581677e-05
1625007228917956 1606417130779254 0.9861837596632755 -0.1656550397081835 3.90885703747173e-07 -4.314075526998857 0.16565503970791515 0.9861837596631896 6.406929660289399e-07 2.025965887224775 -4.916191516471588e-07 -5.670888112514748e-07 0.9999999999997183 -6.927993348959186e-07
1625007229167957 1606417130779254 0.9951920870217597 -0.09794238068003998 6.824738508934667e-07 -2.7258424381576627 0.09794238067834422 0.99519208701976 2.185757072433711e-06 2.1837809363024023 -8.932708272674821e-07 -2.1084050289259447e-06 0.9999999999973783 -1.5342204538631613e-05
1625007229418582 1606417130779254 0.9999996039913658 0.0008899557917801236 5.152604786524698e-07 -1.1653079858609454 -0.0008899557923882745 0.9999996039908003 1.1811295320155672e-06 2.331749107150536 -5.142091215354955e-07 -1.181587623323035e-06 0.9999999999991698 -1.2917060549223655e-05
1625007229669213 1606417130779254 0.9929248706804328 0.11874426802434679 -2.708884455311689e-07 0.30510879967186105 -0.11874426802464523 0.9929248706787236 -1.842938467829271e-06 2.180297133021132 5.0133495370988154e-08 1.8620658900181488e-06 0.999999999998265 4.1082847655233254e-05
1625007229919822 1606417130779254 0.9678526800253757 0.251517772278656 -3.8153080638786196e-07 1.6524890626577227 -0.2515177722789159 0.9678526800248831 -9.837514835230768e-07 1.8879892804351406 1.218346318627274e-07 1.0480882882828625e-06 0.9999999999994433 3.8949336225942754e-05
1625007230169847 1606417130779254 0.9188233386829949 0.394669066808752 4.5669360767439567e-07 2.93818741283722 -0.3946690668088672 0.9188233386830384 1.9392396173000476e-07 1.3912692204479171 -3.430849563499868e-07 -3.584247019250247e-07 0.9999999999998769 -2.176263989024303e-05
1625007230419854 1606417132528647 0.9963737276805241 -0.08508463310866844 -1.116187941191685e-06 -4.751616972338775 0.08508463311117849 0.9963737276779557 2.43642031136314e-06 -0.044346564687030354 9.048384114614829e-07 -2.5225556292832183e-06 0.999999999996409 -0.00012044508832147256
1625007230669232 1606417132528647 0.9945269903547066 0.10447997635464114 -1.186826949468234e-06 -3.539418177444249 -0.10447997635761229 0.9945269903511541 -2.80238651353657e-06 -0.0472921558786514 8.875381574494376e-07 2.9110486767326625e-06 0.999999999995369 0.0001669767840623648
1625007230917994 1606417132528647 0.956660720504335 0.2912048520314779 -1.3846107983360881e-06 -2.4843888028736183 -0.2912048520347289 0.9566607204959056 -4.018918715185985e-06 -0.4023242118998693 1.5427413415999672e-07 4.247947056363844e-06 0.9999999999909656 0.0002587274567096548
1625007231167988 1606417132528647 0.8756202032804677 0.4830002687478056 1.041765158260665e-06 -1.5268229796019366 -0.48300026874587626 0.8756202032652278 5.444041562353624e-06 -0.9824806096558575 1.7172829180563554e-06 -5.27008563089362e-06 0.9999999999846385 -0.00044535619205930666
1625007231417365 1606417133529918 0.9986584683777038 0.05178091869476659 -1.0441419823553194e-06 -3.037934197506012 -0.051780918691175994 0.9986584683732637 3.214052238111975e-06 -2.6347469446674476 1.2091678104828983e-06 -3.155673854301405e-06 0.9999999999942898 -0.0002953451871554679
1625007231667371 1606417133529918 0.9643919797718254 0.2644770488268702 2.716243749393947e-07 -2.079988317744031 -0.2644770488265921 0.9643919797716191 -7.865320929948541e-07 -2.925942903873893 -4.6997205546388237e-07 6.86686829242513e-07 0.9999999999996538 0.00012806813286085807
1625007231917999 1606417134279918 0.9968158198315967 -0.07973845582746951 -4.2154706501407886e-07 -1.6846979432073403 0.07973845582843388 0.996815819826043 3.331045973856925e-06 -3.8872969384472373 1.54592320961268e-07 -3.354052835342673e-06 0.9999999999943632 -0.0006319407085879435
1625007232168627 1606417134279918 0.990384006057093 0.13834565598331866 4.61680525679287e-06 -0.6877037221715693 -0.13834565594387924 0.9903840060411835 -7.983725641467839e-06 -4.062690608329457 -5.676923846381555e-06 7.268239232425266e-06 0.9999999999574726 0.000987672432272029
1625007232419254 1606417135029312 0.97216796778636 -0.2342849595872642 -1.1215992171731475e-05 0.09331247929662805 0.23428495944407854 0.9721679678020948 -1.2739571932543342e-05 -3.9618453975241295 1.3888518411820341e-05 9.757265485027816e-06 0.9999999998559524 -0.0008408773893978495
1625007232670513 1606417135029312 0.9996402800614146 -0.02681996167115747 -1.179660667494135e-05 1.0937977216541335 0.026819961567558264 0.9996402800945848 -8.854369122135249e-06 -3.9633924914974856 1.2029837041155121e-05 8.534799491349819e-06 0.9999999998912201 -0.0010486705824971111
1625007232920517 1606417135779944 0.9317969261026692 -0.3629799668657618 -0.00017934383975329725 1.0097115047911251 0.3629799569491829 0.931796943237528 -8.620228224719853e-05 -2.878447344229614 0.00019840174322400167 1.5224802388187318e-05 0.9999999802024766 -0.0014351270462504043
1625007233171145 1606417135779944 0.9841985996782799 -0.1770679515211717 -0.00023862077513820226 1.9152037956075383 0.17706793432418932 0.9841986274429041 -9.153214360533493e-05 -2.7920175979965953 0.00025105764853635836 4.7833719821256685e-05 0.9999999673409956 -0.002375412193178279
