1607108459751583 1606417097528152 0.9996180773077521 -0.02763511302623853 -7.21425303269658e-06 9.584338184844867 0.027635112900691115 0.9996180771934128 -1.695804459764871e-05 2.7663822856276647 7.680135224073735e-06 1.6752201238510605e-05 0.9999999998301896 0.000552823983012118
1607108460001584 1606417107778302 0.997114966015104 0.07590615425805627 -1.7289175361327262e-05 -0.3134361932776829 -0.07590615472636972 0.997114965728693 -2.8266392113693135e-05 1.8130643285441816 1.509370237775281e-05 2.9497197431817113e-05 0.9999999994510478 0.0003779777187005828
1607108460251588 1606417107778302 0.9970852328253947 0.07629573018517853 6.442386911723769e-06 -0.10982888678768292 -0.07629573026132212 0.9970852327615092 1.2541279921509279e-05 1.8246168296298417 -5.46676274433533e-06 -1.2996251624493457e-05 0.999999999900606 -0.00014339776742462777
1607108460501598 1606417107778302 0.9969385193369621 0.07818944088454818 -9.23669143706236e-07 0.2084103926466407 -0.07818944088737245 0.9969385193307667 -3.5726466228747883e-06 1.7655548129944105 6.414981065559352e-07 3.633930208226183e-06 0.9999999999931916 6.580541532631114e-05
1607108460751644 1606417107778302 0.9969380985306382 0.07819480610953555 2.707209932304874e-07 0.6460335354581829 -0.07819480610907437 0.9969380985296921 -1.4253130231605363e-06 1.7199281825479582 -3.8134414771385624e-07 1.3997798795421808e-06 0.9999999999989476 -2.7073958550729774e-06
1607108461001603 1606417107778302 0.996813283287467 0.07977015898557935 1.241368039784065e-06 1.1412464460019864 -0.07977015899362898 0.9968132832455091 9.15994295702818e-06 1.6918719646165667 -5.067220454710972e-07 -9.229776939603745e-06 0.9999999999572772 -4.072439247464101e-05
1607108461251604 1606417107778302 0.996427869278003 0.08444821685838395 6.086043408829191e-08 1.8004767298473412 -0.08444821685839825 0.9964278692779609 2.9133267354716397e-07 1.6333486663488785 -3.604050786820403e-08 -2.954315502889894e-07 0.9999999999999557 -1.0453175907136003e-06
1607108461501607 1606417107778302 0.9957912872474488 0.09164994406102378 3.8166127666830557e-07 2.5266029686074463 -0.0916499440606133 0.9957912872470758 -9.815650901506959e-07 1.5983416659041707 -4.7001535958940975e-07 9.42454729979463e-07 0.9999999999994454 1.0289646978943573e-05
1607108461751615 1606417107778302 0.9951145350756406 0.09872721046210955 1.6623702875475305e-07 3.3243777388895244 -0.09872721046195457 0.9951145350753724 -7.690401966242473e-07 1.5501037317223931 -2.413500769270027e-07 7.488709595921045e-07 0.9999999999996905 3.5796930232773084e-06
1607108462002244 1606417107778302 0.9939826349646178 0.10953776240691239 3.8459618044460103e-07 4.216057011015081 -0.10953776240698519 0.9939826349646688 1.733877336251722e-07 1.4333139314928787 -3.6328942046475356e-07 -2.144722013749878e-07 0.999999999999911 4.438125514870317e-06
1607108462251630 1606417109778955 0.997091104127628 0.07621896138071887 2.4039746291858554e-07 -5.3449994801947165 -0.07621896138109795 0.9970911041228072 3.100485890325951e-06 1.201059973369446 -3.3823573935933057e-09 -3.1097897446525965e-06 0.9999999999951646 -1.1147239910955646e-05
1607108462502253 1606417109778955 0.996617723915623 0.08217732279469321 7.259548454997831e-08 -4.3285053487820635 -0.08217732279470097 0.9966177239142582 1.65039349266009e-06 1.1441884639334148 6.327497220579685e-08 -1.6507771087836697e-06 0.9999999999986354 -1.2424144343572925e-05
1607108462752252 1606417109778955 0.9960682547367402 0.08858911846292412 3.633230814644029e-07 -3.2604075167750777 -0.08858911846364514 0.9960682547250682 4.822433822084994e-06 1.063290431276631 6.532057348857656e-08 -4.835659712241256e-06 0.999999999988306 -2.9754786960404716e-05
1607108463002259 1606417109778955 0.9958160288140555 0.09138072423199455 -5.529049513442566e-07 -2.148915975064726 -0.09138072423307803 0.9958160288111347 -2.4339940663794947e-06 0.9770629583856328 3.2817147239478194e-07 2.4743351602193716e-06 0.9999999999968849 9.956655492340577e-06
1607108463252261 1606417109778955 0.9957112527155079 0.09251541070999814 1.1574770778718177e-06 -0.9767027323960339 -0.0925154107171735 0.9957112526219964 1.3646704582590063e-05 0.9225808097290131 1.1001752820710686e-07 -1.3695261782593661e-05 0.9999999999062138 -6.551159321603492e-05
1607108463502262 1606417109778955 0.9957477644298456 0.09212160244706702 -1.2029737035898498e-07 0.2144619538758432 -0.09212160244640219 0.995747764426207 2.717175901433391e-06 0.8387839587251784 3.7009643577108215e-07 -2.6945398428813756e-06 0.9999999999963013 -8.52288094070026e-06
1607108463752263 1606417109778955 0.9956711363790552 0.09294615745569787 -5.715896347275853e-07 1.4821521554399473 -0.09294615745701269 0.9956711363744669 -3.0362974186445753e-06 0.751527080157349 2.8690312319277253e-07 3.0762807613899546e-06 0.999999999995227 8.109228289765746e-06
1607108464002272 1606417109778955 0.9956965785275057 0.09267320817240335 3.440801421228086e-07 2.7824115720869993 -0.092673208173042 0.9956965785208453 3.6418816192324556e-06 0.6452285265751275 -5.094566810254373e-09 -3.658096078302958e-06 0.9999999999933091 -2.3290554233270317e-05
1607108464252275 1606417109778955 0.995220502388567 0.09765322129817303 6.347938587331602e-08 4.119921810631547 -0.09765322129788827 0.9952205023836175 3.1481215690889217e-06 0.5530766160126682 2.442482259594007e-07 -3.139274096078492e-06 0.9999999999950426 -1.9819634002112445e-05
1607108464502275 1606417111528979 0.9995043024185081 0.03148252612620987 -2.635486002853302e-07 -5.741815198244182 -0.03148252612498785 0.9995043024114083 3.786635083845262e-06 0.2535134600315559 3.8263079783641207e-07 -3.7764608822900892e-06 0.999999999992796 -1.225907076141811e-05
1607108464752279 1606417111528979 0.9993058214919799 0.03725419622927109 -1.2517354154977606e-07 -4.282386080790488 -0.0372541962277287 0.9993058214719162 6.342682387049277e-06 0.2658824669218987 3.613781830312251e-07 -6.3336161935594335e-06 0.9999999999798773 -2.5097835923780025e-05
1607108465002282 1606417111528979 0.9991961594975808 0.04008783912793027 -1.9502853093346413e-06 -2.7964098895097065 -0.04008783916914866 0.999196157302806 -6.62308065204541e-05 0.2435340089952758 -7.063323303723432e-07 6.62557502393317e-05 0.9999999978048383 0.00029373953331430515
1607108465251665 1606417111528979 0.9990877705236507 0.042703943383066816 3.752654182434857e-06 -1.257698812045487 -0.04270394352136968 0.9990877629436181 0.00012307926561108896 0.23558618240558576 1.5067391180521558e-06 -0.00012312724220905812 0.999999992418706 -0.0005372048205307844
1607108465502294 1606417111528979 0.9988452870036797 0.04804261269283384 -8.054665907176119e-07 0.3398326958733241 -0.04804261267992428 0.9988452869341746 1.1863324237283649e-05 0.2010922410739877 1.3744815994994638e-06 -1.1810928783136462e-05 0.9999999999293063 -6.525146661026595e-07
1607108465751673 1606417111528979 0.9986293245762571 0.052339966571028296 -4.214950168948823e-07 1.8283018084737335 -0.052339966570951385 0.9986293245763316 1.9165310654396465e-07 0.1495409497927974 4.3094840122280863e-07 -1.6932937724646174e-07 0.9999999999998928 1.672280333952884e-05
1607108466002299 1606417111528979 0.998541201930038 0.05399507433378208 -5.197701110437543e-07 3.4127014717413267 -0.05399507433566707 0.9985412019183777 -4.83243780872337e-06 0.09218897218243984 2.58084032706905e-07 4.853453283547222e-06 0.9999999999881887 2.9494954174023175e-05
1607108466252299 1606417111528979 0.998473222745568 0.05523788070036779 -5.261023423688076e-07 5.001018334867783 -0.05523788070189558 0.998473222625943 -1.545937753741317e-05 0.05373623119650839 -3.2864415089680003e-07 1.5464835289811595e-05 0.9999999998803655 7.301177365468599e-05
1607108466502307 1606417113028998 0.9998535980703231 0.01711088630554962 3.6477359251347477e-07 -4.083374277268753 -0.017110886303190725 0.9998535980541425 -5.706974872073779e-06 -0.1551527458071236 -4.6237158713335175e-07 5.699897760459262e-06 0.9999999999836486 1.59882008546447e-06
1607108466752307 1606417113028998 0.9998966228067019 0.01437858491252549 3.616650250129472e-07 -2.4846295200079256 -0.014378584912279441 0.9998966228065433 -6.741437179408875e-07 -0.1135132925919841 -3.713208697885191e-07 6.688737955820038e-07 0.9999999999997073 -1.5656432129918302e-05
1607108467002314 1606417113028998 0.9999439821676387 0.01058454208658262 8.931623660480184e-08 -0.7998451992430997 -0.010584542085927419 0.999943982152374 -5.527116658344252e-06 -0.1243841084788136 -1.4781323218883178e-07 5.525861669772206e-06 0.9999999999847216 8.555041056273195e-06
1607108467252313 1606417113028998 0.9999714705220862 0.0075536842858160225 2.690268459297839e-07 0.8951117047224616 -0.00755368428549889 0.9999714705214503 -1.1611731052147887e-06 -0.11664392853981984 -2.777903057715087e-07 1.1591078336912638e-06 0.9999999999992897 -5.7251147483058765e-06
1607108467502326 1606417113028998 0.999977098294038 0.006767783381497134 -4.778721332066872e-08 2.5986146571952062 -0.006767783381004321 0.9999770982700867 6.921705412005624e-06 -0.18047791931043033 9.46307217696934e-08 -6.9212234796199325e-06 0.9999999999760438 -3.803072785631417e-05
1607108467752324 1606417113028998 0.9999716044297389 0.007535936481101566 1.7863716036475352e-07 4.326490601317179 -0.007535936480948599 0.999971604429401 -8.423788127098179e-07 -0.10759327706708145 -1.8498020108585425e-07 8.410086945875305e-07 0.9999999999996293 -9.244028592680165e-09
1607108468002329 1606417114528388 0.9999196762151553 0.012674427886158322 5.373376804040447e-08 -5.422064164124774 -0.012674427886247982 0.9999196762125544 2.2807257185680922e-06 -0.24114095503413657 -2.4822558292490887e-08 -2.281223566809175e-06 0.9999999999973977 -5.055565858579252e-06
1607108468252327 1606417114528388 0.9999484353162811 0.01015513234699911 4.350828689511336e-08 -3.6725375210359785 -0.010155132346986617 0.9999484353162427 -2.796874441529986e-07 -0.2441369543557123 -4.634630641512568e-08 2.792311897461662e-07 0.9999999999999599 7.280305516864694e-06
1607108468502329 1606417114528388 0.9999496045238496 0.010039343457426757 7.695657894626673e-08 -1.7916581889352337 -0.01003934345694814 0.9999496045125782 -4.749416566740661e-06 -0.23350280493316378 -1.246337248176256e-07 4.748404624093427e-06 0.9999999999887186 2.4577883127092765e-05
1607108468751756 1606417114528388 0.9999670099361758 0.008122748532468839 2.1876840890071246e-07 0.007084434801560873 -0.0081227485324311 0.9999670099361848 -1.73127739640984e-07 -0.20870161330302525 -2.2016746480954926e-07 1.7134502737307997e-07 0.999999999999961 5.355294704754508e-06
1607108469001714 1606417114528388 0.9999095949836657 0.013446258366462871 -9.589843605667545e-08 1.8436896598047168 -0.013446258366327379 0.9999095949828316 1.2964465607957634e-06 -0.18596544004674007 1.1332212177144305e-07 -1.2950398803722211e-06 0.999999999999155 -8.914716745495483e-07
1607108469251718 1606417114528388 0.9999008110997614 0.014084316330754137 1.4752539465857217e-08 3.672657040442452 -0.014084316330647769 0.9999008110868907 5.07358761128026e-06 -0.1261637106681327 5.670693667144759e-08 -5.073292147126023e-06 0.9999999999871293 -1.5003256737776875e-05
1607108469501720 1606417115778414 0.999615065173186 0.027743854874049168 -1.9829841999110823e-08 -4.573574727343587 -0.027743854873731023 0.999615065164671 4.128067501863217e-06 -0.27717804429031745 1.3435071448381877e-07 -4.125928308646507e-06 0.9999999999914794 -1.612649938330388e-05
1607108469751731 1606417115778414 0.9995304269685897 0.030641892357795956 1.089688109084377e-06 -2.7742368021067128 -0.03064189234431435 0.9995304236178818 8.185525445878885e-05 -0.3127449050685401 1.4190234787583066e-06 -8.185020754436047e-05 0.999999996649265 -0.00033238013548543853
1607108470001733 1606417115778414 0.9996220875597005 0.027489672001842148 -6.950358452333652e-07 -0.9836871069943508 -0.027489671993371705 0.9996220875085485 1.0159419694837115e-05 -0.3262974911725664 9.740522976433842e-07 -1.0136474016316483e-05 0.9999999999481516 2.4964264020712954e-06
1607108470252366 1606417115778414 0.9997126241682219 0.0239722565299262 -1.2838268761831568e-07 0.8360662982436144 -0.02397225652925671 0.9997126241608683 3.840739244241773e-06 -0.3655097769223348 2.2041697996276918e-07 -3.836557885876747e-06 0.9999999999926161 -3.733557669460136e-06
1607108470502363 1606417115778414 0.9998933401611544 0.014605078083846798 -1.6672863355748255e-08 2.598672847566937 -0.014605078083839837 0.9998933401610882 3.635404385189516e-07 -0.3585158948573239 2.1980621521986762e-08 -3.632581548823622e-07 0.9999999999999338 -1.0040369126909528e-06
1607108470752364 1606417115778414 0.9999816949585 0.0060505993410158295 7.570963287725651e-08 4.347420529768553 -0.006050599341123151 0.9999816949573659 1.5072574484525002e-06 -0.319328735204202 -6.658843608469768e-08 -1.5076879466937927e-06 0.9999999999988612 -1.1196552394496724e-05
1607108471002374 1606417117279052 0.9996002700257051 0.028271897159455005 9.062156549127367e-08 -5.773593992087664 -0.028271897159321015 0.9996002700249427 -1.240857950896479e-06 -0.4682164161205635 -1.2566674971211351e-07 1.237799899196914e-06 0.9999999999992261 -1.040329524312818e-06
1607108471252368 1606417117279052 0.9998006109747654 0.019968432561156758 -4.472056372428205e-08 -3.9884123168993377 -0.01996843256105539 0.9998006109559476 -6.134609898718904e-06 -0.4812226459055674 -7.778689711757959e-08 6.134279724378126e-06 0.9999999999811823 1.4152313273409883e-05
1607108471502375 1606417117279052 0.9999383068244253 0.011107769782687139 1.468939149954237e-07 -2.1937343413856034 -0.011107769781917185 0.9999383068143946 -4.483170723540325e-06 -0.4794558404839201 -1.966828809350015e-07 4.481262478701606e-06 0.9999999999899398 6.315350574683148e-06
1607108471752378 1606417117279052 0.9999998969705127 -0.0004539420834407676 -1.2014412096647373e-07 -0.3921803328719811 0.00045394208090949984 0.999999896764672 -2.029033471137152e-05 -0.42027901423735875 1.2935474537758374e-07 2.0290278082351143e-05 0.9999999997941439 4.383976015571235e-05
1607108472001753 1606417117279052 0.9999252758151007 -0.01222467956672544 2.2633627273470844e-07 1.4472865596390678 0.012224679567320432 0.9999252758110664 -2.84677688397067e-06 -0.3606676683211404 -1.9151842473534963e-07 2.8493310492907083e-06 0.9999999999959223 -7.325546870453302e-06
1607108472251763 1606417117279052 0.9996153048102029 -0.027735219371620257 2.8100467338626656e-07 3.266687802592726 0.027735219371372834 0.9996153048098886 8.489264642007091e-07 -0.25675136886998173 -3.0444173395431537e-07 -8.408061600108137e-07 0.9999999999996002 -6.949487074648833e-06
1607108472502389 1606417117279052 0.9986500912915259 -0.05194222913861335 6.530536356834411e-08 5.1184659173411635 0.051942229138578475 0.998650091287129 -2.964658304533143e-06 -0.15102708697318198 8.877375368249504e-08 2.96404839262203e-06 0.9999999999956033 -8.732157731619442e-07
1607108472752397 1606417118778455 0.9931755044527676 0.11662940177860075 4.7120103523919213e-07 -4.689390617629873 -0.11662940177932324 0.9931755044507216 2.029100503469394e-06 -0.31016272313956444 -2.3133254800257813e-07 -2.0702088109717027e-06 0.9999999999978304 -5.971815319312176e-06
1607108473002398 1606417118778455 0.9965376898469572 0.08314224388851758 -3.7098290101712266e-07 -2.864735195772684 -0.08314224388912321 0.9965376898446879 -2.13520639120563e-06 -0.42783296405114685 1.9217259262111257e-07 2.158657995268757e-06 0.9999999999976517 -7.935715362994933e-06
1607108473252403 1606417118778455 0.9989326657987693 0.04619014185544743 -5.862418818445599e-08 -1.0155066319339454 -0.04619014185547896 0.9989326657984727 -7.698147628532025e-07 -0.5115021277912729 2.30037634847116e-08 7.717009727948764e-07 0.999999999999702 -6.957391622883961e-06
1607108473502407 1606417118778455 0.9999933403477274 0.003649556775652425 -3.338292075262683e-08 0.8188495161087255 -0.0036495567756767732 0.9999933403474397 -7.58866248915581e-07 -0.507001577762472 3.061317297334438e-08 7.589830279931726e-07 0.9999999999997115 -2.6352286914756274e-06
1607108473752409 1606417118778455 0.9991255787460994 -0.04181002152276601 -5.377770715635101e-08 2.64998224243398 0.041810021522747556 0.9991255787460546 -3.0665318398172804e-07 -0.3997599211226139 6.655185900837737e-08 3.04136592825748e-07 0.9999999999999515 3.5303236581957404e-06
1607108474002417 1606417118778455 0.9959831239495514 -0.08954114591715949 -1.3667099368184163e-08 4.42567003017375 0.08954114591713613 0.9959831239491563 8.893503589544128e-07 -0.2368797439012137 -6.602124993841945e-08 -8.870017165338811e-07 0.9999999999996044 1.7362306986087898e-05
1607108474252422 1606417120279103 0.9812859434274477 0.1925562183783328 -7.182268436255928e-08 -4.924852997490159 -0.19255621837830136 0.9812859434268952 -1.0492885516337464e-06 -0.512758345351622 -1.3156844490581267e-07 1.0434820108098442e-06 0.9999999999994469 -1.5263958799970665e-05
1607108474501794 1606417120279103 0.9908625427758279 0.13487557721109045 -5.114272277010593e-07 -3.1331363146033464 -0.13487557721198384 0.9908625427721767 -2.693624735305597e-06 -0.7642174374342667 1.4344989231806395e-07 2.737990897040761e-06 0.9999999999962415 -4.4988148383603944e-05
1607108474751797 1606417120279103 0.9970944155622251 0.07617562903594731 2.611720517838687e-07 -1.2914787141856847 -0.0761756290357312 0.9970944155619886 -7.564104881037681e-07 -0.9062876235881482 -3.1803323907454413e-07 7.343177282281359e-07 0.9999999999996798 -1.6626949629297733e-05
1607108475001801 1606417120279103 0.9999367264574072 0.011249137077589583 1.058064192553577e-06 0.5761410780824412 -0.011249137080660696 0.999936726453602 2.9427888398389614e-06 -0.9204547938821326 -1.0248934100277648e-06 -2.9545049482995375e-06 0.9999999999951102 5.483303536894242e-05
1607108475251175 1606417120279103 0.9981318447072283 -0.06109681322139147 -3.6680450004877467e-08 2.4014181874504157 0.06109681322136253 0.9981318447070827 -5.43267608764175e-07 -0.833016001668295 6.980384484979483e-08 5.400116419014416e-07 0.9999999999998518 -6.784903654274527e-06
1607108475501182 1606417120279103 0.9916822808291081 -0.1287099603484272 1.072391655017016e-06 4.229382820189663 0.12870996034401008 0.9916822808241299 3.487139261208962e-06 -0.5990399407115096 -1.5123013584203079e-06 -3.3201067287265345e-06 0.9999999999933449 0.00010546507369993722
1607108475751814 1606417121777871 0.9823407270564142 0.1871007642101561 1.64832640929083e-06 -4.8557374252796395 -0.18710076421367855 0.9823407270543558 2.3328136257808925e-06 -0.7463449676531833 -1.182746951179538e-06 -2.6000209640828092e-06 0.9999999999959205 5.121000668559774e-05
1607108476001193 1606417121777871 0.9938575529371626 0.1106669076372362 -5.313369690428302e-06 -3.1122619827978615 -0.11066690768432805 0.9938575528999077 -9.584382432569145e-06 -0.9314329222753711 4.220058632747103e-06 1.0113525063847859e-05 0.9999999999399538 -0.00035273556273740097
1607108476250573 1606417121777871 0.9993047318998973 0.037283411833369175 -3.0005412811623856e-06 -1.2848151591565602 -0.03728341185451867 0.9993047318767176 -7.3316546840750064e-06 -0.9694715781558995 2.7251059994445185e-06 7.4384276348076475e-06 0.9999999999686218 -0.00024650558755316573
1607108476501198 1606417121777871 0.9994397139227097 -0.03347025883551997 -3.4699960753851887e-06 0.49919096788598527 0.0334702588027028 0.9994397138882266 -9.119480997546257e-06 -0.9029808423270181 3.7732832742013097e-06 8.998229812603618e-06 0.9999999999523971 -0.0003376204960929431
1607108476751245 1606417121777871 0.9944162048647915 -0.10552919741214684 -5.644730031345727e-07 2.24186272870344 0.10552919740977278 0.9944162048598594 -3.2601473483200223e-06 -0.6675790048864402 9.053618346344568e-07 3.1823749704290297e-06 0.9999999999945264 -7.290244896514203e-05
1607108477001203 1606417121777871 0.9843082417830336 -0.1764576015945778 -1.3957044110199456e-06 3.964004685728168 0.17645760158616838 0.9843082417739273 -4.779348770280092e-06 -0.31150857531728315 2.217155776029826e-06 4.458069732040531e-06 0.9999999999876049 -0.0002655751362957876
1607108477250578 1606417123279142 0.9987049192925023 0.050877141094665054 2.644722076617574e-05 -5.010030010611085 -0.05087714232894166 0.9987049184116816 4.8303437725056723e-05 -0.7835114240617992 -2.395542864095073e-05 -4.958643988976813e-05 0.9999999984836612 -6.42242262171089e-07
1607108477499962 1606417123279142 0.9998226991662653 0.0188300255797677 1.9313586262464908e-05 -3.2295771803532465 -0.01883002628346409 0.9998226986577166 3.69246566602186e-05 -0.7130639279352078 -1.8614869708218788e-05 -3.7281785224674234e-05 0.9999999991317775 -0.0006073261577933571
1607108477750593 1606417123279142 0.9999979508391733 -0.0020243529223665352 1.7809144764514255e-05 -1.4643738901737227 0.0020243523144161664 0.9999979504179549 3.408902409720352e-05 -0.6663660781191171 -1.7878116478724287e-05 -3.405290225981208e-05 0.9999999992603864 -0.0008738280092911333
1607108478001219 1606417123279142 0.9999399966164675 -0.010954582646515165 1.703423041056446e-05 0.3408645208307964 0.010954582162216332 0.9999399963672734 2.8268954938349144e-05 -0.6001655475698642 -1.7342882898023108e-05 -2.8080655828738598e-05 0.9999999994553506 -0.0006922246648417542
1607108478251255 1606417123279142 0.9998576678282111 -0.016871391475962852 1.5468074566451522e-05 2.091994506055375 0.016871391059211618 0.9998576675987019 2.6688500918250973e-05 -0.5880433707363899 -1.591614510511789e-05 -2.6423734350950838e-05 0.9999999995242312 -0.0008798909221145545
1607108478501857 1606417123279142 0.9998080366669264 -0.01959310576284322 -5.220883684396186e-06 3.8546918058373643 0.019593105762913603 0.9998080366805555 -3.765771228097458e-08 -0.6219325260227021 5.220619297761548e-06 -6.464284282306182e-08 0.9999999999863705 -0.0025278415689800036
1607108478751854 1606417123279142 0.9998487049625393 -0.01739445288270449 1.4075156468500694e-05 5.629844217373113 0.017394452587617237 0.9998487048499164 2.0822754858288854e-05 -0.5903274905677346 -1.4435227393828613e-05 -2.0574774836912042e-05 0.9999999996841514 -0.0011660062718880473
1607108479001856 1606417124779173 0.9992579224925653 -0.03851758481040506 -8.254306598688114e-07 -3.6732610307326645 0.038517584798728625 0.9992579224302707 -1.1228416747139051e-05 -0.7256518324407506 1.2573096206324257e-06 1.118829079616495e-05 0.9999999999366207 8.468657086348353e-05
1607108479251858 1606417124779173 0.999517857890869 -0.031049182941081124 6.367753781056727e-07 -1.8559888277372882 0.031049182941050024 0.999517857891071 5.8561339789502704e-08 -0.6024097341324198 -6.382866436329327e-07 -3.8761749694378277e-08 0.9999999999997955 8.987054755545815e-05
1607108479501871 1606417124779173 0.9999033513008011 -0.0139028076967207 2.0041016308909692e-07 0.03211775104613613 0.013902807696708807 0.9999033513008194 6.029786093412328e-08 -0.4911282283238482 -2.0122910327217316e-07 -5.750576926627783e-08 0.9999999999999781 4.7467150266986156e-05
1607108479751866 1606417124779173 0.9999933090897807 0.003658111356534934 -1.1996354416012278e-06 1.8501889105857292 -0.0036581113574094327 0.9999933090902322 -7.275336027439606e-07 -0.42080385502213496 1.1969660160116117e-06 7.31917134913967e-07 0.9999999999990158 -6.912493664965929e-05
1607108480002494 1606417124779173 0.9997434082494868 0.022652100693063223 -5.97229166062696e-07 3.748594532736677 -0.02265210069259647 0.9997434082493735 7.771356989038239e-07 -0.4254772797508568 6.146796780878238e-07 -7.634077970865425e-07 0.9999999999995197 2.673285810307618e-05
1607108480252502 1606417124779173 0.9992840015374871 0.03783496099208615 -1.5557361205410871e-06 5.65238053250523 -0.03783496099020993 0.9992840015380263 1.218288844462255e-06 -0.4620707507099906 1.6007161267752901e-06 -1.158555336088407e-06 0.9999999999980478 -2.1561598351299923e-06
1607108480502504 1606417126278559 0.99809514119252 -0.06169350964499816 -1.7804232159895926e-07 -4.192057604594459 0.06169350964507668 0.9980951411924173 4.761478010210439e-07 -0.57217309526721 1.483279471594722e-07 -4.862248623723181e-07 0.9999999999998708 -2.7171959729944855e-06
1607108480751884 1606417126278559 0.9989806203998239 -0.045141112856900804 2.984449568959026e-07 -2.2713677668990346 0.04514111285677156 0.9989806203997832 4.262830359986029e-07 -0.42569971967542714 -3.173836188313414e-07 -4.123763542861122e-07 0.9999999999998646 3.063265134785539e-05
1607108481001887 1606417126278559 0.9995830205224541 -0.02887533700346674 -7.804404616926977e-07 -0.3904281863913913 0.02887533700314529 0.9995830205226796 -4.1996816006270655e-07 -0.3106772202843548 7.922417561876678e-07 3.9725756061558616e-07 0.9999999999996073 7.32248948306406e-06
1607108481251899 1606417126278559 0.9999361460602186 -0.011300610899117625 -9.576949458591914e-08 1.4432189009120362 0.011300610899121448 0.9999361460602222 4.015450330356396e-08 -0.22292217820482715 9.530960890848578e-08 -4.123419307455664e-08 0.9999999999999946 1.4262663737285365e-05
1607108481501267 1606417126278559 0.9999480216169645 0.01019578652821038 -2.419811065274993e-06 3.3064586567691174 -0.010195786531126865 0.9999480216191472 -1.1959662969834834e-06 -0.19619667798626983 2.4074914703495087e-06 1.2205760096536571e-06 0.9999999999963571 -6.133998249740256e-05
1607108481751901 1606417126278559 0.9995331254758324 0.03055374085846749 7.301345431161901e-07 5.178186463622006 -0.03055374085929467 0.9995331254754121 1.1498794623358765e-06 -0.16636775100173948 -6.946605427862548e-07 -1.1716509545292223e-06 0.9999999999990723 7.694750416467495e-05
1607108482001906 1606417127779204 0.9953068121670084 -0.09676956988645245 1.550399111592384e-06 -4.525202794729545 0.09676956988518624 0.9953068121679569 8.720237350029657e-07 -0.1997496787295962 -1.62750815911043e-06 -7.17899708638996e-07 0.9999999999984179 3.998674749028776e-05
1607108482251297 1606417127779204 0.9974280184866763 -0.07167529519060455 1.244073291028682e-06 -2.7117068882357636 0.07167529519042312 0.9974280184874469 1.8981494301615987e-07 0.004266784642430197 -1.2544785995933658e-06 -1.001574221185429e-07 0.9999999999992081 5.51199116648034e-05
1607108482501905 1606417127779204 0.99906559146345 -0.04321971722192377 1.2285925396201098e-06 -0.8569616195602339 0.04321971722104449 0.999065591463974 7.334040458476644e-07 0.12676192576441642 -1.2591420477319319e-06 -6.796193247026981e-07 0.9999999999989764 2.3947013496515198e-05
1607108482751914 1606417127779204 0.9998700216532387 -0.016122648741915283 1.0781996293007402e-06 0.928124046588853 0.016122648740228555 0.9998700216526375 1.555144622338467e-06 0.22227789459568156 -1.1031325371811802e-06 -1.5375590533129837e-06 0.9999999999982095 1.722917446284279e-05
1607108483001918 1606417127779204 0.9998923083332528 0.01467554901154381 1.2941150647410427e-06 2.8196640954214662 -0.014675549013627399 0.9998923083327543 1.615472348188087e-06 0.2204599115354316 -1.2702677557066425e-06 -1.6342902243365635e-06 0.9999999999978577 2.801610290494202e-05
1607108483251917 1606417127779204 0.9990686418653759 0.04314914652099843 -4.980148032550359e-07 4.700447472791121 -0.043149146520367436 0.9990686418647882 1.2150781691902715e-06 0.17794722232244792 5.499805590722008e-07 -1.1924575825355648e-06 0.9999999999991378 -4.528841811884781e-05
1607108483501923 1606417129279226 0.9993930439451442 -0.03483595437756642 1.062457048097785e-06 -4.436521841207501 0.03483595437651411 0.9993930439452517 9.933250902958905e-07 0.08392281336549039 -1.0964156108847224e-06 -9.557104803612222e-07 0.9999999999989423 1.935492896615847e-05
1607108483751924 1606417129279226 0.9999039573034769 -0.013859154792969485 1.3178684383406989e-06 -2.605716867463552 0.013859154791619959 0.9999039573038357 1.0276506409272944e-06 0.1384768533813672 -1.3319842360054173e-06 -1.0092873999044554e-06 0.9999999999986036 3.242847116452781e-05
1607108484001941 1606417129279226 0.9999710099151071 0.00761441618382458 7.652130932016848e-08 -0.7688121395914037 -0.007614416183811042 0.9999710099150944 -1.7649552624884838e-07 0.19200181713549272 -7.786300135218439e-08 1.759077445320716e-07 0.9999999999999815 -2.27849211370577e-06
1607108484251932 1606417129279226 0.9996360705287177 0.026976406351842546 -1.6462332096000505e-06 1.078218521153824 -0.026976406355523036 0.9996360705274282 -2.2559819687241597e-06 0.17099376669215247 1.584775810502077e-06 2.299570406412055e-06 0.9999999999961002 -3.303604727113251e-05
1607108484501938 1606417129279226 0.9989455273645498 0.04591114634020753 2.1343092074868615e-06 2.918793451768355 -0.045911146342295525 0.9989455273662916 9.397656873748694e-07 0.13342571182558982 -2.0889129168324588e-06 -1.0367633125361167e-06 0.9999999999972807 3.458550031791991e-05
1607108484752575 1606417129279226 0.9979712809962386 0.06366570744691563 2.5447912216447407e-06 4.863056238783698 -0.0636657074493828 0.9979712809989193 9.00430698714354e-07 0.05963268386464312 -2.482301997893493e-06 -1.0606199112789296e-06 0.9999999999963566 4.6862812149826394e-05
1607108485001944 1606417130779254 0.999999907288594 0.00043061263727285084 1.5993785139438963e-07 -3.4629609879469716 -0.0004306126371769709 0.9999999072884269 -5.994355046573402e-07 -0.22353595153131936 -1.6019596106942883e-07 5.993665778215333e-07 0.9999999999998076 8.432721982192548e-06
1607108485251949 1606417130779254 0.9998724885923893 0.015968924835105643 3.725328168379801e-07 -1.5969610961037468 -0.015968924835013713 0.9998724885924289 -2.4862415946734186e-07 -0.1587730605242537 -3.7645557516802356e-07 2.4264350849959875e-07 0.9999999999998997 -1.361845080985652e-06
1607108485502581 1606417130779254 0.9996759023236775 0.025457618066069488 4.571398751715819e-07 0.25456626075640504 -0.025457618066058618 0.9996759023237815 -2.971508700076026e-08 -0.20195704831889014 -4.577481925349754e-07 1.8067764065186757e-08 0.9999999999998951 4.553483023554813e-06
1607108485751958 1606417130779254 0.9990246382172591 0.04415622537124798 5.51240703846306e-07 2.0551815071962296 -0.044156225370967625 0.9990246382172926 -5.109073015415681e-07 -0.21207767267713643 -5.732627826801083e-07 4.860682733313464e-07 0.9999999999997176 -2.3707139116933784e-06
1607108486001959 1606417130779254 0.9977655193536303 0.06681293582403738 1.3705348633137673e-07 3.855351916186883 -0.06681293582389235 0.9977655193532634 -8.774329946943555e-07 -0.25140835041426357 -1.9537111733257304e-07 8.663154418605913e-07 0.9999999999996056 1.1703096037902289e-05
1607108486251972 1606417130779254 0.9953057516180817 0.0967804773677128 9.532996039037571e-07 5.635055803776194 -0.09678047736839596 0.9953057516182264 6.984738380570029e-07 -0.38300399387009265 -8.812259473028034e-07 -7.87455819112042e-07 0.9999999999993017 -3.5066176052276184e-05
1607108486501964 1606417132528647 0.8656292337941929 -0.5006855596130848 -5.257122310743185e-07 -1.3288498602815177 0.5006855596132231 0.865629233794256 1.6747756733565677e-07 1.0554978941582285 3.7121827625621106e-07 -4.081900009005296e-07 0.9999999999998478 5.229816611933775e-06
1607108486751973 1606417132528647 0.8896580588203715 -0.4566273517655472 -1.3042575667935864e-07 0.11460781248999195 0.4566273517652045 0.8896580588199905 -1.003739717546053e-06 1.784326060978734 5.74369334591157e-07 8.334291607966001e-07 0.9999999999994877 4.708512162420877e-05
1607108487001970 1606417132528647 0.9182450323543048 -0.39601270252492393 -1.1692072284854943e-07 1.5958736750226028 0.3960127025249363 0.9182450323542992 1.1566861849341131e-07 2.4615763015218235 6.155563072791674e-08 -1.5251422576694279e-07 0.9999999999999865 -7.596447727822664e-06
1607108487251975 1606417132528647 0.9430233469705854 -0.332726565024135 -3.1742162239124113e-07 3.002907715075733 0.33272656502422354 0.9430233469705642 2.8520600728813744e-07 2.996629708509644 2.0444038561852799e-07 -3.74570529650794e-07 0.999999999999909 7.30143596811241e-06
1607108487501983 1606417132528647 0.9690332459273703 -0.24693029034916683 7.9488307951753e-08 4.370287063761213 0.24693029034915023 0.9690332459273617 1.7571616146731987e-07 3.4116277496200924 -1.2041645583765854e-07 -1.5064673134634946e-07 0.9999999999999815 -9.199018741924816e-06
1607108487751987 1606417132528647 0.9893878791315028 -0.14529839858642046 -5.948489497953221e-07 5.699776431923585 0.1452983985847164 0.9893878791292792 -2.2910500885132933e-06 3.6958912077243165 9.214222497804732e-07 2.1803065882482805e-06 0.9999999999971986 0.00013598114958774302
1607108488001990 1606417132528647 0.9995864421184574 -0.02875664683293012 -5.962812475421084e-07 7.022292307666002 0.028756646831814735 0.9995864421170437 -1.8015166228568507e-06 3.6826174653621546 6.478402280174266e-07 1.7836245422067544e-06 0.9999999999981994 0.00012816446629574125
1607108488251991 1606417132528647 0.9948808244868513 0.10105515856385182 6.805631049802603e-07 8.2549408710142 -0.10105515856581372 0.9948808244782492 4.1451557033344404e-06 3.671469217674751 -2.5818981611934824e-07 -4.192710336238204e-06 0.9999999999911773 -0.0002972043156534358
1607108488502616 1606417133529918 0.9124203913862065 -0.40925423563708463 -4.615754247315245e-07 1.8067865407444157 0.4092542356367767 0.91242039138248 2.69536670874332e-06 7.498470404202985 -6.819394124607977e-07 -2.648209244952239e-06 0.999999999996261 -0.00018136270964869665
1607108488752622 1606417133529918 0.9644962336677227 -0.2640966021062278 1.0898425703720308e-06 2.9135418666615482 0.2640966021071172 0.964496233667786 -7.717977978346265e-07 7.7261135768415174 -8.473198784915566e-07 1.0322197888291754e-06 0.9999999999991083 0.00010723745947532433
1607108489002631 1606417133529918 0.9939393574016427 -0.10992976762136925 1.785177745351778e-06 3.9917853948500537 0.10992976762527301 0.9939393574002454 -2.2595589441243115e-06 7.8982177784592915 -1.5259656314023858e-06 2.4421087396449304e-06 0.9999999999958538 0.0002748632382931618
1607108489252633 1606417133529918 0.9987721727993659 0.04953934643685109 8.420782025547661e-07 5.053834777102261 -0.04953934643860819 0.9987721727971831 2.212378402459154e-06 7.848412090902462 -7.314444959003103e-07 -2.2513779878782525e-06 0.9999999999971981 -0.00010667759600060248
1607108489503255 1606417133529918 0.976108383390771 0.21728420049087757 9.785775877720094e-06 6.05483884602155 -0.21728419946417896 0.9761083816238272 -6.317744005294345e-05 7.637587246410555 -2.327943740584706e-05 5.954173439898674e-05 0.9999999979564248 0.007207860114816999
1607108489753258 1606417134279918 0.9847947447858584 -0.1737219348108845 -3.4906036575874916e-06 -0.44203717193586317 0.17372193479923398 0.9847947447882156 -3.404244571739604e-06 9.49243924050206 4.028920091693746e-06 2.746087743195434e-06 0.9999999999881134 0.0012100555741176471
1607108490003889 1606417134279918 0.9999931315470253 -0.003706302607733878 -1.3572738640275307e-05 0.6068810823287646 0.0037063026550164303 0.9999931316329735 3.4601520617232187e-06 9.475198914368477 1.3559821047084885e-05 -3.510432973082308e-06 0.999999999901904 0.0002489889096061346
1607108490253896 1606417134279918 0.9857829645633903 0.16802364943353812 -3.4806296673639467e-06 1.5777286342546568 -0.16802364941952616 0.9857829645638462 3.990493284753783e-06 9.307404098609387 4.101642676778104e-06 -3.3489322013190477e-06 0.9999999999859805 -2.7748010531880976e-05
1607108490503941 1606417135029312 0.9716163127410461 -0.23656234020570258 -4.044862778446067e-06 -5.301655546653596 0.23656234013220104 0.9716163126719625 -1.3615472107428777e-05 8.449152018492297 7.150962602780691e-06 1.2272152600838267e-05 0.999999999899129 -1.718968412004281e-06
1607108490754527 1606417135029312 0.9985091052007622 -0.05458540829378597 -6.086028081498492e-06 -4.198379750641856 0.05458540820190261 0.9985091051210713 -1.4360163179245635e-05 8.505748572617453 6.860809823687953e-06 1.4006545359457385e-05 0.999999999878373 -2.825612622596768e-05
1607108491003905 1606417135029312 0.9909192768265195 0.13445812291587592 -1.1122301448595772e-07 -3.04344103423217 -0.1344581228969365 0.9909192766723619 -1.7624424095436943e-05 8.326972402205085 -2.259533952277008e-06 1.7479336416845953e-05 0.9999999998446837 0.00015617496755477165
1607108491254536 1606417135029312 0.9503000969635939 0.31133539033659485 -2.0962101956546104e-05 -1.8362811232793246 -0.3113353898616479 0.9503000970695198 2.310459077033843e-05 7.938050710081776 2.7113564310077002e-05 -1.5430050664361415e-05 0.9999999995133841 -0.005627746721037424
1607108491504540 1606417135779944 0.9976182645481212 -0.0689767823065889 -4.1798206583124436e-05 -7.346076852296097 0.06897678143812554 0.9976182652439406 -2.1876303723998004e-05 5.513619427373232 4.3207611381310997e-05 1.8941094395830447e-05 0.9999999988871686 -0.001319808984113096
1607108491755164 1606417135779944 0.9968383697577451 0.07945594379194303 -0.00013258702106836538 -6.06510357552707 -0.07945594908312746 0.9968383775348526 -3.512046746440708e-05 5.4534224232188615 0.00012937730107488108 4.55442571273395e-05 0.9999999905936172 -0.0024070364773367938
1607108492005801 1606417135779944 0.9804042828642584 0.19699604244384109 -3.751465087245072e-05 -4.7056824257009255 -0.19699604331380186 0.9804042831807032 -2.1073761985950133e-05 5.194574570584305 3.2628076686670896e-05 2.8051044295196342e-05 0.9999999990742737 -0.0009818122156622115
1607108492255805 1606417135779944 0.9586808179044984 0.28448388544072845 -9.116454264113408e-05 -3.2926109758530293 -0.28448389015156234 0.9586808198566709 -4.3446983193724315e-05 4.818313117410029 7.503773189126457e-05 6.758663311792956e-05 0.9999999949006929 -0.0013074646194405019
1607108492505800 1606417135779944 0.9340512872640025 0.3571388984049686 3.31829779130672e-06 -1.9045936213907055 -0.3571388980416426 0.9340512866610375 -3.737548136955085e-05 4.290697744012102 -1.6447698565134612e-05 3.372552326870411e-05 0.9999999992960311 -6.708823036211986e-06
1607108492756432 1606417135779944 0.9072519235118712 0.4205876211257542 -1.5628629659593942e-05 -0.4403766025904255 -0.4205876214124211 0.9072519230334963 -2.951491015772954e-05 3.6874508604055483 1.7654984620611702e-06 3.335066718726997e-05 0.999999999442308 0.000506409336723707
1607108493007061 1606417135779944 0.8850642738753898 0.4654688283065842 -3.1445036036502885e-05 1.0187724710451767 -0.46546882913029825 0.8850642735646959 -2.778365499403294e-05 2.9068352970024742 1.4898452640682952e-05 3.922700453868156e-05 0.9999999991196391 0.00028543274581837376
1607108493257693 1606417135779944 0.8700075809897246 0.4930383393356427 7.049840152243736e-05 2.5149342862487956 -0.4930383385976818 0.8700075837909393 -2.8697640236324473e-05 2.186047387241189 -7.548318085445981e-05 -9.791250198274903e-06 0.9999999971032104 0.00040502392293656145
1607108493507690 1606417137779972 0.9977413181613249 0.06717326642489582 0.00011964939332983159 -6.967813294914035 -0.06717326894128262 0.9977413250189847 1.7133823684238668e-05 2.0600245949816007 -0.00011822820933514134 -2.5132364704605948e-05 0.9999999926952273 0.0014431159789031818
1607108493757694 1606417137779972 0.996621366856107 0.0821330566613868 0.00011015347440755653 -5.304314884289688 -0.0821330593157171 0.9966213725284176 1.9785830666510207e-05 1.9494138845039344 -0.0001081562361013664 -2.8766223450524687e-05 0.9999999937373665 0.0017194579579968587
1607108494007702 1606417137779972 0.9957396235598616 0.0922095278259908 7.110160576894779e-05 -3.5684101631323464 -0.0922095266486264 0.9957396260131435 -1.966994155710644e-05 1.8237528100745115 -7.261244236048955e-05 1.302989478957662e-05 0.9999999972788275 0.0006146944825789266
1607108494257701 1606417137779972 0.9957380264850532 0.09222677402020336 6.90647777559625e-05 -1.7911037294973557 -0.09222677309333041 0.995738028829476 -1.649381007587261e-05 1.6931843900330792 -7.029159655871068e-05 1.0053892307305707e-05 0.9999999974790054 0.0002941058590655685
